0  0.122173  0  0.745385
0.5  0.0917057  -0.0609347  0.605854
1  0.0383441  -0.106723  0.642997
1.5  -0.0246012  -0.125891  0.822682
2  -0.0813969  -0.113591  0.976238
2.5  -0.117866  -0.0729377  0.959808
3  -0.124936  -0.0141412  0.789439
3.5  -0.100854  0.0481646  0.624137
4  -0.051601  0.0985061  0.618277
4.5  0.0105466  0.124295  0.778026
5  0.0700576  0.119022  0.953615
5.5  0.112069  0.0840218  0.980294
6  0.126121  0.0281048  0.833765
6.5  0.108727  -0.0347886  0.651004
7  0.0642042  -0.0890449  0.602487
7.5  0.00364172  -0.121125  0.734225
8  -0.0578312  -0.122946  0.922959
8.5  -0.104854  -0.0940463  0.991453
9  -0.125712  -0.0417152  0.876142
9.5  -0.115224  0.0209754  0.685095
10  -0.0759942  0.0784601  0.596416
10.5  -0.0177839  0.116421  0.693501
11  0.0448722  0.125312  0.885814
11.5  0.0963139  0.102884  0.992711
12  0.123714  0.054801  0.914444
12.5  0.120265  -0.00689856  0.724693
13  0.086822  -0.0668863  0.600355
13.5  0.0317006  -0.110243  0.657915
14  -0.0313446  -0.12609  0.84406
14.5  -0.0865549  -0.110421  0.98399
15  -0.120154  -0.0671972  0.946749
15.5  -0.123786  -0.00726491  0.76781
16  -0.0965509  0.0544701  0.614092
16.5  -0.0452156  0.102671  0.629268
17  0.0174198  0.125271  0.79981
17.5  0.0757004  0.116561  0.965718
18  0.115074  0.0787472  0.971428
18.5  0.125743  0.0213371  0.812282
19  0.105058  -0.0413686  0.636923
19.5  0.0581577  -0.0938012  0.609001
20  -0.00327414  -0.122864  0.75531
20.5  -0.0638874  -0.121227  0.938805
21  -0.10854  -0.0893046  0.987231
21.5  -0.12611  -0.0351412  0.855883
22  -0.112237  0.0277469  0.667689
22.5  -0.070363  0.0837476  0.598129
23  -0.010913  0.1189  0.712816
23.5  0.0512653  0.124357  0.904605
24  0.100633  0.0987351  0.993352
24.5  0.124885  0.0485036  0.896425
25  0.117996  -0.0137765  0.704839
25.5  0.0816774  -0.0726379  0.597187
26  0.0249618  -0.113431  0.674485
26.5  -0.0379936  -0.125911  0.864843
27  -0.0914529  -0.106919  0.989469
27.5  -0.122081  -0.0612558  0.931875
28  -0.122264  -0.000366934  0.746504
28.5  -0.0919578  0.060613  0.60621
29  -0.0386942  0.106527  0.642254
29.5  0.0242405  0.125869  0.821534
30  0.0811157  0.11375  0.975764
30.5  0.117734  0.073237  0.960449
31  0.124987  0.0145058  0.790593
31.5  0.101074  -0.0478251  0.62473
32  0.0519363  -0.0982764  0.617751
32.5  -0.0101801  -0.124233  0.776872
33  -0.0697516  -0.119143  0.952916
33.5  -0.111899  -0.0842953  0.980704
34  -0.12613  -0.0284624  0.834896
34.5  -0.108913  0.0344357  0.651802
35  -0.0645204  0.0887844  0.602205
35.5  -0.00400926  0.121022  0.733123
36  0.0575042  0.123027  0.922071
36.5  0.104649  0.0942906  0.991612
37  0.12568  0.0420613  0.877194
37.5  0.115373  -0.0206134  0.686059
38  0.0762873  -0.0781723  0.596392
38.5  0.0181478  -0.116279  0.692506
39  -0.0445283  -0.125352  0.884783
39.5  -0.0960761  -0.103096  0.99261
40  -0.123642  -0.0551313  0.915364
40.5  -0.120376  0.00653214  0.725774
41  -0.0870883  0.0665747  0.600589
41.5  -0.0320564  0.110064  0.657079
42  0.0309883  0.126089  0.842936
42.5  0.0862871  0.110598  0.983635
43  0.120041  0.0675076  0.94749
43.5  0.123857  0.00763121  0.768954
44  0.0967871  -0.0541388  0.614572
44.5  0.0455587  -0.102457  0.628632
45  -0.0170555  -0.125228  0.798651
45.5  -0.075406  -0.116701  0.965125
46  -0.114923  -0.0790337  0.971953
46.5  -0.125772  -0.0216987  0.813432
47  -0.105261  0.0410217  0.637625
47.5  -0.0584837  0.0935553  0.608598
48  0.00290653  0.12278  0.754174
48.5  0.0635701  0.121327  0.938004
49  0.108352  0.0895635  0.987514
49.5  0.126099  0.0354935  0.85698
50  0.112404  -0.0273888  0.668578
50.5  0.0706679  -0.0834727  0.597978
