0.122173  0  0.745385
0.121868  -0.00609347  0.743533
0.12126  -0.0121718  0.741704
0.120349  -0.01822  0.739916
0.119138  -0.0242229  0.738187
0.117629  -0.0301657  0.736534
0.115828  -0.0360336  0.734974
0.113737  -0.041812  0.733521
0.111363  -0.0474866  0.732192
0.108711  -0.0530433  0.730997
0.105787  -0.0584681  0.729951
0.1026  -0.0637476  0.729062
0.0991564  -0.0688686  0.728341
0.0954655  -0.0738183  0.727794
0.0915362  -0.0785843  0.727426
0.0873785  -0.0831547  0.727243
0.0830026  -0.0875181  0.727245
0.0784194  -0.0916635  0.727432
0.0736404  -0.0955804  0.727804
0.0686774  -0.0992591  0.728356
0.0635429  -0.10269  0.729082
0.0582497  -0.105865  0.729976
0.0528109  -0.108776  0.731029
0.0472401  -0.111415  0.732231
0.0415513  -0.113777  0.733568
0.0357586  -0.115854  0.735029
0.0298765  -0.117641  0.736598
0.0239198  -0.119135  0.73826
0.0179033  -0.120331  0.739998
0.011842  -0.121226  0.741795
0.00575108  -0.121818  0.743632
-0.000354182  -0.122105  0.745492
-0.00645856  -0.122088  0.747355
-0.0125468  -0.121765  0.749203
-0.0186037  -0.121137  0.751017
-0.024614  -0.120207  0.75278
-0.0305629  -0.118977  0.754473
-0.0364353  -0.117449  0.75608
-0.0422167  -0.115627  0.757584
-0.0478925  -0.113517  0.75897
-0.0534487  -0.111123  0.760226
-0.0588713  -0.108452  0.761337
-0.0641468  -0.10551  0.762293
-0.0692621  -0.102305  0.763085
-0.0742044  -0.098845  0.763704
-0.0789613  -0.0951382  0.764146
-0.083521  -0.0911942  0.764404
-0.0878721  -0.087023  0.764477
-0.0920039  -0.082635  0.764365
-0.0959059  -0.0780413  0.764068
-0.0995686  -0.0732534  0.763589
-0.102983  -0.0682832  0.762934
-0.10614  -0.0631431  0.762108
-0.109032  -0.0578461  0.761121
-0.111652  -0.0524053  0.759982
-0.113994  -0.0468343  0.758703
-0.116052  -0.0411469  0.757296
-0.117819  -0.0353573  0.755775
-0.119293  -0.02948  0.754156
-0.12047  -0.0235294  0.752454
-0.121346  -0.0175205  0.750687
-0.121919  -0.0114681  0.748872
-0.122189  -0.0053872  0.747026
-0.122153  0.000707039  0.745169
-0.121813  0.00679953  0.743319
-0.12117  0.0128751  0.741494
-0.120224  0.0189188  0.739712
-0.118978  0.0249155  0.737991
-0.117435  0.0308504  0.736348
-0.1156  0.0367087  0.7348
-0.113476  0.0424758  0.733361
-0.111069  0.0481374  0.732046
-0.108385  0.0536795  0.730868
-0.105431  0.0590881  0.729839
-0.102213  0.0643499  0.72897
-0.0987408  0.0694517  0.728268
-0.0950218  0.0743807  0.727742
-0.0910655  0.0791247  0.727396
-0.0868819  0.0836717  0.727234
-0.0824814  0.0880103  0.727257
-0.0778749  0.0921297  0.727466
-0.073074  0.0960195  0.727859
-0.0680905  0.0996699  0.728431
-0.0629369  0.103072  0.729177
-0.057626  0.106217  0.73009
-0.0521712  0.109096  0.731161
-0.046586  0.111704  0.732379
-0.0408844  0.114032  0.733732
-0.0350806  0.116076  0.735206
-0.0291892  0.117829  0.736787
-0.0232247  0.119289  0.738458
-0.0172022  0.12045  0.740204
-0.0111367  0.12131  0.742006
-0.00504341  0.121867  0.743847
0.00106253  0.122119  0.745708
0.00716582  0.122066  0.74757
0.0132512  0.121708  0.749416
0.0193034  0.121045  0.751225
0.0253074  0.12008  0.75298
0.0312482  0.118815  0.754664
0.0371108  0.117252  0.75626
0.0428807  0.115397  0.757751
0.0485434  0.113254  0.759123
0.0540848  0.110828  0.760362
0.059491  0.108125  0.761456
0.0647486  0.105152  0.762393
0.0698444  0.101917  0.763166
0.0747658  0.0984275  0.763765
0.0795004  0.0946927  0.764185
0.0840365  0.0907219  0.764422
0.0883628  0.086525  0.764474
0.0924684  0.0821126  0.76434
0.0963432  0.0774957  0.764021
0.0999775  0.072686  0.763522
0.103362  0.0676955  0.762847
0.106489  0.0625366  0.762002
0.10935  0.0572222  0.760997
0.111938  0.0517655  0.759841
0.114248  0.0461803  0.758546
0.116272  0.0404803  0.757125
0.118006  0.0346799  0.755592
0.119445  0.0287933  0.753962
0.120587  0.0228352  0.752252
0.121428  0.0168204  0.750478
0.121966  0.010764  0.748659
0.1222  0.00468076  0.746811
0.122129  -0.00141405  0.744954
0.121754  -0.00750536  0.743106
0.121075  -0.013578  0.741285
0.120094  -0.019617  0.739509
0.118814  -0.0256073  0.737796
0.117237  -0.0315341  0.736164
0.115368  -0.0373825  0.734627
0.113211  -0.0431381  0.733202
0.110772  -0.0487866  0.731902
0.108056  -0.0543139  0.730741
0.105071  -0.0597062  0.72973
0.101824  -0.0649501  0.72888
0.0983219  -0.0700325  0.728198
0.0945749  -0.0749407  0.727692
0.0905918  -0.0796624  0.727367
0.0863825  -0.0841858  0.727227
0.0819575  -0.0884995  0.727272
0.0773278  -0.0925928  0.727502
0.0725051  -0.0964553  0.727916
0.0675012  -0.100077  0.728509
0.0623287  -0.10345  0.729275
0.0570005  -0.106564  0.730207
0.0515299  -0.109413  0.731295
0.0459304  -0.111988  0.732529
0.0402163  -0.114284  0.733897
0.0344015  -0.116294  0.735384
0.0285008  -0.118014  0.736976
0.0225289  -0.119439  0.738657
0.0165007  -0.120565  0.74041
0.0104312  -0.12139  0.742218
0.00433557  -0.121912  0.744062
-0.00177085  -0.122128  0.745924
-0.00787285  -0.12204  0.747786
-0.0139552  -0.121646  0.749628
-0.0200026  -0.120949  0.751432
-0.026  -0.119948  0.75318
-0.0319324  -0.118649  0.754854
-0.037785  -0.117052  0.756438
-0.0435432  -0.115163  0.757916
-0.0491926  -0.112987  0.759274
-0.054719  -0.110528  0.760497
-0.0601087  -0.107794  0.761573
-0.0653482  -0.10479  0.762492
-0.0704244  -0.101525  0.763244
-0.0753248  -0.0980067  0.763823
-0.080037  -0.094244  0.764222
-0.0845493  -0.0902465  0.764437
-0.0888505  -0.086024  0.764468
-0.0929299  -0.0815874  0.764312
-0.0967772  -0.0769475  0.763973
-0.100383  -0.0721162  0.763452
-0.103738  -0.0671055  0.762757
-0.106835  -0.0619279  0.761893
-0.109665  -0.0565963  0.76087
-0.112221  -0.0511241  0.759698
-0.114497  -0.0455248  0.758387
-0.116488  -0.0398125  0.756953
-0.118188  -0.0340012  0.755408
-0.119593  -0.0281056  0.753768
-0.1207  -0.0221402  0.752049
-0.121506  -0.0161198  0.750269
-0.122009  -0.0100595  0.748446
-0.122208  -0.00397416  0.746596
-0.122102  0.00212102  0.744739
-0.121691  0.00821094  0.742893
-0.120977  0.0142805  0.741076
-0.119961  0.0203146  0.739307
-0.118646  0.0262983  0.737603
-0.117036  0.0322167  0.73598
-0.115133  0.0380551  0.734456
-0.112943  0.043799  0.733044
-0.110471  0.0494342  0.73176
-0.107724  0.0549465  0.730616
-0.104708  0.0603223  0.729623
-0.10143  0.0655481  0.728792
-0.0978997  0.0706109  0.72813
-0.0941248  0.0754981  0.727645
-0.0901149  0.0801974  0.727342
-0.0858801  0.0846971  0.727222
-0.0814308  0.0889858  0.727289
-0.0767782  0.0930528  0.727541
-0.0719338  0.096888  0.727976
-0.0669097  0.100482  0.728589
-0.0617185  0.103825  0.729375
-0.056373  0.106908  0.730325
-0.0508867  0.109726  0.731431
-0.0452733  0.112269  0.732681
-0.0395467  0.114532  0.734063
-0.0337213  0.116509  0.735564
-0.0278116  0.118194  0.737167
-0.0218323  0.119585  0.738857
-0.0157985  0.120676  0.740618
-0.0097252  0.121466  0.742431
-0.00362758  0.121952  0.744278
0.00247911  0.122134  0.746141
0.0085796  0.12201  0.748001
0.0146586  0.121581  0.749839
0.020701  0.120848  0.751637
0.0266917  0.119813  0.753378
0.0326156  0.118479  0.755043
0.038458  0.116848  0.756615
0.0442043  0.114926  0.75808
0.0498401  0.112716  0.759423
0.0553514  0.110225  0.760629
0.0607243  0.107459  0.761688
0.0659456  0.104425  0.762588
0.071002  0.10113  0.76332
0.0758812  0.0975827  0.763878
0.0805708  0.0937922  0.764256
0.0850592  0.0897681  0.764451
0.0893352  0.0855202  0.764459
0.0933882  0.0810594  0.764282
0.097208  0.0763968  0.763921
0.100785  0.071544  0.763381
0.104111  0.0665133  0.762665
0.107177  0.0613172  0.761783
0.109975  0.0559686  0.760742
0.112499  0.0504809  0.759553
0.114743  0.0448678  0.758227
0.1167  0.0391432  0.756779
0.118366  0.0333215  0.755222
0.119737  0.027417  0.753572
0.120809  0.0214445  0.751846
0.12158  0.0154187  0.75006
0.122048  0.00935467  0.748232
0.122211  0.00326743  0.746381
0.12207  -0.00282792  0.744524
0.121624  -0.00891625  0.74268
0.120875  -0.0149825  0.740868
0.119824  -0.0210115  0.739106
0.118475  -0.0269884  0.73741
0.11683  -0.0328982  0.735798
0.114893  -0.0387264  0.734286
0.11267  -0.0444585  0.732888
0.110166  -0.0500801  0.73162
0.107388  -0.0555773  0.730493
0.104341  -0.0609364  0.729518
0.101034  -0.0661439  0.728706
0.0974742  -0.071187  0.728065
0.0936716  -0.076053  0.727601
0.0896351  -0.0807297  0.727318
0.0853748  -0.0852055  0.727221
0.0809014  -0.0894691  0.727309
0.0762259  -0.0935097  0.727582
0.07136  -0.0973173  0.728038
0.0663159  -0.100882  0.728671
0.0611061  -0.104196  0.729477
0.0557437  -0.107249  0.730446
0.0502419  -0.110035  0.731569
0.0446146  -0.112546  0.732835
0.0388758  -0.114776  0.734232
0.0330399  -0.116719  0.735745
0.0271213  -0.118371  0.737359
0.021135  -0.119727  0.739058
0.0150958  -0.120783  0.740826
0.00901893  -0.121538  0.742643
0.00291947  -0.121989  0.744493
-0.00318728  -0.122135  0.746357
-0.00928607  -0.121976  0.748215
-0.0153616  -0.121511  0.75005
-0.0213988  -0.120743  0.751843
-0.0273825  -0.119674  0.753575
-0.0332977  -0.118305  0.75523
-0.0391297  -0.11664  0.756791
-0.0448639  -0.114684  0.758243
-0.050486  -0.112442  0.75957
-0.0559819  -0.109918  0.76076
-0.0613379  -0.107121  0.7618
-0.0665407  -0.104056  0.762681
-0.0715773  -0.100731  0.763394
-0.076435  -0.0971553  0.763932
-0.0811019  -0.0933373  0.764288
-0.0855662  -0.0892866  0.764461
-0.0898169  -0.0850135  0.764448
-0.0938434  -0.0805287  0.76425
-0.0976355  -0.0758435  0.763868
-0.101184  -0.0709694  0.763307
-0.10448  -0.0659189  0.762571
-0.107515  -0.0607044  0.76167
-0.110282  -0.055339  0.760611
-0.112774  -0.049836  0.759406
-0.114984  -0.0442093  0.758065
-0.116908  -0.0384727  0.756604
-0.11854  -0.0326406  0.755035
-0.119876  -0.0267275  0.753376
-0.120914  -0.020748  0.751641
-0.12165  -0.014717  0.74985
-0.122082  -0.00864954  0.748018
-0.12221  -0.00256059  0.746165
-0.122033  0.00353472  0.744309
-0.121552  0.00962126  0.742468
-0.120768  0.0156839  0.740661
-0.119683  0.0217077  0.738905
-0.118299  0.0276775  0.737218
-0.11662  0.0335787  0.735617
-0.11465  0.0393965  0.734118
-0.112394  0.0451164  0.732734
-0.109858  0.0507243  0.731482
-0.107048  0.0562062  0.730372
-0.10397  0.0615484  0.729416
-0.100634  0.0667375  0.728623
-0.0970455  0.0717607  0.728002
-0.0932152  0.0766054  0.727559
-0.0891522  0.0812594  0.727297
-0.0848667  0.0857111  0.727221
-0.0803692  0.0899493  0.727331
-0.075671  0.0939635  0.727626
-0.0707839  0.0977434  0.728102
-0.0657199  0.10128  0.728756
-0.0604917  0.104563  0.729581
-0.0551124  0.107586  0.730568
-0.0495954  0.11034  0.731709
-0.0439545  0.112819  0.732991
-0.0382037  0.115016  0.734401
-0.0323574  0.116926  0.735927
-0.0264302  0.118543  0.737552
-0.020437  0.119865  0.73926
-0.0143927  0.120886  0.741034
-0.00831235  0.121606  0.742857
-0.00221126  0.122022  0.744709
0.00389535  0.122132  0.746573
0.00999222  0.121937  0.74843
0.0160641  0.121438  0.75026
0.0220959  0.120635  0.752047
0.0280724  0.11953  0.753771
0.0339787  0.118127  0.755416
0.0398001  0.116428  0.756965
0.045522  0.114438  0.758403
0.0511302  0.112163  0.759715
0.0566106  0.109608  0.760888
0.0619495  0.106779  0.761911
0.0671337  0.103683  0.762773
0.0721501  0.100329  0.763466
0.0769863  0.0967247  0.763982
0.0816303  0.0928792  0.764318
0.0860704  0.0888022  0.764469
0.0902956  0.084504  0.764435
0.0942954  0.0799954  0.764215
0.0980598  0.0752876  0.763812
0.101579  0.0703925  0.76323
0.104846  0.0653222  0.762475
0.10785  0.0600895  0.761555
0.110585  0.0547075  0.760479
0.113045  0.0491895  0.759257
0.115222  0.0435493  0.757902
0.117112  0.0378009  0.756427
0.11871  0.0319587  0.754847
0.120012  0.0260371  0.753178
0.121015  0.0200509  0.751436
0.121715  0.0140149  0.749639
0.122113  0.00794413  0.747804
0.122205  0.00185366  0.74595
0.121993  -0.00424141  0.744094
0.121477  -0.0103259  0.742257
0.120658  -0.0163849  0.740454
0.119538  -0.0224031  0.738706
0.118119  -0.0283658  0.737028
0.116406  -0.034258  0.735438
0.114403  -0.0400652  0.733951
0.112114  -0.0457729  0.732582
0.109546  -0.0513669  0.731345
0.106704  -0.0568332  0.730253
0.103597  -0.0621583  0.729315
0.10023  -0.0673289  0.728542
0.0966135  -0.072332  0.727941
0.0927557  -0.0771552  0.727519
0.0886664  -0.0817863  0.727279
0.0843557  -0.0862138  0.727225
0.0798344  -0.0904266  0.727356
0.0751137  -0.0944141  0.727672
0.0702054  -0.0981662  0.728169
0.0651217  -0.101674  0.728843
0.0598753  -0.104927  0.729687
0.0544793  -0.107919  0.730693
0.0489472  -0.110642  0.73185
0.0432928  -0.113088  0.733148
0.0375302  -0.115252  0.734573
0.0316738  -0.117128  0.736111
0.0257382  -0.118712  0.737746
0.0197383  -0.119999  0.739463
0.013689  -0.120985  0.741243
0.00760549  -0.12167  0.74307
0.00150298  -0.12205  0.744925
-0.00460328  -0.122125  0.746789
-0.010698  -0.121895  0.748644
-0.0167661  -0.12136  0.75047
-0.0227922  -0.120522  0.752251
-0.0287613  -0.119382  0.753967
-0.0346585  -0.117945  0.755601
-0.0404691  -0.116212  0.757138
-0.0461786  -0.114189  0.758562
-0.0517726  -0.111881  0.759859
-0.0572373  -0.109294  0.761015
-0.062559  -0.106433  0.762019
-0.0677243  -0.103307  0.762862
-0.0727205  -0.0999237  0.763535
-0.0775351  -0.0962909  0.764031
-0.082156  -0.092418  0.764345
-0.0865717  -0.0883148  0.764475
-0.0907713  -0.0839917  0.764419
-0.0947443  -0.0794593  0.764177
-0.0984807  -0.0747292  0.763753
-0.101971  -0.0698131  0.763151
-0.105208  -0.0647234  0.762377
-0.108181  -0.0594727  0.761438
-0.110885  -0.0540742  0.760344
-0.113312  -0.0485413  0.759106
-0.115456  -0.0428878  0.757737
-0.117313  -0.0371278  0.756249
-0.118877  -0.0312756  0.754658
-0.120144  -0.0253458  0.752979
-0.121111  -0.019353  0.75123
-0.121777  -0.0133123  0.749428
-0.122139  -0.00723845  0.74759
-0.122196  -0.00114667  0.745734
-0.121949  0.00494795  0.74388
-0.121397  0.0110303  0.742045
-0.120543  0.0170853  0.740249
-0.119388  0.0230978  0.738507
-0.117936  0.0290531  0.736839
-0.116189  0.0349362  0.73526
-0.114152  0.0407326  0.733786
-0.111831  0.0464278  0.732432
-0.10923  0.0520077  0.731211
-0.106357  0.0574584  0.730136
-0.103219  0.0627662  0.729217
-0.0998233  0.067918  0.728463
-0.0961782  0.0729009  0.727883
-0.0922931  0.0777024  0.727482
-0.0881776  0.0823105  0.727263
-0.0838419  0.0867137  0.72723
-0.0792968  0.0909008  0.727383
-0.0745538  0.0948615  0.72772
-0.0696245  0.0985858  0.728238
-0.0645213  0.102064  0.728932
-0.0592569  0.105288  0.729796
-0.0538444  0.108249  0.73082
-0.0482974  0.11094  0.731994
-0.0426297  0.113354  0.733307
-0.0368555  0.115485  0.734746
-0.0309891  0.117327  0.736296
-0.0250453  0.118876  0.737941
-0.0190389  0.120129  0.739666
-0.0129849  0.12108  0.741453
-0.00689837  0.12173  0.743284
-0.000794648  0.122075  0.745141
0.00531107  0.122114  0.747005
0.0114035  0.121849  0.748857
0.0174674  0.121279  0.75068
0.0234877  0.120405  0.752453
0.0294492  0.119231  0.754161
0.0353372  0.117759  0.755785
0.0411368  0.115992  0.757309
0.0468336  0.113936  0.758719
0.0524133  0.111595  0.76
0.0578621  0.108976  0.761139
0.0631663  0.106084  0.762125
0.0683127  0.102928  0.762949
0.0732885  0.099515  0.763601
0.0780812  0.0958538  0.764076
0.0826789  0.0919537  0.764369
0.0870701  0.0878245  0.764478
0.0912439  0.0834765  0.7644
0.0951899  0.0789206  0.764137
0.0988983  0.0741683  0.763693
0.10236  0.0692315  0.76307
0.105566  0.0641224  0.762276
0.108509  0.0588539  0.761319
0.111181  0.0534391  0.760208
0.113575  0.0478915  0.758954
0.115687  0.0422249  0.75757
0.117509  0.0364535  0.756069
0.119039  0.0305916  0.754467
0.120271  0.0246537  0.75278
0.121204  0.0186546  0.751024
0.121835  0.0126092  0.749216
0.122161  0.00653253  0.747375
0.122183  0.000439647  0.745519
0.121901  -0.00565433  0.743666
0.121314  -0.0117343  0.741835
0.120425  -0.0177851  0.740043
0.119235  -0.0237918  0.73831
0.117748  -0.0297394  0.736651
0.115967  -0.0356132  0.735083
0.113897  -0.0413986  0.733622
0.111543  -0.0470812  0.732283
0.108911  -0.0526468  0.731079
0.106007  -0.0580816  0.730021
0.102838  -0.063372  0.729121
0.0994131  -0.0685048  0.728387
0.0957397  -0.0734673  0.727827
0.0918274  -0.078247  0.727447
0.0876858  -0.0828319  0.72725
0.0833253  -0.0872106  0.727238
0.0787567  -0.091372  0.727413
0.0739914  -0.0953058  0.727771
0.0690413  -0.099002  0.72831
0.0639187  -0.102451  0.729024
0.0586364  -0.105645  0.729906
0.0532077  -0.108575  0.730948
0.047646  -0.111234  0.732139
0.0419652  -0.113616  0.733468
0.0361795  -0.115713  0.73492
0.0303034  -0.117522  0.736482
0.0243516  -0.119037  0.738138
0.0183389  -0.120254  0.739871
0.0122803  -0.121171  0.741664
0.00619103  -0.121785  0.743499
8.6288e-005  -0.122095  0.745357
-0.00601867  -0.122099  0.747221
-0.0121086  -0.121798  0.749071
-0.0181682  -0.121193  0.750888
-0.0241824  -0.120284  0.752655
-0.0301362  -0.119075  0.754354
-0.0360146  -0.117569  0.755967
-0.0418031  -0.115768  0.757479
-0.047487  -0.113679  0.758875
-0.0530523  -0.111305  0.76014
-0.058485  -0.108654  0.761262
-0.0637716  -0.105732  0.762229
-0.0688988  -0.102545  0.763033
-0.073854  -0.0991029  0.763666
-0.0786246  -0.0954135  0.76412
-0.083199  -0.0914864  0.764391
-0.0875655  -0.0873312  0.764478
-0.0917135  -0.0829585  0.764379
-0.0956324  -0.0783793  0.764095
-0.0993127  -0.0736049  0.763629
-0.102745  -0.0686475  0.762987
-0.105921  -0.0635193  0.762173
-0.108833  -0.0582331  0.761198
-0.111473  -0.0528022  0.760069
-0.113835  -0.0472401  0.7588
-0.115913  -0.0415606  0.757401
-0.117702  -0.035778  0.755888
-0.119197  -0.0299065  0.754276
-0.120395  -0.0239607  0.752579
-0.121293  -0.0179555  0.750816
-0.121888  -0.0119057  0.749004
-0.122179  -0.00582639  0.74716
-0.122166  0.000267394  0.745303
-0.121848  0.00636052  0.743452
-0.121226  0.0124379  0.741625
-0.120302  0.0184843  0.739839
-0.119078  0.0244849  0.738113
-0.117556  0.0304247  0.736464
-0.115742  0.036289  0.734908
-0.113639  0.0420632  0.73346
-0.111252  0.0477329  0.732136
-0.108588  0.0532841  0.730948
-0.105653  0.0587028  0.729908
-0.102454  0.0639756  0.729027
-0.0989996  0.0690894  0.728313
-0.095298  0.0740313  0.727774
-0.0913586  0.078789  0.727415
-0.0871911  0.0833506  0.727239
-0.0828058  0.0877046  0.727249
-0.0782138  0.0918402  0.727445
-0.0734265  0.0957469  0.727824
-0.0684557  0.0994149  0.728384
-0.063314  0.102835  0.729118
-0.058014  0.105999  0.730019
-0.0525692  0.108898  0.731079
-0.0469929  0.111525  0.732287
-0.0412992  0.113874  0.73363
-0.0355023  0.115938  0.735096
-0.0296167  0.117713  0.736669
-0.023657  0.119193  0.738335
-0.0176382  0.120376  0.740076
-0.0115753  0.121258  0.741875
-0.00548347  0.121837  0.743713
0.000622075  0.122111  0.745574
0.00672607  0.12208  0.747436
0.0128132  0.121744  0.749283
0.0188684  0.121103  0.751096
0.0248764  0.12016  0.752856
0.0308222  0.118916  0.754545
0.0366909  0.117375  0.756148
0.042468  0.115541  0.757647
0.0481389  0.113418  0.759028
0.0536895  0.111012  0.760277
0.0591059  0.108329  0.761382
0.0643747  0.105375  0.762331
0.0694826  0.102159  0.763116
0.074417  0.0986875  0.763727
0.0791655  0.0949701  0.764161
0.0837163  0.0910159  0.764411
0.088058  0.086835  0.764476
0.0921799  0.0824378  0.764355
0.0960717  0.0778353  0.76405
0.0997236  0.0730391  0.763564
0.103127  0.0680612  0.762901
0.106272  0.062914  0.762068
0.109153  0.0576104  0.761074
0.111761  0.0521635  0.759929
0.11409  0.0465871  0.758644
0.116135  0.040895  0.757232
0.11789  0.0351012  0.755706
0.119351  0.0292204  0.754083
0.120515  0.023267  0.752378
0.121377  0.0172558  0.750608
0.121938  0.0112018  0.748791
0.122194  0.00512006  0.746945
0.122145  -0.000974427  0.745088
0.121791  -0.00706649  0.743239
0.121134  -0.013141  0.741415
0.120175  -0.0191829  0.739635
0.118916  -0.0251773  0.737917
0.117361  -0.0311091  0.736278
0.115513  -0.0369637  0.734734
0.113376  -0.0427265  0.7333
0.110957  -0.0483831  0.731991
0.108261  -0.0539196  0.73082
0.105295  -0.0593221  0.729798
0.102066  -0.0645772  0.728935
0.0985828  -0.0696716  0.728241
0.0948531  -0.0745928  0.727723
0.0908867  -0.0793283  0.727385
0.0866934  -0.0838664  0.727231
0.0822836  -0.0881957  0.727262
0.0776683  -0.0923052  0.727479
0.0728591  -0.0961847  0.72788
0.0678679  -0.0998244  0.72846
0.0627071  -0.103215  0.729214
0.0573897  -0.106349  0.730134
0.0519289  -0.109216  0.731212
0.0463383  -0.111812  0.732436
0.0406319  -0.114128  0.733794
0.034824  -0.116159  0.735273
0.028929  -0.1179  0.736858
0.0229617  -0.119346  0.738533
0.016937  -0.120494  0.740282
0.0108699  -0.121341  0.742086
0.00477573  -0.121884  0.743928
-0.00133042  -0.122123  0.74579
-0.00743324  -0.122056  0.747652
-0.0135175  -0.121685  0.749496
-0.0195679  -0.121009  0.751303
-0.0255695  -0.120031  0.753056
-0.0315071  -0.118752  0.754736
-0.0373659  -0.117177  0.756327
-0.0431314  -0.115309  0.757814
-0.0487891  -0.113153  0.75918
-0.0543248  -0.110715  0.760413
-0.0597248  -0.108  0.7615
-0.0649756  -0.105016  0.762431
-0.0700641  -0.101769  0.763196
-0.0749775  -0.0982688  0.763787
-0.0797037  -0.0945234  0.764199
-0.0842308  -0.0905424  0.764428
-0.0885476  -0.0863359  0.764472
-0.0926433  -0.0819143  0.76433
-0.0965077  -0.0772887  0.764003
-0.100131  -0.0724708  0.763496
-0.103505  -0.0674726  0.762813
-0.10662  -0.0623066  0.761961
-0.10947  -0.0569857  0.760949
-0.112046  -0.0515231  0.759787
-0.114342  -0.0459326  0.758486
-0.116354  -0.0402279  0.75706
-0.118075  -0.0344233  0.755523
-0.119502  -0.0285333  0.753889
-0.12063  -0.0225724  0.752176
-0.121458  -0.0165556  0.750399
-0.121983  -0.0104976  0.748578
-0.122203  -0.00441355  0.74673
-0.122119  0.00168143  0.744873
-0.121731  0.00777223  0.743025
-0.121039  0.0138438  0.741206
-0.120045  0.0198809  0.739433
-0.118751  0.0258687  0.737723
-0.117162  0.0317924  0.736094
-0.11528  0.037637  0.734562
-0.11311  0.0433883  0.733142
-0.110659  0.0490317  0.731848
-0.107931  0.0545534  0.730693
-0.104934  0.0599394  0.729689
-0.101675  0.0651765  0.728846
-0.0981626  0.0702515  0.728172
-0.094405  0.0751518  0.727674
-0.0904118  0.079865  0.727357
-0.0861928  0.0843795  0.727225
-0.0817586  0.0886838  0.727278
-0.0771203  0.0927671  0.727517
-0.0722893  0.0966193  0.727938
-0.0672778  0.100231  0.728539
-0.0620982  0.103592  0.729312
-0.0567634  0.106695  0.730251
-0.0512868  0.109532  0.731346
-0.0456821  0.112095  0.732587
-0.0399632  0.114378  0.73396
-0.0341444  0.116376  0.735452
-0.0282403  0.118083  0.737048
-0.0222656  0.119494  0.738733
-0.0162352  0.120608  0.740489
-0.0101642  0.121419  0.742298
-0.00406783  0.121928  0.744144
0.00203871  0.122131  0.746006
0.00814016  0.122029  0.747867
0.0142213  0.121622  0.749708
0.0202668  0.120911  0.75151
0.0262617  0.119898  0.753255
0.0321909  0.118585  0.754926
0.0380397  0.116975  0.756505
0.0437934  0.115074  0.757979
0.0494377  0.112885  0.75933
0.0549584  0.110414  0.760547
0.0603417  0.107668  0.761616
0.0655744  0.104652  0.762528
0.0706432  0.101376  0.763273
0.0755355  0.0978467  0.763844
0.0802392  0.0940736  0.764235
0.0847425  0.0900659  0.764443
0.0890342  0.0858338  0.764465
0.0931036  0.081388  0.764301
0.0969405  0.0767396  0.763953
0.100536  0.0719001  0.763426
0.10388  0.0668818  0.762723
0.106964  0.0616972  0.761852
0.109782  0.0563591  0.760822
0.112326  0.050881  0.759643
0.11459  0.0452765  0.758327
0.116568  0.0395595  0.756887
0.118256  0.0337443  0.755338
0.119648  0.0278453  0.753694
0.120742  0.0218772  0.751973
0.121534  0.0158547  0.75019
0.122024  0.00979297  0.748365
0.122209  0.0037069  0.746515
0.12209  -0.00238837  0.744658
0.121666  -0.00847771  0.742813
0.120939  -0.014546  0.740998
0.11991  -0.0205782  0.739231
0.118582  -0.0265594  0.73753
0.116958  -0.0324746  0.735911
0.115043  -0.0383092  0.734391
0.11284  -0.0440486  0.732985
0.110356  -0.0496787  0.731707
0.107597  -0.0551853  0.730569
0.104569  -0.0605548  0.729583
0.101281  -0.0657737  0.728759
0.0977392  -0.0708291  0.728105
0.0939538  -0.0757083  0.727628
0.0899338  -0.080399  0.727332
0.0856893  -0.0848897  0.727221
0.0812309  -0.0891689  0.727296
0.0765696  -0.093226  0.727556
0.0717171  -0.0970507  0.727999
0.0666854  -0.100634  0.72862
0.0614871  -0.103965  0.729413
0.0561352  -0.107038  0.730371
0.0506431  -0.109843  0.731483
0.0450244  -0.112374  0.732739
0.0392932  -0.114625  0.734127
0.0334637  -0.116589  0.735632
0.0275506  -0.118262  0.737239
0.0215687  -0.119639  0.738933
0.0155328  -0.120717  0.740696
0.00945814  -0.121494  0.742511
0.0033598  -0.121967  0.744359
-0.00274694  -0.122135  0.746222
-0.00884681  -0.121997  0.748082
-0.0149246  -0.121555  0.749919
-0.020965  -0.120809  0.751715
-0.026953  -0.119761  0.753453
-0.0328737  -0.118413  0.755114
-0.0387122  -0.11677  0.756682
-0.0444539  -0.114835  0.758142
-0.0500846  -0.112613  0.759479
-0.0555901  -0.11011  0.760679
-0.0609566  -0.107331  0.76173
-0.0661709  -0.104286  0.762623
-0.0712199  -0.100979  0.763348
-0.0760909  -0.0974214  0.763899
-0.080772  -0.0936206  0.764269
-0.0852513  -0.0895863  0.764455
-0.0895177  -0.0853289  0.764455
-0.0935607  -0.080859  0.76427
-0.0973701  -0.0761878  0.763901
-0.100936  -0.071327  0.763353
-0.104251  -0.0662887  0.76263
-0.107305  -0.0610856  0.76174
-0.110092  -0.0557307  0.760693
-0.112604  -0.0502372  0.759497
-0.114834  -0.0446189  0.758166
-0.116779  -0.0388898  0.756713
-0.118432  -0.0330641  0.755152
-0.11979  -0.0271563  0.753498
-0.120849  -0.0211812  0.751769
-0.121607  -0.0151534  0.74998
-0.122061  -0.00908804  0.748151
-0.122211  -0.00300012  0.746299
-0.122056  0.00309523  0.744443
-0.121597  0.00918291  0.7426
-0.120835  0.0152478  0.74079
-0.119771  0.0212749  0.73903
-0.118409  0.0272491  0.737337
-0.116751  0.0331557  0.735729
-0.114802  0.03898  0.734222
-0.112566  0.0447075  0.73283
-0.11005  0.0503239  0.731567
-0.10726  0.0558153  0.730447
-0.104201  0.061168  0.729479
-0.100883  0.0663687  0.728674
-0.0973125  0.0714043  0.728041
-0.0934994  0.0762622  0.727584
-0.0894528  0.0809304  0.72731
-0.085183  0.0853971  0.727221
-0.0807004  0.0896511  0.727317
-0.0760164  0.0936817  0.727598
-0.0711424  0.0974789  0.728062
-0.0660908  0.101033  0.728703
-0.060874  0.104335  0.729516
-0.0555052  0.107377  0.730492
-0.0499976  0.110151  0.731622
-0.0443651  0.11265  0.732894
-0.0386218  0.114867  0.734296
-0.0327819  0.116798  0.735813
-0.0268601  0.118437  0.737432
-0.0208711  0.119779  0.739134
-0.01483  0.120823  0.740904
-0.00875174  0.121564  0.742724
-0.00265165  0.122002  0.744575
0.00345508  0.122134  0.746439
0.00955317  0.121962  0.748296
0.0156274  0.121484  0.75013
0.0216625  0.120703  0.75192
0.0276435  0.11962  0.75365
0.0335554  0.118238  0.755301
0.0393834  0.11656  0.756857
0.045113  0.114592  0.758304
0.0507298  0.112337  0.759625
0.0562199  0.109801  0.760809
0.0615695  0.106992  0.761842
0.0667652  0.103915  0.762716
0.0717942  0.100579  0.763421
0.0766438  0.0969929  0.763951
0.0813021  0.0931644  0.7643
0.0857573  0.0891038  0.764464
0.0899983  0.0848212  0.764443
0.0940147  0.0803273  0.764237
0.0977964  0.0756335  0.763847
0.101334  0.0707515  0.763278
0.104619  0.0656935  0.762535
0.107642  0.0604721  0.761627
0.110397  0.0551004  0.760561
0.112877  0.0495917  0.759349
0.115075  0.0439598  0.758004
0.116986  0.0382188  0.756537
0.118605  0.0323828  0.754964
0.119928  0.0264665  0.753301
0.120952  0.0204844  0.751564
0.121675  0.0144515  0.74977
0.122094  0.0083828  0.747937
0.122209  0.00229325  0.746084
0.122019  -0.003802  0.744228
0.121524  -0.0098878  0.742388
0.120727  -0.0159491  0.740583
0.119628  -0.0219708  0.73883
0.118231  -0.0279379  0.737146
0.11654  -0.0338357  0.735549
0.114557  -0.0396495  0.734054
0.112289  -0.0453649  0.732677
0.109741  -0.0509675  0.73143
0.106918  -0.0564436  0.730326
0.103829  -0.0617793  0.729377
0.100481  -0.0669614  0.728592
0.0968825  -0.0719771  0.727979
0.0930418  -0.0768136  0.727543
0.0889689  -0.081459  0.72729
0.0846738  -0.0859016  0.727222
0.0801673  -0.0901302  0.72734
0.0754606  -0.0941343  0.727643
0.0705654  -0.0979037  0.728127
0.0654939  -0.101429  0.728789
0.0602588  -0.104701  0.729621
0.0548732  -0.107713  0.730615
0.0493505  -0.110455  0.731762
0.0437044  -0.112921  0.73305
0.0379491  -0.115106  0.734466
0.032099  -0.117003  0.735996
0.0261686  -0.118608  0.737625
0.0201728  -0.119916  0.739337
0.0141266  -0.120924  0.741113
0.00804505  -0.121631  0.742937
0.00194341  -0.122033  0.744791
-0.0041631  -0.12213  0.746655
-0.0102592  -0.121922  0.748511
-0.0163296  -0.121409  0.75034
-0.0223593  -0.120593  0.752124
-0.028333  -0.119475  0.753845
-0.0342359  -0.118058  0.755486
-0.0400533  -0.116347  0.757031
-0.0457705  -0.114345  0.758463
-0.0513733  -0.112057  0.75977
-0.0568478  -0.109489  0.760936
-0.0621802  -0.106649  0.761952
-0.0673573  -0.103542  0.762807
-0.0723661  -0.100176  0.763492
-0.0771942  -0.096561  0.764001
-0.0818294  -0.0927052  0.764328
-0.0862603  -0.0886183  0.764471
-0.0904759  -0.0843106  0.764429
-0.0944655  -0.079793  0.764201
-0.0982194  -0.0750767  0.76379
-0.101728  -0.0701736  0.763201
-0.104983  -0.065096  0.762438
-0.107976  -0.0598565  0.761511
-0.110699  -0.0544682  0.760428
-0.113146  -0.0489445  0.7592
-0.115311  -0.0432993  0.757839
-0.117189  -0.0375465  0.75636
-0.118774  -0.0317005  0.754776
-0.120062  -0.0257757  0.753103
-0.121052  -0.019787  0.751358
-0.121739  -0.0137492  0.749559
-0.122123  -0.00767728  0.747723
-0.122202  -0.00158629  0.745868
-0.121977  0.00450863  0.744013
-0.121447  0.0105924  0.742177
-0.120615  0.0166498  0.740376
-0.119482  0.0226659  0.738631
-0.11805  0.0286258  0.736956
-0.116325  0.0345146  0.73537
-0.114309  0.0403178  0.733888
-0.112008  0.0460207  0.732525
-0.109427  0.0516094  0.731294
-0.106574  0.0570699  0.730208
-0.103454  0.0623885  0.729278
-0.100077  0.067552  0.728512
-0.0964492  0.0725474  0.727919
-0.0925811  0.0773624  0.727504
-0.0884819  0.0819849  0.727273
-0.0841617  0.0864032  0.727226
-0.0796314  0.0906063  0.727366
-0.0749022  0.0945837  0.72769
-0.069986  0.0983253  0.728195
-0.0648949  0.101822  0.728877
-0.0596417  0.105064  0.729728
-0.0542394  0.108045  0.730741
-0.0487017  0.110755  0.731904
-0.0430422  0.113189  0.733208
-0.0372752  0.115341  0.734638
-0.031415  0.117204  0.73618
-0.0254762  0.118775  0.73782
-0.0194738  0.120048  0.73954
-0.0134227  0.121022  0.741323
-0.0073381  0.121693  0.743151
-0.0012351  0.12206  0.745007
0.00487098  0.122122  0.746871
0.0109649  0.121878  0.748725
0.0170314  0.12133  0.75055
0.0230553  0.120478  0.752327
0.0290216  0.119326  0.75404
0.0349153  0.117875  0.755671
0.0407218  0.116129  0.757203
0.0464265  0.114094  0.758622
0.0520151  0.111773  0.759912
0.0574738  0.109174  0.761062
0.0627889  0.106302  0.76206
0.0679471  0.103164  0.762895
0.0729356  0.0997695  0.76356
0.0777419  0.096126  0.764048
0.082354  0.0922428  0.764354
0.0867605  0.0881298  0.764476
0.0909504  0.0837972  0.764412
0.0949132  0.0792559  0.764163
0.098639  0.0745174  0.763731
0.102119  0.0695934  0.763121
0.105344  0.0644964  0.762339
0.108305  0.0592389  0.761393
0.110997  0.0538342  0.760293
0.113412  0.0482957  0.759049
0.115544  0.0426373  0.757674
0.117387  0.0368729  0.756181
