0.122173  0  0.745385
0.120954  -0.0121869  0.738032
0.118529  -0.0242529  0.731045
0.114921  -0.0360781  0.7247
0.110167  -0.0475449  0.719248
0.104313  -0.0585393  0.714908
0.0974177  -0.0689517  0.711852
0.0895499  -0.0786781  0.710203
0.0807877  -0.0876211  0.710028
0.0712186  -0.0956911  0.711337
0.0609379  -0.102807  0.714077
0.0500483  -0.108897  0.718142
0.0386583  -0.1139  0.723371
0.0268818  -0.117765  0.729554
0.0148366  -0.120452  0.736445
0.00264299  -0.121936  0.743769
-0.00957704  -0.1222  0.751232
-0.0217013  -0.121243  0.758535
-0.0336086  -0.119073  0.765386
-0.0451798  -0.115712  0.771512
-0.0562994  -0.111196  0.776667
-0.0668563  -0.105569  0.780646
-0.0767452  -0.0988884  0.783292
-0.0858673  -0.0912214  0.7845
-0.0941318  -0.0826452  0.784224
-0.101456  -0.0732459  0.782477
-0.107768  -0.0631177  0.779329
-0.113004  -0.0523617  0.774907
-0.117113  -0.0410853  0.769388
-0.120053  -0.0294008  0.762991
-0.121795  -0.0174243  0.75597
-0.122323  -0.00527485  0.748603
-0.12163  0.00692696  0.741183
-0.119724  0.01906  0.734002
-0.116624  0.0310038  0.727347
-0.11236  0.0426398  0.72148
-0.106975  0.0538522  0.716635
-0.100522  0.0645292  0.713006
-0.0930652  0.0745645  0.710737
-0.0846795  0.0838576  0.709921
-0.0754479  0.0923154  0.710591
-0.0654626  0.099853  0.712723
-0.0548232  0.106395  0.716232
-0.0436357  0.111874  0.72098
-0.0320121  0.116236  0.726779
-0.0200684  0.119437  0.733397
-0.00792403  0.121444  0.740569
0.00429959  0.122236  0.748008
0.0164802  0.121806  0.755417
0.028496  0.120158  0.762499
0.0402269  0.117309  0.76897
0.0515557  0.113287  0.774572
0.0623691  0.108134  0.779082
0.0725592  0.101901  0.78232
0.0820244  0.0946517  0.784159
0.0906702  0.0864585  0.784526
0.0984106  0.0774039  0.78341
0.105168  0.0675787  0.780855
0.110877  0.0570812  0.776965
0.115478  0.0460162  0.771895
0.118928  0.0344941  0.765848
0.121191  0.0226293  0.759064
0.122245  0.0105399  0.751811
0.122079  -0.00165412  0.744378
0.120696  -0.0138317  0.737058
0.118109  -0.0258721  0.730142
0.114343  -0.0376555  0.723903
0.109437  -0.0490649  0.718591
0.103438  -0.0599867  0.714415
0.0964068  -0.0703121  0.711544
0.0884131  -0.0799379  0.710092
0.0795363  -0.0887677  0.710119
0.069865  -0.0967129  0.711626
0.0594956  -0.103694  0.714554
0.0485316  -0.10964  0.718787
0.0370825  -0.114491  0.724158
0.0252627  -0.118198  0.730452
0.0131902  -0.120724  0.737419
0.000985906  -0.122043  0.744779
-0.0112283  -0.122142  0.752237
-0.0233302  -0.121019  0.759496
-0.0351989  -0.118686  0.766265
-0.0467156  -0.115167  0.772272
-0.0577653  -0.110497  0.777279
-0.0682377  -0.104724  0.781086
-0.0780283  -0.0979056  0.783541
-0.0870394  -0.0901107  0.78455
-0.0951811  -0.0814177  0.784073
-0.102373  -0.071914  0.78213
-0.108542  -0.0616946  0.778801
-0.113628  -0.0508617  0.774219
-0.11758  -0.0395233  0.768567
-0.12036  -0.0277923  0.76207
-0.121938  -0.0157854  0.754985
-0.1223  -0.00362178  0.747594
-0.121443  0.0085778  0.740189
-0.119373  0.0206922  0.733064
-0.116113  0.0326012  0.7265
-0.111695  0.0441865  0.720759
-0.106161  0.0553328  0.716069
-0.0995685  0.065929  0.712616
-0.0919816  0.0758694  0.71054
-0.0834761  0.0850546  0.709925
-0.0741368  0.0933925  0.710796
-0.0640569  0.100799  0.71312
-0.0533368  0.107201  0.716807
-0.0420837  0.112532  0.721709
-0.0304098  0.116739  0.727633
-0.0184318  0.119779  0.734342
-0.00626956  0.121623  0.741568
0.00595539  0.12225  0.74902
0.0181208  0.121654  0.756402
0.030105  0.119842  0.763417
0.0417882  0.116832  0.769785
0.0530536  0.112654  0.775251
0.0637888  0.107351  0.779598
0.0738865  0.100977  0.782653
0.083246  0.093595  0.784296
0.091774  0.08528  0.784461
0.0993855  0.0761155  0.783146
0.106005  0.0661933  0.780403
0.111566  0.0556127  0.776343
0.116014  0.0444792  0.771128
0.119304  0.0329038  0.764966
0.121405  0.0210016  0.758102
0.122294  0.00889096  0.750808
0.121963  -0.00330794  0.743373
0.120415  -0.015474  0.736091
0.117667  -0.0274865  0.729251
0.113744  -0.039226  0.723124
0.108687  -0.0505759  0.717954
0.102544  -0.0614232  0.713947
0.0953783  -0.0716597  0.711262
0.08726  -0.0811831  0.710008
0.0782702  -0.089898  0.710237
0.0684985  -0.097717  0.711941
0.0580424  -0.104562  0.715054
0.0470061  -0.110362  0.719452
0.0355  -0.115061  0.724962
0.0236389  -0.118611  0.731363
0.0115415  -0.120974  0.738399
-0.000671359  -0.122128  0.74579
-0.0128775  -0.122061  0.753239
-0.0249548  -0.120774  0.760448
-0.0367827  -0.118278  0.767129
-0.0482428  -0.114601  0.773014
-0.0592206  -0.109779  0.777869
-0.0696066  -0.10386  0.7815
-0.0792971  -0.0969049  0.783764
-0.0881954  -0.0889835  0.784573
-0.096213  -0.0801753  0.783894
-0.10327  -0.0705689  0.781758
-0.109296  -0.0602602  0.77825
-0.114231  -0.0493524  0.773511
-0.118027  -0.0379541  0.767731
-0.120644  -0.0261788  0.761138
-0.122059  -0.0141436  0.753995
-0.122256  -0.00196805  0.746585
-0.121233  0.0102271  0.739201
-0.119001  0.0223207  0.732135
-0.115582  0.0341927  0.725669
-0.111009  0.0457251  0.720057
-0.105329  0.0568033  0.715525
-0.098597  0.0673167  0.712252
-0.090881  0.0771604  0.71037
-0.0822574  0.086236  0.709956
-0.0728122  0.0944525  0.711027
-0.0626394  0.101727  0.713542
-0.0518407  0.107987  0.717404
-0.0405238  0.113169  0.722457
-0.0288018  0.11722  0.728502
-0.0167918  0.1201  0.735297
-0.00461393  0.121779  0.742571
0.00761011  0.12224  0.750031
0.019758  0.121479  0.757381
0.0317084  0.119504  0.764324
0.0433418  0.116333  0.770584
0.0545418  0.112001  0.77591
0.0651967  0.106549  0.780091
0.0752001  0.100034  0.78296
0.0844523  0.0925211  0.784405
0.0928608  0.0840859  0.784369
0.100342  0.0748132  0.782856
0.106822  0.0647958  0.779927
0.112235  0.0541339  0.7757
0.116529  0.042934  0.770343
0.119659  0.0313075  0.764071
0.121596  0.0193701  0.757132
0.12232  0.00724039  0.749802
0.121824  -0.00496116  0.74237
0.120113  -0.0171135  0.735132
0.117203  -0.0290959  0.728373
0.113124  -0.0407894  0.722363
0.107917  -0.0520777  0.717339
0.101632  -0.0628485  0.713502
0.0943323  -0.0729941  0.711007
0.086091  -0.0824134  0.709952
0.0769898  -0.0910119  0.710383
0.0671195  -0.0987032  0.712283
0.0565784  -0.10541  0.715578
0.045472  -0.111065  0.720138
0.0339109  -0.115611  0.725782
0.0220108  -0.119001  0.732285
0.0098906  -0.121202  0.739387
-0.0023285  -0.122191  0.746803
-0.0145243  -0.121958  0.754237
-0.0265749  -0.120506  0.761391
-0.0383597  -0.117849  0.767979
-0.0497611  -0.114014  0.773737
-0.060665  -0.109039  0.778436
-0.0709627  -0.102977  0.78189
-0.0805514  -0.0958864  0.78396
-0.0893353  -0.0878399  0.784568
-0.0972272  -0.0789183  0.783689
-0.104148  -0.0692109  0.78136
-0.11003  -0.0588149  0.777676
-0.114813  -0.0478341  0.772784
-0.118451  -0.036378  0.76688
-0.120907  -0.0245606  0.760196
-0.122157  -0.0124993  0.753
-0.122188  -0.000313964  0.745576
-0.121001  0.0118745  0.738218
-0.118606  0.0239451  0.731218
-0.115029  0.0357779  0.724853
-0.110303  0.0472554  0.719375
-0.104477  0.0582634  0.715004
-0.0976075  0.0686921  0.711913
-0.0897638  0.0784373  0.710227
-0.0810236  0.0874016  0.710014
-0.0714741  0.0954951  0.711285
-0.0612104  0.102636  0.71399
-0.0503351  0.108754  0.718023
-0.0389566  0.113785  0.723223
-0.0271886  0.11768  0.729385
-0.0151488  0.120398  0.736261
-0.00295746  0.121913  0.743577
0.00926342  0.122209  0.751041
0.0213917  0.121283  0.758352
0.033306  0.119144  0.765218
0.0448874  0.115814  0.771365
0.05602  0.111326  0.776548
0.0665927  0.105727  0.78056
0.0765  0.0990729  0.783242
0.085643  0.0914303  0.784488
0.0939307  0.0828765  0.78425
0.10128  0.0734972  0.78254
0.107619  0.0633865  0.779427
0.112884  0.0526453  0.775036
0.117022  0.0413809  0.769542
0.119992  0.0297055  0.763164
0.121766  0.017735  0.756156
0.122325  0.0055885  0.748794
0.121663  -0.00661347  0.741372
0.119788  -0.0187498  0.734182
0.116718  -0.0307  0.727509
0.112484  -0.0423453  0.721619
0.107127  -0.05357  0.716746
0.100701  -0.0642622  0.713083
0.093269  -0.0743152  0.710778
0.0849061  -0.0836286  0.709923
0.0756952  -0.092109  0.710555
0.0657281  -0.0996713  0.71265
0.0551041  -0.106239  0.716126
0.0439294  -0.111747  0.720844
0.0323156  -0.116139  0.726619
0.0203786  -0.11937  0.733218
0.00823789  -0.121407  0.74038
-0.00398521  -0.122231  0.747816
-0.0161685  -0.121833  0.755229
-0.02819  -0.120216  0.762323
-0.0399298  -0.117397  0.768813
-0.0512703  -0.113405  0.774441
-0.0620983  -0.10828  0.778981
-0.0723058  -0.102075  0.782254
-0.0817908  -0.0948503  0.78413
-0.0904589  -0.0866804  0.784535
-0.0982235  -0.0776468  0.783457
-0.105008  -0.0678402  0.780938
-0.110743  -0.0573588  0.77708
-0.115374  -0.046307  0.772039
-0.118854  -0.0347952  0.766014
-0.121147  -0.0229378  0.759245
-0.122233  -0.0108527  0.752001
-0.122099  0.00134018  0.744569
-0.120747  0.0135197  0.737242
-0.11819  0.0255651  0.730312
-0.114455  0.0373566  0.724053
-0.109577  0.0487771  0.718714
-0.103606  0.0597129  0.714507
-0.0966001  0.0700549  0.7116
-0.0886301  0.0796999  0.710111
-0.0797749  0.0885513  0.7101
-0.0701229  0.0965203  0.711569
-0.0597702  0.103527  0.714461
-0.0488202  0.1095  0.718663
-0.0373822  0.11438  0.724007
-0.0255704  0.118118  0.730281
-0.0135029  0.120675  0.737233
-0.00130045  0.122025  0.744587
0.010915  0.122155  0.752047
0.0230214  0.121063  0.759314
0.0348975  0.118761  0.766099
0.0464247  0.115272  0.772129
0.0574879  0.110632  0.777164
0.0679765  0.104886  0.781004
0.0777858  0.0980935  0.783496
0.0868181  0.0903228  0.784543
0.0949833  0.0816519  0.784104
0.1022  0.0721678  0.782198
0.108397  0.0619656  0.778903
0.113511  0.0511471  0.774351
0.117493  0.0398204  0.768724
0.120303  0.028098  0.762246
0.121913  0.0160967  0.755173
0.122306  0.0039356  0.747786
0.12148  -0.00826458  0.740377
0.119442  -0.0203827  0.733241
0.116212  -0.0322985  0.72666
0.111822  -0.0438935  0.720894
0.106317  -0.0550525  0.716175
0.0997508  -0.0656642  0.712688
0.0921885  -0.0756228  0.710576
0.0837057  -0.0848286  0.709922
0.0743867  -0.0931894  0.710755
0.0643246  -0.100621  0.713043
0.0536197  -0.107049  0.716696
0.0423788  -0.112409  0.72157
0.0307143  -0.116645  0.72747
0.0187427  -0.119716  0.734162
0.00658367  -0.12159  0.741378
-0.00564119  -0.122249  0.748828
-0.0178097  -0.121685  0.756216
-0.0298  -0.119904  0.763244
-0.0414924  -0.116924  0.769632
-0.05277  -0.112776  0.775124
-0.0635202  -0.107502  0.779502
-0.0736356  -0.101154  0.782592
-0.0830153  -0.0937969  0.784272
-0.0915658  -0.0855049  0.784476
-0.0992019  -0.0763611  0.783198
-0.105848  -0.0664572  0.780491
-0.111437  -0.0558922  0.776463
-0.115914  -0.0447715  0.771275
-0.119235  -0.0332061  0.765135
-0.121366  -0.0213109  0.758285
-0.122286  -0.00920407  0.750998
-0.121987  0.00299408  0.743563
-0.12047  0.0151625  0.736274
-0.117752  0.0271804  0.729419
-0.11386  0.0389285  0.723271
-0.108831  0.0502898  0.718073
-0.102715  0.0611514  0.714034
-0.0955749  0.0714049  0.711313
-0.0874801  0.0809479  0.710022
-0.0785116  0.0896847  0.710213
-0.0687589  0.0975278  0.71188
-0.058319  0.104398  0.714957
-0.0472963  0.110227  0.719325
-0.0358009  0.114955  0.724808
-0.0239475  0.118534  0.731189
-0.0118546  0.120929  0.738213
0.000356808  0.122114  0.745598
0.0125646  0.122078  0.753049
0.0246468  0.120822  0.760268
0.0364826  0.118357  0.766966
0.0479536  0.11471  0.772875
0.0589452  0.109917  0.777759
0.0693478  0.104025  0.781423
0.0790574  0.0970962  0.783724
0.0879773  0.0891987  0.78457
0.0960185  0.0804123  0.78393
0.103101  0.0708252  0.781831
0.109154  0.0605333  0.778356
0.114118  0.0496396  0.773647
0.117944  0.0382525  0.767891
0.120592  0.0264855  0.761316
0.122038  0.0144555  0.754184
0.122266  0.00228197  0.746776
0.121274  -0.00991417  0.739388
0.119073  -0.0220119  0.732311
0.115684  -0.0338911  0.725825
0.111141  -0.0454337  0.720189
0.105488  -0.0565249  0.715626
0.0987828  -0.0670542  0.712319
0.0910912  -0.0769164  0.7104
0.0824899  -0.086013  0.709948
0.0730646  -0.0942526  0.710981
0.0629094  -0.101553  0.71346
0.0521254  -0.107839  0.717289
0.0408205  -0.11305  0.722314
0.0291074  -0.11713  0.728336
0.0171034  -0.120041  0.735115
0.00492825  -0.121751  0.74238
-0.00729614  -0.122244  0.74984
-0.0194476  -0.121514  0.757195
-0.0314045  -0.11957  0.764153
-0.0430475  -0.11643  0.770434
-0.0542601  -0.112126  0.775787
-0.0649304  -0.106703  0.779999
-0.0749519  -0.100214  0.782904
-0.0842245  -0.0927263  0.784387
-0.0926559  -0.0843138  0.784389
-0.100162  -0.0750614  0.782913
-0.106668  -0.065062  0.780019
-0.11211  -0.0544154  0.775823
-0.116433  -0.0432279  0.770494
-0.119594  -0.0316109  0.764242
-0.121562  -0.01968  0.757317
-0.122317  -0.00755379  0.749993
-0.121852  0.00464744  0.74256
-0.120172  0.0168025  0.735313
-0.117293  0.0287908  0.728539
-0.113244  0.0404932  0.722506
-0.108064  0.0517934  0.717454
-0.101806  0.0625788  0.713585
-0.0945322  0.0727419  0.711053
-0.0863141  0.082181  0.709961
-0.0772339  0.0908017  0.710353
-0.0673822  0.0985174  0.712216
-0.0568571  0.105251  0.715477
-0.0457638  0.110933  0.720007
-0.034213  0.115508  0.725625
-0.0223201  0.118929  0.732109
-0.0102041  0.12116  0.739199
0.002014  0.122181  0.746611
0.0142119  0.121979  0.754048
0.0262678  0.120558  0.761213
0.0380609  0.117932  0.767819
0.0494736  0.114127  0.773601
0.0603917  0.109181  0.77833
0.0707063  0.103146  0.781818
0.0803144  0.096081  0.783925
0.0891202  0.0880582  0.784571
0.097036  0.079158  0.78373
0.103983  0.0694696  0.781438
0.109892  0.05909  0.777787
0.114704  0.0481229  0.772924
0.118372  0.0366777  0.767042
0.120859  0.0248681  0.760376
0.12214  0.0128116  0.753189
0.122203  0.000627926  0.745768
0.121047  -0.011562  0.738404
0.118683  -0.0236371  0.731391
0.115135  -0.0354775  0.725006
0.110439  -0.0469656  0.719503
0.10464  -0.0579871  0.715101
0.0977967  -0.068432  0.711975
0.0899771  -0.0781961  0.710252
0.0812589  -0.0871816  0.710001
0.0717291  -0.0952986  0.711234
0.0614825  -0.102465  0.713903
0.0506216  -0.10861  0.717903
0.0392546  -0.11367  0.723077
0.0274952  -0.117594  0.729216
0.0154608  -0.120343  0.736078
0.00327191  -0.121889  0.743386
-0.00894974  -0.122217  0.750849
-0.0210819  -0.121322  0.758168
-0.0330033  -0.119214  0.765049
-0.0445946  -0.115914  0.771218
-0.0557402  -0.111456  0.776429
-0.0663287  -0.105885  0.780473
-0.0762544  -0.0992567  0.78319
-0.0854182  -0.0916387  0.784474
-0.093729  -0.0831072  0.784275
-0.101104  -0.073748  0.782602
-0.107469  -0.0636549  0.779524
-0.112762  -0.0529286  0.775163
-0.11693  -0.0416763  0.769695
-0.119931  -0.03001  0.763337
-0.121735  -0.0180456  0.756342
-0.122326  -0.00590212  0.748986
-0.121696  0.00629994  0.741561
-0.119852  0.0184395  0.734361
-0.116812  0.030396  0.727672
-0.112607  0.0420506  0.721759
-0.107278  0.0532875  0.716856
-0.100879  0.0639948  0.713161
-0.0934721  0.0740655  0.710819
-0.0851322  0.0833991  0.709927
-0.075942  0.0919021  0.71052
-0.0659931  0.099489  0.712578
-0.0553848  0.106084  0.71602
-0.0442228  0.111619  0.720709
-0.0326188  0.11604  0.726459
-0.0206887  0.119301  0.73304
-0.0085517  0.12137  0.740191
0.00367081  0.122225  0.747624
0.0158566  0.121858  0.755041
0.0278839  0.120273  0.762147
0.0396323  0.117484  0.768656
0.0509846  0.113522  0.774309
0.0618272  0.108426  0.778879
0.0720519  0.102247  0.782187
0.0815567  0.0950483  0.7841
0.0902469  0.0869017  0.784544
0.0980358  0.0778892  0.783503
0.104846  0.0681013  0.78102
0.11061  0.057636  0.777195
0.115269  0.0465975  0.772182
0.118779  0.0350961  0.766179
