0.122173  0  0.745385
0.122173  -0.0121869  0.752811
0.120954  -0.0243739  0.760311
0.118517  -0.0364398  0.767885
0.114873  -0.0482638  0.775535
0.110047  -0.0597259  0.783261
0.104074  -0.0707083  0.791065
0.0970032  -0.0810969  0.798948
0.0888935  -0.0907821  0.806912
0.0798153  -0.0996597  0.814958
0.0698493  -0.107633  0.823088
0.059086  -0.114612  0.831303
0.0476248  -0.120517  0.839604
0.0355731  -0.125278  0.847993
0.0230453  -0.128834  0.856469
0.0101619  -0.131139  0.865032
-0.00295198  -0.132155  0.873682
-0.0161675  -0.13186  0.882418
-0.0293534  -0.130243  0.891241
-0.0423778  -0.127308  0.900148
-0.0551086  -0.123072  0.90914
-0.0674157  -0.117564  0.918217
-0.0791721  -0.110827  0.927379
-0.0902548  -0.102918  0.936627
-0.100547  -0.0939049  0.945962
-0.109937  -0.0838672  0.955385
-0.118324  -0.0728956  0.964898
-0.125613  -0.0610908  0.974504
-0.131722  -0.0485625  0.984202
-0.136579  -0.0354283  0.993996
-0.140122  -0.0218129  1.00389
-0.142303  -0.00784651  1.01388
-0.143087  0.0063358  1.02396
-0.142454  0.0205958  1.03415
-0.140394  0.034793  1.04444
-0.136915  0.0487864  1.05483
-0.132036  0.0624351  1.06532
-0.125793  0.0756005  1.07592
-0.118233  0.0881466  1.08663
-0.109418  0.0999423  1.09744
-0.0994239  0.110862  1.10837
-0.0883377  0.120788  1.11942
-0.0762589  0.129611  1.13058
-0.0632978  0.137229  1.14186
-0.0495749  0.143555  1.15326
-0.0352194  0.14851  1.16478
-0.0203684  0.152031  1.17642
-0.00516525  0.154068  1.18818
0.0102416  0.154585  1.20006
0.0257  0.15356  1.21206
0.0410561  0.150991  1.22418
0.0561551  0.146886  1.23641
0.0708438  0.141274  1.24875
0.0849711  0.134195  1.26121
0.0983907  0.125708  1.27378
0.110961  0.115885  1.28646
0.12255  0.104812  1.29926
0.133031  0.0925874  1.31218
0.14229  0.0793235  1.32523
0.150222  0.0651425  1.33839
0.156737  0.0501767  1.35169
0.161754  0.0345671  1.36512
0.165211  0.0184622  1.37867
0.167057  0.00201613  1.39237
0.167259  -0.014612  1.40619
0.165798  -0.03126  1.42016
0.162672  -0.0477639  1.43426
0.157895  -0.0639594  1.4485
0.151499  -0.0796834  1.46288
0.143531  -0.0947754  1.47741
0.134053  -0.109079  1.49208
0.123145  -0.122444  1.50691
0.110901  -0.134728  1.5219
0.0974282  -0.145795  1.53705
0.0828486  -0.155523  1.55236
0.0672964  -0.163798  1.56785
0.0509166  -0.170523  1.5835
0.0338643  -0.175612  1.59931
0.0163031  -0.178998  1.6153
-0.00159672  -0.180628  1.63145
-0.0196595  -0.180468  1.64777
-0.0377064  -0.178503  1.66424
-0.0555566  -0.174733  1.68087
-0.0730299  -0.16918  1.69765
-0.0899479  -0.161884  1.71457
-0.106136  -0.152901  1.73165
-0.121426  -0.142307  1.74888
-0.135657  -0.130194  1.76626
-0.148677  -0.11667  1.7838
-0.160344  -0.101857  1.8015
-0.170529  -0.0858916  1.81936
-0.179118  -0.0689212  1.83739
-0.186011  -0.0511049  1.8556
-0.191121  -0.032611  1.87398
-0.194382  -0.013615  1.89255
-0.195744  0.00570104  1.9113
-0.195174  0.0251506  1.93023
-0.192658  0.0445443  1.94934
-0.188204  0.0636912  1.96865
-0.181835  0.0824007  1.98814
-0.173595  0.100484  2.00783
-0.163546  0.117757  2.02772
-0.151771  0.134038  2.04782
-0.138367  0.149157  2.06814
-0.123451  0.16295  2.08868
-0.107156  0.175264  2.10944
-0.0896299  0.185959  2.13044
-0.071034  0.19491  2.15168
-0.051543  0.202007  2.17315
-0.0313423  0.207159  2.19486
-0.0106263  0.210293  2.2168
0.0104029  0.211356  2.23897
0.0315385  0.210315  2.26136
0.05257  0.207162  2.28395
0.0732862  0.201907  2.30675
0.093477  0.194585  2.32975
0.112936  0.185251  2.35295
0.131461  0.173982  2.37633
0.148859  0.160873  2.39992
0.164946  0.146042  2.4237
0.17955  0.129623  2.44769
0.192513  0.111764  2.4719
0.203689  0.0926313  2.49633
0.212952  0.0724029  2.52098
0.220192  0.0512683  2.54588
0.225319  0.0294266  2.57101
0.228262  0.00708479  2.59639
0.22897  -0.0155437  2.62202
0.227416  -0.0382412  2.6479
0.223592  -0.0607873  2.67403
0.217513  -0.0829606  2.70041
0.209217  -0.104541  2.72706
0.198763  -0.12531  2.75398
0.186232  -0.145056  2.78117
0.171726  -0.163572  2.80866
0.155369  -0.18066  2.83646
0.137303  -0.196135  2.86457
0.11769  -0.209822  2.893
0.0967076  -0.221564  2.92178
0.0745513  -0.231219  2.95088
0.0514293  -0.238668  2.98033
0.0275626  -0.243808  3.0101
0.00318177  -0.246564  3.0402
-0.0214746  -0.246882  3.0706
-0.0461629  -0.244735  3.10129
-0.0706364  -0.24012  3.13226
-0.0946484  -0.233063  3.16349
-0.117955  -0.223612  3.19497
-0.140316  -0.211844  3.2267
-0.1615  -0.197858  3.25868
-0.181286  -0.181778  3.2909
-0.199464  -0.163749  3.32339
-0.215839  -0.143934  3.35614
-0.230232  -0.122518  3.38919
-0.242484  -0.0996973  3.42252
-0.252454  -0.0756859  3.45617
-0.260022  -0.0507078  3.49014
-0.265093  -0.0249976  3.52443
-0.267593  0.00120229  3.55905
-0.267473  0.0276434  3.59401
-0.264708  0.0540728  3.62931
-0.259301  0.0802356  3.66494
-0.251277  0.105876  3.70093
-0.24069  0.13074  3.73727
-0.227616  0.154577  3.77399
-0.212158  0.177143  3.8111
-0.194444  0.1982  3.84863
-0.174624  0.217522  3.88659
-0.152871  0.234896  3.92501
-0.129382  0.250124  3.96391
-0.10437  0.263026  4.00328
-0.078067  0.273444  4.04314
-0.0507226  0.281242  4.08348
-0.0225984  0.286313  4.12428
0.00603289  0.288572  4.16551
0.0348901  0.287969  4.20716
0.063687  0.284481  4.24919
0.0921351  0.278116  4.29157
0.119947  0.268916  4.33428
0.146838  0.25695  4.3773
0.172533  0.242319  4.42061
0.196765  0.225151  4.46423
0.21928  0.205601  4.50816
0.23984  0.183848  4.55242
0.258225  0.160094  4.59702
0.274234  0.134557  4.642
0.28769  0.107476  4.68737
0.298438  0.0791023  4.73316
0.306348  0.0496995  4.77937
0.311318  0.0195417  4.82603
0.313272  -0.0110897  4.87312
0.312163  -0.041907  4.92067
0.307972  -0.0726188  4.96866
0.300711  -0.102932  5.01712
0.290417  -0.132551  5.06605
0.277162  -0.161187  5.11548
0.261044  -0.188549  5.16543
0.242189  -0.214358  5.21593
0.220753  -0.238341  5.26704
0.196919  -0.260237  5.31877
0.170895  -0.279802  5.37117
0.142915  -0.296809  5.42427
0.113234  -0.311052  5.47807
0.0821287  -0.322351  5.53257
0.0498936  -0.330555  5.58776
0.0168382  -0.335542  5.64359
-0.016716  -0.337226  5.70002
-0.0504386  -0.335554  5.757
-0.083994  -0.330512  5.81446
-0.117045  -0.322123  5.87235
-0.149257  -0.310445  5.93063
-0.180302  -0.295575  5.98926
-0.209859  -0.277642  6.04823
-0.237624  -0.25681  6.10755
-0.263305  -0.23327  6.16724
-0.286632  -0.207243  6.22732
-0.307356  -0.178971  6.28784
-0.325253  -0.148717  6.34884
-0.340125  -0.116762  6.41036
-0.351801  -0.0834015  6.47242
-0.360141  -0.0489426  6.53506
-0.365035  -0.013702  6.59827
-0.366405  0.0219962  6.66208
-0.364206  0.0578224  6.72648
-0.358424  0.0934432  6.79148
-0.349079  0.128523  6.85711
-0.336227  0.162726  6.92337
-0.319954  0.195719  6.99032
-0.300382  0.227171  7.058
-0.277665  0.25676  7.12648
-0.251989  0.284171  7.19583
-0.223572  0.309104  7.2661
-0.192662  0.331276  7.33737
-0.159534  0.350423  7.40967
-0.124492  0.366309  7.48301
-0.0878611  0.378726  7.55739
-0.0499885  0.387501  7.63275
-0.0112385  0.392497  7.70902
0.0280112  0.393621  7.78611
0.0673734  0.39082  7.8639
0.106455  0.384088  7.94229
0.144864  0.373463  8.02117
0.18221  0.359027  8.10046
0.218113  0.340906  8.18011
0.252204  0.319268  8.26011
0.284131  0.294314  8.34046
0.313562  0.266282  8.4212
0.34019  0.235437  8.5024
0.363734  0.20207  8.58412
0.383941  0.166493  8.66643
0.40059  0.129036  8.74941
0.413494  0.0900395  8.83309
0.422498  0.0498584  8.91753
0.427483  0.00885441  9.00273
0.428369  -0.0326038  9.0887
0.425109  -0.0741426  9.17546
0.417694  -0.115385  9.26301
0.406156  -0.15595  9.35138
0.390561  -0.195458  9.44062
0.371015  -0.233529  9.5308
0.347662  -0.269785  9.62202
0.320684  -0.303855  9.71438
0.290298  -0.335376  9.80801
0.256761  -0.364  9.90304
0.22036  -0.389395  9.99956
0.181421  -0.411253  10.0976
0.140296  -0.429296  10.1973
0.097366  -0.44328  10.2985
0.0530381  -0.453001  10.4011
0.007738  -0.458302  10.505
-0.0380922  -0.459076  10.6101
-0.0839998  -0.455268  10.716
-0.129527  -0.446878  10.8227
-0.174214  -0.433961  10.9298
-0.21761  -0.416628  11.0373
-0.259273  -0.395038  11.1451
-0.298777  -0.3694  11.2531
-0.335717  -0.339965  11.3614
-0.369714  -0.30702  11.47
-0.400416  -0.270886  11.579
-0.427504  -0.231905  11.6887
-0.450695  -0.190445  11.799
-0.469739  -0.146886  11.9101
-0.484428  -0.101621  12.0222
-0.49459  -0.0550507  12.1352
-0.500095  -0.00758358  12.2492
-0.500853  0.0403673  12.3642
-0.496817  0.0883847  12.4802
-0.487978  0.136048  12.5972
-0.474373  0.182932  12.7153
-0.45608  0.22861  12.8345
-0.433219  0.272653  12.9551
-0.405954  0.314633  13.0771
-0.374491  0.354122  13.2007
-0.339078  0.390702  13.3262
-0.300008  0.423964  13.4539
-0.257612  0.453517  13.5837
-0.21226  0.478994  13.716
-0.164361  0.500061  13.8507
-0.114355  0.516423  13.9878
-0.0627124  0.527833  14.127
-0.00992908  0.534101  14.2681
0.043481  0.535094  14.4108
0.0969903  0.530747  14.5546
0.150065  0.521063  14.6992
0.202171  0.506113  14.8442
0.252783  0.486033  14.9894
0.301386  0.461023  15.1345
0.347488  0.431339  15.2795
0.390622  0.397285  15.4245
0.430351  0.359209  15.5696
0.466271  0.31749  15.7149
0.49802  0.272534  15.8607
0.525274  0.224765  16.0073
0.54775  0.17462  16.1548
0.565212  0.122543  16.3034
0.577467  0.0689838  16.4531
0.584365  0.0143935  16.6041
0.585804  -0.0407735  16.7564
0.581727  -0.0960605  16.9099
0.572121  -0.151007  17.0647
0.55702  -0.205149  17.2209
0.536505  -0.258015  17.3786
0.510704  -0.309128  17.5379
0.479791  -0.358008  17.6993
0.44399  -0.404167  17.8631
0.403574  -0.447122  18.0295
0.358861  -0.486392  18.1991
0.310222  -0.521513  18.3722
0.258071  -0.55204  18.549
0.202867  -0.577562  18.7296
0.145111  -0.59771  18.9138
0.0853397  -0.61217  19.1015
0.0241228  -0.620693  19.2921
-0.0379466  -0.623105  19.485
-0.100257  -0.619312  19.6795
-0.162188  -0.609303  19.8749
-0.223119  -0.593155  20.0704
-0.282434  -0.571028  20.2656
-0.339537  -0.543158  20.4601
-0.393853  -0.509853  20.6538
-0.444838  -0.471478  20.8466
-0.491986  -0.428447  21.0387
-0.53483  -0.381209  21.2305
-0.572951  -0.33024  21.4225
-0.605975  -0.276029  21.6149
-0.633578  -0.219072  21.8082
-0.655486  -0.159869  22.0027
-0.671472  -0.0989144  22.1986
-0.681364  -0.0367005  22.3959
-0.685034  0.0262848  22.5948
-0.682405  0.0895547  22.7952
-0.67345  0.152621  22.9972
-0.658188  0.21499  23.2008
-0.636689  0.276158  23.4063
-0.609073  0.335612  23.6139
-0.575512  0.392822  23.8241
-0.53623  0.447249  24.0375
-0.491505  0.498339  24.2547
-0.441671  0.545534  24.4765
-0.387118  0.588279  24.7035
-0.32829  0.626031  24.9362
-0.265687  0.658274  25.175
-0.199859  0.684531  25.4197
-0.131406  0.704384  25.67
-0.0609678  0.717487  25.9252
0.0107809  0.72358  26.1842
0.0831389  0.722502  26.4458
0.155389  0.714197  26.7087
0.226809  0.698721  26.9716
0.296681  0.676234  27.2334
0.364304  0.646999  27.4932
0.429004  0.611369  27.7506
0.490141  0.569773  28.0054
0.547118  0.522698  28.2579
0.599388  0.470675  28.5086
0.646456  0.414261  28.7582
0.687882  0.354025  29.0074
0.723284  0.290535  29.2569
0.752338  0.22435  29.5073
0.774773  0.156015  29.759
0.790374  0.0860597  30.0124
0.79898  0.014998  30.2675
0.80048  -0.0566665  30.5243
0.794813  -0.128436  30.783
0.78197  -0.199809  31.0435
0.761989  -0.270277  31.306
0.734961  -0.339313  31.571
0.70103  -0.406369  31.8389
0.660393  -0.470869  32.1108
0.613306  -0.532212  32.3875
0.560085  -0.589769  32.6704
0.501108  -0.642895  32.9606
0.436818  -0.690935  33.2593
0.367725  -0.733241  33.5673
0.294401  -0.76919  33.8851
0.217482  -0.798207  34.2123
0.137661  -0.819784  34.5483
0.0556828  -0.833507  34.8917
-0.0276678  -0.839072  35.2404
-0.111575  -0.836306  35.5922
-0.195206  -0.825171  35.9446
-0.277723  -0.805774  36.2954
-0.3583  -0.778358  36.6426
-0.436136  -0.743289  36.9849
-0.510465  -0.701045  37.3215
-0.580569  -0.652187  37.6524
-0.645788  -0.597337  37.978
-0.705522  -0.537154  38.2994
-0.759237  -0.472311  38.6178
-0.806468  -0.403474  38.9344
-0.846816  -0.33129  39.2504
-0.879945  -0.256372  39.567
-0.905582  -0.179302  39.8847
-0.923512  -0.100623  40.204
-0.933575  -0.0208508  40.5253
-0.93566  0.0595243  40.8484
-0.929707  0.140023  41.1735
-0.915705  0.220168  41.5005
-0.893688  0.299467  41.8298
-0.863741  0.377406  42.162
-0.826001  0.453434  42.498
-0.780657  0.526956  42.839
-0.727962  0.597331  43.187
-0.668229  0.663866  43.5439
-0.601842  0.725826  43.9117
-0.529259  0.782442  44.2926
-0.451015  0.832931  44.6882
-0.367722  0.876519  45.0994
-0.28007  0.912468  45.5263
-0.188823  0.940111  45.9678
-0.0948124  0.958881  46.4218
0.0010757  0.968348  46.8849
0.0979105  0.96824  47.3534
0.194735  0.958465  47.8228
0.290581  0.939114  48.289
0.384492  0.910463  48.7483
0.475539  0.872955  49.1979
0.562834  0.827173  49.6361
0.645552  0.773814  50.0626
0.722933  0.71365  50.478
0.794298  0.647492  50.8837
0.859047  0.576155  51.2818
0.916663  0.500432  51.6744
0.966706  0.421075  52.0638
1.00881  0.338773  52.4518
1.04269  0.254153  52.8399
1.06811  0.167777  53.229
1.08488  0.0801477  53.6196
1.0929  -0.00827718  54.0121
1.09207  -0.0970736  54.4063
1.08236  -0.185832  54.8024
1.06378  -0.274139  55.2005
1.03637  -0.361558  55.6012
1.00021  -0.447614  56.0054
0.955449  -0.531773  56.4149
0.902272  -0.61343  56.8319
0.840929  -0.691904  57.2594
0.771738  -0.76643  57.7008
0.695095  -0.836168  58.1596
0.611478  -0.900214  58.6393
0.521457  -0.957622  59.1426
0.425695  -1.00744  59.6712
0.324951  -1.04873  60.2253
0.220078  -1.08066  60.8031
0.112012  -1.10249  61.4007
0.00176335  -1.11367  62.0128
-0.109603  -1.11384  62.6323
-0.220988  -1.1029  63.2518
-0.331278  -1.08099  63.8637
-0.439377  -1.04846  64.4617
-0.544223  -1.00592  65.041
-0.644815  -0.954147  65.5987
-0.740229  -0.894042  66.1342
-0.829634  -0.826596  66.6485
-0.912293  -0.752828  67.1441
-0.987576  -0.673737  67.6246
-1.05495  -0.590268  68.0937
-1.11398  -0.50328  68.5549
-1.1643  -0.413534  69.0116
-1.20566  -0.321683  69.4661
-1.23783  -0.228275  69.9203
-1.26065  -0.133768  70.3753
-1.27403  -0.0385387  70.8314
-1.27788  0.05709  71.2888
-1.27218  0.152831  71.7476
-1.25689  0.248405  72.2078
-1.23205  0.343519  72.6699
-1.1977  0.437836  73.135
-1.15392  0.530956  73.6048
-1.10082  0.622392  74.0821
-1.03858  0.71155  74.5709
-0.967427  0.797718  75.0757
-0.887655  0.880061  75.6021
-0.799649  0.95762  76.156
-0.703887  1.02933  76.7429
-0.600953  1.09405  77.3676
-0.491548  1.15059  78.0329
-0.376489  1.19779  78.7392
-0.25671  1.23456  79.4836
-0.133254  1.25995  80.26
