0  0.122173  0  0.745385
0.05  0.122173  -0.00609347  0.747241
0.1  0.121868  -0.0121869  0.749102
0.15  0.121259  -0.0182653  0.750968
0.2  0.120346  -0.0243134  0.752839
0.25  0.11913  -0.0303162  0.754714
0.3  0.117614  -0.0362586  0.756593
0.35  0.115801  -0.0421258  0.758478
0.4  0.113695  -0.0479029  0.760367
0.45  0.1113  -0.0535754  0.762261
0.5  0.108621  -0.0591289  0.764159
0.55  0.105665  -0.0645493  0.766063
0.6  0.102437  -0.0698227  0.767971
0.65  0.0989461  -0.0749356  0.769885
0.7  0.0951993  -0.0798749  0.771803
0.75  0.0912056  -0.0846276  0.773727
0.8  0.0869742  -0.0891816  0.775655
0.85  0.0825151  -0.0935248  0.777589
0.9  0.0778389  -0.0976459  0.779528
0.95  0.0729566  -0.101534  0.781472
1  0.0678799  -0.105179  0.783421
1.05  0.062621  -0.10857  0.785376
1.1  0.0571925  -0.111699  0.787337
1.15  0.0516075  -0.114557  0.789302
1.2  0.0458797  -0.117136  0.791273
1.25  0.0400229  -0.119429  0.79325
1.3  0.0340514  -0.12143  0.795231
1.35  0.0279799  -0.123132  0.797218
1.4  0.0218233  -0.124531  0.799211
1.45  0.0155967  -0.125622  0.801208
1.5  0.00931563  -0.126402  0.803211
1.55  0.00299554  -0.126868  0.805219
1.6  -0.00334785  -0.127017  0.807232
1.65  -0.00969872  -0.12685  0.80925
1.7  -0.0160412  -0.126365  0.811273
1.75  -0.0223595  -0.125563  0.813301
1.8  -0.0286376  -0.124445  0.815334
1.85  -0.0348599  -0.123014  0.817371
1.9  -0.0410106  -0.121271  0.819413
1.95  -0.0470741  -0.119221  0.82146
2  -0.0530352  -0.116868  0.823511
2.05  -0.0588786  -0.114218  0.825567
2.1  -0.0645895  -0.111275  0.827628
2.15  -0.0701532  -0.108048  0.829693
2.2  -0.0755556  -0.104543  0.831763
2.25  -0.0807828  -0.100769  0.833837
2.3  -0.0858213  -0.0967344  0.835916
2.35  -0.090658  -0.0924486  0.838
2.4  -0.0952804  -0.0879219  0.840088
2.45  -0.0996765  -0.0831651  0.842181
2.5  -0.103835  -0.0781895  0.844279
2.55  -0.107744  -0.0730071  0.846382
2.6  -0.111395  -0.0676303  0.84849
2.65  -0.114776  -0.0620721  0.850603
2.7  -0.11788  -0.0563459  0.85272
2.75  -0.120697  -0.0504656  0.854843
2.8  -0.12322  -0.0444453  0.856972
2.85  -0.125443  -0.0382999  0.859105
2.9  -0.127358  -0.0320442  0.861243
2.95  -0.12896  -0.0256935  0.863387
3  -0.130244  -0.0192634  0.865536
3.05  -0.131208  -0.0127696  0.867691
3.1  -0.131846  -0.00622801  0.869851
3.15  -0.132158  0.00034521  0.872016
3.2  -0.13214  0.00693387  0.874186
3.25  -0.131794  0.0135217  0.876362
3.3  -0.131117  0.0200923  0.878544
3.35  -0.130113  0.0266294  0.88073
3.4  -0.128781  0.0331167  0.882923
3.45  -0.127126  0.039538  0.88512
3.5  -0.125149  0.0458771  0.887323
3.55  -0.122855  0.0521183  0.889532
3.6  -0.120249  0.0582456  0.891746
3.65  -0.117337  0.0642435  0.893966
3.7  -0.114124  0.0700969  0.896191
3.75  -0.11062  0.0757907  0.898423
3.8  -0.10683  0.0813104  0.90066
3.85  -0.102765  0.0866418  0.902903
3.9  -0.0984324  0.091771  0.905152
3.95  -0.0938439  0.0966847  0.907407
4  -0.0890096  0.10137  0.909668
4.05  -0.0839411  0.105815  0.911935
4.1  -0.0786504  0.110007  0.914209
4.15  -0.0731501  0.113935  0.916489
4.2  -0.0674533  0.117589  0.918775
4.25  -0.0615739  0.12096  0.921067
4.3  -0.0555259  0.124036  0.923366
4.35  -0.0493241  0.126811  0.925672
4.4  -0.0429835  0.129276  0.927984
4.45  -0.0365197  0.131425  0.930302
4.5  -0.0299484  0.13325  0.932626
4.55  -0.0232859  0.134748  0.934957
4.6  -0.0165485  0.135912  0.937294
4.65  -0.00975295  0.136739  0.939637
4.7  -0.00291599  0.137227  0.941986
4.75  0.00394535  0.137373  0.944341
4.8  0.010814  0.137175  0.946701
4.85  0.0176728  0.136635  0.949068
4.9  0.0245045  0.135751  0.95144
4.95  0.031292  0.134526  0.953818
5  0.0380183  0.132962  0.956201
5.05  0.0446664  0.131061  0.95859
5.1  0.0512195  0.128829  0.960984
5.15  0.0576609  0.126269  0.963383
5.2  0.0639744  0.123387  0.965788
5.25  0.0701437  0.120191  0.968197
5.3  0.0761533  0.116686  0.970613
5.35  0.0819876  0.112882  0.973033
5.4  0.0876317  0.108788  0.975458
5.45  0.0930711  0.104412  0.977889
5.5  0.0982917  0.0997649  0.980326
5.55  0.10328  0.0948582  0.982767
5.6  0.108023  0.0897034  0.985214
5.65  0.112508  0.0843127  0.987667
5.7  0.116724  0.0786992  0.990126
5.75  0.120659  0.0728763  0.99259
5.8  0.124302  0.066858  0.99506
5.85  0.127645  0.0606588  0.997535
5.9  0.130678  0.0542939  1.00002
5.95  0.133393  0.0477786  1.00251
6  0.135782  0.0411287  1.005
6.05  0.137838  0.0343604  1.0075
6.1  0.139556  0.0274903  1.01
6.15  0.140931  0.0205351  1.01252
6.2  0.141958  0.0135119  1.01504
6.25  0.142633  0.00643781  1.01756
6.3  0.142955  -0.000669696  1.02009
6.35  0.142922  -0.00779313  1.02263
6.4  0.142532  -0.0149149  1.02517
6.45  0.141786  -0.0220174  1.02772
6.5  0.140685  -0.029083  1.03028
6.55  0.139231  -0.0360941  1.03284
6.6  0.137426  -0.0430332  1.03541
6.65  0.135275  -0.0498829  1.03798
6.7  0.132781  -0.056626  1.04057
6.75  0.129949  -0.0632455  1.04315
6.8  0.126787  -0.0697247  1.04575
6.85  0.123301  -0.0760471  1.04835
6.9  0.119499  -0.0821966  1.05096
6.95  0.115389  -0.0881573  1.05357
7  0.110981  -0.0939139  1.0562
7.05  0.106285  -0.0994516  1.05883
7.1  0.101313  -0.104756  1.06146
7.15  0.0960747  -0.109813  1.06411
7.2  0.0905841  -0.114609  1.06676
7.25  0.0848537  -0.119132  1.06941
7.3  0.078897  -0.12337  1.07208
7.35  0.0727286  -0.127311  1.07475
7.4  0.066363  -0.130944  1.07743
7.45  0.0598158  -0.134259  1.08012
7.5  0.0531029  -0.137248  1.08282
7.55  0.0462405  -0.139902  1.08552
7.6  0.0392453  -0.142214  1.08823
7.65  0.0321347  -0.144175  1.09095
7.7  0.0249259  -0.145782  1.09368
7.75  0.0176368  -0.147028  1.09641
7.8  0.0102854  -0.14791  1.09915
7.85  0.00288992  -0.148424  1.1019
7.9  -0.00453128  -0.148568  1.10466
7.95  -0.0119597  -0.148342  1.10742
8  -0.0193768  -0.147744  1.11019
8.05  -0.026764  -0.146775  1.11296
8.1  -0.0341028  -0.145437  1.11574
8.15  -0.0413746  -0.143732  1.11853
8.2  -0.0485612  -0.141664  1.12132
8.25  -0.0556444  -0.139237  1.12412
8.3  -0.0626063  -0.136456  1.12693
8.35  -0.0694291  -0.133328  1.12974
8.4  -0.0760955  -0.129859  1.13256
8.45  -0.0825885  -0.126058  1.13538
8.5  -0.0888914  -0.121934  1.13821
8.55  -0.0949881  -0.117495  1.14105
8.6  -0.100863  -0.112753  1.14389
8.65  -0.1065  -0.107718  1.14674
8.7  -0.111886  -0.102403  1.14959
8.75  -0.117006  -0.0968203  1.15245
8.8  -0.121847  -0.0909833  1.15532
8.85  -0.126397  -0.084906  1.15819
8.9  -0.130642  -0.078603  1.16107
8.95  -0.134572  -0.0720895  1.16396
9  -0.138177  -0.0653812  1.16686
9.05  -0.141446  -0.0584943  1.16976
9.1  -0.14437  -0.0514456  1.17266
9.15  -0.146943  -0.0442521  1.17558
9.2  -0.149155  -0.0369314  1.1785
9.25  -0.151002  -0.0295012  1.18143
9.3  -0.152477  -0.0219798  1.18437
9.35  -0.153576  -0.0143855  1.18731
9.4  -0.154295  -0.00673683  1.19026
9.45  -0.154632  0.000947349  1.19322
9.5  -0.154585  0.00864817  1.19618
9.55  -0.154152  0.0163467  1.19915
9.6  -0.153335  0.0240238  1.20213
9.65  -0.152134  0.0316605  1.20512
9.7  -0.150551  0.0392379  1.20812
9.75  -0.148589  0.046737  1.21112
9.8  -0.146252  0.0541392  1.21413
9.85  -0.143545  0.0614257  1.21715
9.9  -0.140474  0.0685783  1.22017
9.95  -0.137045  0.0755789  1.2232
10  -0.133266  0.0824097  1.22624
10.05  -0.129145  0.0890533  1.22929
10.1  -0.124693  0.0954927  1.23235
10.15  -0.119918  0.101711  1.23541
10.2  -0.114832  0.107693  1.23849
10.25  -0.109448  0.113422  1.24157
10.3  -0.103777  0.118883  1.24466
10.35  -0.0978326  0.124063  1.24776
10.4  -0.0916295  0.128947  1.25086
10.45  -0.0851821  0.133522  1.25398
10.5  -0.078506  0.137776  1.25711
10.55  -0.0716173  0.141697  1.26024
10.6  -0.0645324  0.145275  1.26339
10.65  -0.0572687  0.148499  1.26654
10.7  -0.0498437  0.151361  1.2697
10.75  -0.0422757  0.153852  1.27287
10.8  -0.0345831  0.155965  1.27605
10.85  -0.0267848  0.157694  1.27924
10.9  -0.0189001  0.159033  1.28244
10.95  -0.0109485  0.159978  1.28564
11  -0.00294958  0.160525  1.28886
11.05  0.00507669  0.160673  1.29208
11.1  0.0131103  0.160419  1.29531
11.15  0.0211313  0.159764  1.29855
11.2  0.0291195  0.158707  1.30179
11.25  0.0370548  0.157251  1.30504
11.3  0.0449174  0.155399  1.3083
11.35  0.0526873  0.153154  1.31157
11.4  0.060345  0.150521  1.31485
11.45  0.0678711  0.147505  1.31813
11.5  0.0752463  0.144114  1.32142
11.55  0.0824521  0.140356  1.32471
11.6  0.0894699  0.136238  1.32801
11.65  0.0962817  0.13177  1.33132
11.7  0.10287  0.126964  1.33463
11.75  0.109218  0.121829  1.33796
11.8  0.11531  0.116379  1.34129
11.85  0.121129  0.110626  1.34462
11.9  0.12666  0.104585  1.34796
11.95  0.131889  0.0982685  1.35132
12  0.136803  0.0916932  1.35467
12.05  0.141387  0.0848744  1.35804
12.1  0.145631  0.0778285  1.36141
12.15  0.149523  0.0705727  1.36479
12.2  0.153051  0.0631244  1.36818
12.25  0.156207  0.0555016  1.37158
12.3  0.158983  0.047723  1.37499
12.35  0.161369  0.0398073  1.3784
12.4  0.163359  0.0317738  1.38182
12.45  0.164948  0.0236422  1.38525
12.5  0.16613  0.0154321  1.38869
12.55  0.166901  0.0071638  1.39214
12.6  0.16726  -0.00114258  1.3956
12.65  0.167203  -0.00946663  1.39906
12.7  0.166729  -0.0177879  1.40253
12.75  0.16584  -0.0260857  1.40602
12.8  0.164536  -0.0343398  1.40951
12.85  0.162819  -0.0425295  1.41301
12.9  0.160692  -0.0506345  1.41651
12.95  0.15816  -0.0586346  1.42003
13  0.155229  -0.0665096  1.42356
13.05  0.151903  -0.0742399  1.42709
13.1  0.148191  -0.0818059  1.43063
13.15  0.144101  -0.0891884  1.43419
13.2  0.139641  -0.0963685  1.43775
13.25  0.134823  -0.103328  1.44132
13.3  0.129657  -0.110049  1.4449
13.35  0.124154  -0.116513  1.44849
13.4  0.118328  -0.122705  1.45209
13.45  0.112193  -0.128608  1.4557
13.5  0.105763  -0.134206  1.45933
13.55  0.0990525  -0.139484  1.46296
13.6  0.0920784  -0.144428  1.4666
13.65  0.0848569  -0.149026  1.47025
13.7  0.0774056  -0.153264  1.47392
13.75  0.0697425  -0.15713  1.47759
13.8  0.0618859  -0.160614  1.48128
13.85  0.0538552  -0.163707  1.48498
13.9  0.0456699  -0.166398  1.48869
13.95  0.03735  -0.168681  1.4924
14  0.028916  -0.170548  1.49613
14.05  0.0203886  -0.171993  1.49987
14.1  0.0117889  -0.173013  1.50362
14.15  0.00313824  -0.173602  1.50738
14.2  -0.00554187  -0.173759  1.51115
14.25  -0.0142298  -0.173482  1.51493
14.3  -0.0229039  -0.172771  1.51871
14.35  -0.0315425  -0.171626  1.52251
14.4  -0.0401237  -0.170049  1.52631
14.45  -0.0486262  -0.168043  1.53012
14.5  -0.0570283  -0.165613  1.53395
14.55  -0.065309  -0.162763  1.53777
14.6  -0.0734471  -0.1595  1.54161
14.65  -0.0814221  -0.155831  1.54545
14.7  -0.0892136  -0.151764  1.54931
14.75  -0.0968018  -0.147309  1.55316
14.8  -0.104167  -0.142477  1.55703
14.85  -0.111291  -0.137278  1.56091
14.9  -0.118155  -0.131725  1.56479
14.95  -0.124741  -0.125831  1.56868
15  -0.131033  -0.11961  1.57258
15.05  -0.137013  -0.113077  1.57648
15.1  -0.142667  -0.106248  1.5804
15.15  -0.147979  -0.0991384  1.58432
15.2  -0.152936  -0.0917664  1.58825
15.25  -0.157525  -0.0841494  1.59219
15.3  -0.161732  -0.0763057  1.59614
15.35  -0.165547  -0.0682543  1.6001
15.4  -0.16896  -0.0600147  1.60407
15.45  -0.171961  -0.0516068  1.60805
15.5  -0.174541  -0.0430511  1.61204
15.55  -0.176694  -0.0343682  1.61604
15.6  -0.178412  -0.0255794  1.62004
15.65  -0.179691  -0.0167061  1.62406
15.7  -0.180527  -0.0077698  1.62809
15.75  -0.180915  0.00120758  1.63213
15.8  -0.180855  0.0102041  1.63617
15.85  -0.180344  0.0191976  1.64023
15.9  -0.179385  0.028166  1.6443
15.95  -0.177976  0.0370872  1.64837
16  -0.176122  0.0459391  1.65246
16.05  -0.173825  0.0546998  1.65656
16.1  -0.17109  0.0633473  1.66067
16.15  -0.167923  0.0718601  1.66478
16.2  -0.16433  0.0802168  1.66891
16.25  -0.160319  0.0883964  1.67305
16.3  -0.155899  0.096378  1.6772
16.35  -0.15108  0.104141  1.68136
16.4  -0.145873  0.111667  1.68553
16.45  -0.14029  0.118935  1.68972
16.5  -0.134343  0.125926  1.69391
16.55  -0.128047  0.132623  1.69812
16.6  -0.121415  0.139008  1.70234
16.65  -0.114465  0.145064  1.70657
16.7  -0.107212  0.150774  1.71082
16.75  -0.0996731  0.156125  1.71507
16.8  -0.0918669  0.1611  1.71934
16.85  -0.0838119  0.165687  1.72363
16.9  -0.0755275  0.169873  1.72792
16.95  -0.0670339  0.173646  1.73223
17  -0.0583516  0.176995  1.73655
17.05  -0.0495019  0.179911  1.74089
17.1  -0.0405063  0.182385  1.74524
17.15  -0.0313871  0.18441  1.7496
17.2  -0.0221666  0.185979  1.75397
17.25  -0.0128677  0.187087  1.75835
17.3  -0.00351333  0.18773  1.76275
17.35  0.00587318  0.187906  1.76716
17.4  0.0152685  0.187612  1.77157
17.45  0.0246491  0.186849  1.776
17.5  0.0339915  0.185617  1.78044
17.55  0.0432724  0.183917  1.78489
17.6  0.0524682  0.181754  1.78935
17.65  0.0615559  0.179132  1.79381
17.7  0.0705125  0.176056  1.79829
17.75  0.0793153  0.172534  1.80277
17.8  0.087942  0.168572  1.80727
17.85  0.0963706  0.16418  1.81177
17.9  0.10458  0.159369  1.81628
17.95  0.112548  0.15415  1.8208
18  0.120256  0.148534  1.82532
18.05  0.127682  0.142536  1.82986
18.1  0.134809  0.136169  1.8344
18.15  0.141618  0.129449  1.83896
18.2  0.14809  0.122392  1.84352
18.25  0.15421  0.115015  1.84809
18.3  0.15996  0.107335  1.85268
18.35  0.165327  0.0993707  1.85727
18.4  0.170296  0.0911419  1.86187
18.45  0.174853  0.0826682  1.86649
18.5  0.178986  0.0739701  1.87111
18.55  0.182685  0.0650685  1.87574
18.6  0.185938  0.055985  1.88039
18.65  0.188737  0.0467415  1.88505
18.7  0.191074  0.0373606  1.88972
18.75  0.192942  0.0278649  1.8944
18.8  0.194336  0.0182775  1.89909
18.85  0.19525  0.00862178  1.90379
18.9  0.195681  -0.00107879  1.9085
18.95  0.195627  -0.0108005  1.91323
19  0.195087  -0.0205196  1.91797
19.05  0.194061  -0.0302122  1.92272
19.1  0.19255  -0.0398544  1.92748
19.15  0.190557  -0.0494225  1.93225
19.2  0.188086  -0.0588928  1.93703
19.25  0.185142  -0.0682418  1.94183
19.3  0.18173  -0.0774461  1.94664
19.35  0.177857  -0.0864826  1.95146
19.4  0.173533  -0.0953287  1.95629
19.45  0.168767  -0.103962  1.96114
19.5  0.163569  -0.11236  1.96599
19.55  0.157951  -0.120502  1.97087
19.6  0.151925  -0.128367  1.97575
19.65  0.145507  -0.135934  1.98065
19.7  0.13871  -0.143184  1.98557
19.75  0.131551  -0.150097  1.9905
19.8  0.124046  -0.156656  1.99544
19.85  0.116214  -0.162842  2.0004
19.9  0.108071  -0.16864  2.00537
19.95  0.0996395  -0.174033  2.01036
20  0.0909379  -0.179006  2.01537
20.05  0.0819875  -0.183547  2.02039
20.1  0.0728102  -0.187642  2.02542
20.15  0.0634281  -0.191279  2.03047
20.2  0.0538641  -0.194448  2.03554
20.25  0.0441417  -0.19714  2.04062
20.3  0.0342847  -0.199347  2.04572
20.35  0.0243174  -0.201061  2.05083
20.4  0.0142643  -0.202276  2.05596
20.45  0.00415051  -0.20299  2.0611
20.5  -0.00599897  -0.203197  2.06625
20.55  -0.0161588  -0.202897  2.07142
20.6  -0.0263037  -0.202089  2.0766
20.65  -0.0364081  -0.200774  2.08178
20.7  -0.0464469  -0.198954  2.08698
20.75  -0.0563946  -0.196633  2.0922
20.8  -0.0662262  -0.193814  2.09742
20.85  -0.0759169  -0.190506  2.10265
20.9  -0.0854422  -0.186713  2.10789
20.95  -0.0947779  -0.182446  2.11314
21  -0.1039  -0.177715  2.1184
21.05  -0.112786  -0.172529  2.12367
21.1  -0.121412  -0.166902  2.12895
21.15  -0.129757  -0.160846  2.13424
21.2  -0.1378  -0.154376  2.13954
21.25  -0.145519  -0.147508  2.14485
21.3  -0.152894  -0.140258  2.15017
21.35  -0.159907  -0.132643  2.15549
21.4  -0.166539  -0.124682  2.16083
21.45  -0.172773  -0.116393  2.16618
21.5  -0.178593  -0.107797  2.17155
21.55  -0.183983  -0.098915  2.17692
21.6  -0.188928  -0.0897677  2.18231
21.65  -0.193417  -0.0803774  2.1877
21.7  -0.197436  -0.0707667  2.19311
21.75  -0.200974  -0.060959  2.19854
21.8  -0.204022  -0.0509778  2.20397
21.85  -0.206571  -0.0408473  2.20942
21.9  -0.208613  -0.0305921  2.21489
21.95  -0.210143  -0.0202369  2.22036
22  -0.211155  -0.00980692  2.22585
22.05  -0.211645  0.000672532  2.23135
22.1  -0.211611  0.011176  2.23687
22.15  -0.211052  0.0216777  2.2424
22.2  -0.209969  0.0321522  2.24794
22.25  -0.208361  0.0425736  2.2535
22.3  -0.206232  0.0529165  2.25907
22.35  -0.203586  0.0631552  2.26465
22.4  -0.200429  0.0732643  2.27025
22.45  -0.196766  0.0832188  2.27586
22.5  -0.192605  0.0929937  2.28149
22.55  -0.187955  0.102564  2.28713
22.6  -0.182827  0.111907  2.29279
22.65  -0.177231  0.120997  2.29846
22.7  -0.171181  0.129813  2.30415
22.75  -0.164691  0.13833  2.30985
22.8  -0.157774  0.146527  2.31557
22.85  -0.150448  0.154383  2.32131
22.9  -0.142729  0.161878  2.32706
22.95  -0.134635  0.16899  2.33284
23  -0.126185  0.175701  2.33863
23.05  -0.1174  0.181994  2.34444
23.1  -0.108301  0.18785  2.35026
23.15  -0.0989081  0.193255  2.35611
23.2  -0.0892454  0.198192  2.36198
23.25  -0.0793358  0.202648  2.36786
23.3  -0.0692034  0.206611  2.37377
23.35  -0.0588728  0.210068  2.37969
23.4  -0.0483694  0.21301  2.38563
23.45  -0.0377189  0.215428  2.39159
23.5  -0.0269475  0.217313  2.39756
23.55  -0.0160818  0.218661  2.40355
23.6  -0.00514879  0.219465  2.40956
23.65  0.00582445  0.219722  2.41559
23.7  0.0168106  0.219431  2.42163
23.75  0.0277821  0.21859  2.42768
23.8  0.0387116  0.217201  2.43374
23.85  0.0495717  0.215266  2.43982
23.9  0.060335  0.212789  2.44591
23.95  0.0709745  0.209774  2.45202
24  0.0814631  0.206228  2.45813
24.05  0.0917746  0.202159  2.46426
24.1  0.101883  0.197577  2.47039
24.15  0.111761  0.192492  2.47654
24.2  0.121386  0.186915  2.48269
24.25  0.130732  0.180861  2.48886
24.3  0.139775  0.174343  2.49504
24.35  0.148492  0.167377  2.50122
24.4  0.156861  0.15998  2.50742
24.45  0.16486  0.152169  2.51363
24.5  0.172468  0.143963  2.51985
24.55  0.179666  0.135382  2.52608
24.6  0.186436  0.126447  2.53233
24.65  0.192758  0.117179  2.53859
24.7  0.198617  0.107601  2.54486
24.75  0.203997  0.0977354  2.55114
24.8  0.208884  0.0876062  2.55744
24.85  0.213264  0.0772378  2.56375
24.9  0.217126  0.0666552  2.57008
24.95  0.220459  0.055884  2.57643
25  0.223253  0.0449502  2.58278
25.05  0.2255  0.03388  2.58916
25.1  0.227194  0.0227003  2.59555
25.15  0.228329  0.0114381  2.60195
25.2  0.228901  0.000120558  2.60837
25.25  0.228907  -0.0112248  2.61481
25.3  0.228346  -0.0225705  2.62126
25.35  0.227218  -0.0338888  2.62773
25.4  0.225523  -0.0451522  2.63421
25.45  0.223265  -0.056333  2.64071
25.5  0.220449  -0.0674038  2.64722
25.55  0.217079  -0.0783372  2.65375
25.6  0.213162  -0.089106  2.6603
25.65  0.208706  -0.0996836  2.66687
25.7  0.203722  -0.110043  2.67345
25.75  0.19822  -0.120159  2.68005
25.8  0.192212  -0.130005  2.68667
25.85  0.185712  -0.139557  2.6933
25.9  0.178734  -0.148789  2.69996
25.95  0.171295  -0.157678  2.70663
26  0.163411  -0.166201  2.71333
26.05  0.155101  -0.174336  2.72004
26.1  0.146384  -0.18206  2.72678
26.15  0.137281  -0.189353  2.73354
26.2  0.127813  -0.196195  2.74033
26.25  0.118003  -0.202568  2.74713
26.3  0.107875  -0.208455  2.75396
26.35  0.0974523  -0.213838  2.76081
26.4  0.0867604  -0.218703  2.76768
26.45  0.0758252  -0.223036  2.77458
26.5  0.0646735  -0.226823  2.7815
26.55  0.0533323  -0.230055  2.78844
26.6  0.0418296  -0.23272  2.7954
26.65  0.0301936  -0.234811  2.80239
26.7  0.018453  -0.23632  2.80939
26.75  0.006637  -0.237243  2.81641
26.8  -0.00522515  -0.237575  2.82345
26.85  -0.0171039  -0.237314  2.83051
26.9  -0.0289696  -0.236458  2.83759
26.95  -0.0407925  -0.23501  2.84468
27  -0.052543  -0.232971  2.85178
27.05  -0.0641916  -0.230345  2.8589
27.1  -0.0757088  -0.227138  2.86603
27.15  -0.0870657  -0.223356  2.87318
27.2  -0.0982335  -0.219008  2.88033
27.25  -0.109184  -0.214104  2.8875
27.3  -0.119889  -0.208656  2.89468
27.35  -0.130322  -0.202676  2.90187
27.4  -0.140456  -0.196178  2.90906
27.45  -0.150265  -0.189179  2.91628
27.5  -0.159724  -0.181694  2.9235
27.55  -0.168808  -0.173741  2.93073
27.6  -0.177495  -0.165341  2.93798
27.65  -0.185762  -0.156513  2.94524
27.7  -0.193588  -0.147278  2.95251
27.75  -0.200952  -0.137659  2.95979
27.8  -0.207835  -0.127679  2.96709
27.85  -0.214219  -0.117362  2.97441
27.9  -0.220087  -0.106732  2.98174
27.95  -0.225423  -0.0958167  2.98909
28  -0.230214  -0.0846407  2.99645
28.05  -0.234446  -0.0732314  3.00383
28.1  -0.238108  -0.0616162  3.01123
28.15  -0.241189  -0.049823  3.01864
28.2  -0.24368  -0.0378801  3.02608
28.25  -0.245574  -0.0258164  3.03353
28.3  -0.246865  -0.0136607  3.041
28.35  -0.247548  -0.00144247  3.04848
28.4  -0.24762  0.0108089  3.05599
28.45  -0.247079  0.0230637  3.06351
28.5  -0.245926  0.0352924  3.07105
28.55  -0.244162  0.0474651  3.07861
28.6  -0.241788  0.0595523  3.08619
28.65  -0.238811  0.0715242  3.09379
28.7  -0.235234  0.0833516  3.1014
28.75  -0.231067  0.0950052  3.10904
28.8  -0.226317  0.106456  3.11669
28.85  -0.220994  0.117675  3.12437
28.9  -0.21511  0.128635  3.13206
28.95  -0.208678  0.139308  3.13978
29  -0.201713  0.149667  3.14752
29.05  -0.19423  0.159684  3.15528
29.1  -0.186245  0.169334  3.16307
29.15  -0.177779  0.178593  3.17088
29.2  -0.168849  0.187435  3.17871
29.25  -0.159477  0.195838  3.18657
29.3  -0.149685  0.203778  3.19446
29.35  -0.139496  0.211234  3.20238
29.4  -0.128935  0.218186  3.21032
29.45  -0.118025  0.224615  3.21829
29.5  -0.106795  0.230503  3.22629
29.55  -0.0952696  0.235832  3.23432
29.6  -0.083478  0.240589  3.24237
29.65  -0.0714485  0.244758  3.25045
29.7  -0.0592107  0.248327  3.25856
29.75  -0.0467943  0.251286  3.26669
29.8  -0.03423  0.253625  3.27485
29.85  -0.0215488  0.255336  3.28304
29.9  -0.008782  0.256413  3.29124
29.95  0.00403866  0.256852  3.29947
30  0.0168813  0.25665  3.30772
30.05  0.0297138  0.255806  3.31599
30.1  0.0425041  0.254321  3.32427
30.15  0.0552202  0.252196  3.33257
30.2  0.06783  0.249437  3.34089
30.25  0.0803018  0.246048  3.34922
30.3  0.0926042  0.242037  3.35757
30.35  0.104706  0.237413  3.36592
30.4  0.116577  0.232188  3.37429
30.45  0.128186  0.226372  3.38267
30.5  0.139505  0.21998  3.39107
30.55  0.150504  0.213028  3.39947
30.6  0.161155  0.205531  3.40789
30.65  0.171432  0.197508  3.41631
30.7  0.181307  0.188978  3.42475
30.75  0.190756  0.179962  3.43321
30.8  0.199754  0.170482  3.44167
30.85  0.208278  0.160561  3.45015
30.9  0.216306  0.150222  3.45865
30.95  0.223817  0.139491  3.46716
31  0.230792  0.128393  3.47569
31.05  0.237212  0.116956  3.48423
31.1  0.243059  0.105206  3.4928
31.15  0.24832  0.0931726  3.50138
31.2  0.252978  0.0808839  3.50998
31.25  0.257023  0.0683694  3.5186
31.3  0.260441  0.0556593  3.52725
31.35  0.263224  0.042784  3.53591
31.4  0.265363  0.0297743  3.54459
31.45  0.266852  0.0166613  3.5533
31.5  0.267685  0.00347647  3.56202
31.55  0.267859  -0.0097485  3.57077
31.6  0.267371  -0.0229819  3.57954
31.65  0.266222  -0.0361917  3.58833
31.7  0.264413  -0.0493461  3.59714
31.75  0.261945  -0.0624133  3.60597
31.8  0.258825  -0.0753613  3.61482
31.85  0.255057  -0.0881585  3.62369
31.9  0.250649  -0.100774  3.63259
31.95  0.24561  -0.113175  3.64151
32  0.239951  -0.125333  3.65046
32.05  0.233685  -0.137215  3.65942
32.1  0.226824  -0.148793  3.66842
32.15  0.219384  -0.160038  3.67744
32.2  0.211382  -0.170919  3.68648
32.25  0.202836  -0.18141  3.69556
32.3  0.193766  -0.191482  3.70466
32.35  0.184192  -0.20111  3.7138
32.4  0.174136  -0.210267  3.72297
32.45  0.163623  -0.21893  3.73216
32.5  0.152676  -0.227075  3.7414
32.55  0.141323  -0.234679  3.75066
32.6  0.129589  -0.241722  3.75996
32.65  0.117503  -0.248183  3.76929
32.7  0.105093  -0.254045  3.77866
32.75  0.0923912  -0.25929  3.78806
32.8  0.0794267  -0.263903  3.7975
32.85  0.0662315  -0.26787  3.80697
32.9  0.052838  -0.271179  3.81647
32.95  0.0392791  -0.27382  3.826
33  0.0255881  -0.275783  3.83556
33.05  0.0117989  -0.277063  3.84514
33.1  -0.00205419  -0.277652  3.85475
33.15  -0.0159368  -0.27755  3.86439
33.2  -0.0298143  -0.276753  3.87405
33.25  -0.0436519  -0.275262  3.88373
33.3  -0.0574151  -0.273081  3.89343
33.35  -0.0710691  -0.270211  3.90314
33.4  -0.0845797  -0.266661  3.91287
33.45  -0.0979127  -0.262437  3.92262
33.5  -0.111035  -0.257549  3.93238
33.55  -0.123912  -0.252009  3.94215
33.6  -0.136512  -0.245829  3.95193
33.65  -0.148804  -0.239025  3.96173
33.7  -0.160755  -0.231612  3.97153
33.75  -0.172336  -0.223609  3.98135
33.8  -0.183516  -0.215034  3.99118
33.85  -0.194268  -0.20591  4.00102
33.9  -0.204563  -0.196258  4.01088
33.95  -0.214376  -0.186101  4.02075
34  -0.223681  -0.175464  4.03063
34.05  -0.232454  -0.164373  4.04053
34.1  -0.240673  -0.152854  4.05045
34.15  -0.248316  -0.140937  4.06038
34.2  -0.255363  -0.128648  4.07034
34.25  -0.261795  -0.116018  4.08032
34.3  -0.267596  -0.103077  4.09031
34.35  -0.27275  -0.0898567  4.10033
34.4  -0.277243  -0.0763877  4.11038
34.45  -0.281062  -0.0627025  4.12044
34.5  -0.284197  -0.0488337  4.13053
34.55  -0.286639  -0.0348143  4.14064
34.6  -0.28838  -0.0206778  4.15078
34.65  -0.289413  -0.00645787  4.16094
34.7  -0.289736  0.00781164  4.17113
34.75  -0.289346  0.0220966  4.18134
34.8  -0.288241  0.0363629  4.19157
34.85  -0.286423  0.0505762  4.20183
34.9  -0.283894  0.0647023  4.21212
34.95  -0.280659  0.0787071  4.22243
35  -0.276724  0.0925566  4.23276
35.05  -0.272096  0.106217  4.24312
35.1  -0.266785  0.119654  4.25351
35.15  -0.260802  0.132836  4.26392
35.2  -0.25416  0.145729  4.27437
35.25  -0.246874  0.1583  4.28484
35.3  -0.238959  0.170519  4.29535
35.35  -0.230433  0.182354  4.30588
35.4  -0.221315  0.193774  4.31645
35.45  -0.211627  0.204749  4.32706
35.5  -0.201389  0.215252  4.3377
35.55  -0.190627  0.225253  4.34838
35.6  -0.179364  0.234727  4.3591
35.65  -0.167628  0.243647  4.36986
35.7  -0.155445  0.251989  4.38066
35.75  -0.142846  0.25973  4.3915
35.8  -0.129859  0.266848  4.40239
35.85  -0.116517  0.273323  4.41332
35.9  -0.102851  0.279136  4.42428
35.95  -0.0888938  0.284269  4.43529
36  -0.0746804  0.288708  4.44635
36.05  -0.060245  0.292439  4.45743
36.1  -0.045623  0.295449  4.46856
36.15  -0.0308506  0.297729  4.47972
36.2  -0.0159641  0.299272  4.49092
36.25  -0.00100054  0.30007  4.50215
36.3  0.014003  0.30012  4.5134
36.35  0.0290089  0.29942  4.52468
36.4  0.0439799  0.29797  4.53599
36.45  0.0588784  0.295771  4.54731
36.5  0.073667  0.292829  4.55866
36.55  0.0883084  0.289149  4.57002
36.6  0.102766  0.284739  4.5814
36.65  0.117003  0.27961  4.59279
36.7  0.130983  0.273773  4.6042
36.75  0.144672  0.267243  4.61561
36.8  0.158034  0.260034  4.62704
36.85  0.171036  0.252166  4.63847
36.9  0.183644  0.243655  4.64992
36.95  0.195827  0.234525  4.66138
37  0.207553  0.224796  4.67285
37.05  0.218793  0.214492  4.68434
37.1  0.229518  0.20364  4.69583
37.15  0.2397  0.192265  4.70735
37.2  0.249313  0.180394  4.71888
37.25  0.258332  0.168057  4.73043
37.3  0.266735  0.155284  4.742
37.35  0.2745  0.142104  4.75359
37.4  0.281605  0.128551  4.7652
37.45  0.288032  0.114656  4.77683
37.5  0.293765  0.100453  4.7885
37.55  0.298788  0.0859751  4.80018
37.6  0.303087  0.071257  4.8119
37.65  0.306649  0.0563337  4.82364
37.7  0.309466  0.0412404  4.83541
37.75  0.311528  0.0260129  4.8472
37.8  0.312829  0.0106872  4.85903
37.85  0.313363  -0.00470039  4.87088
37.9  0.313128  -0.0201134  4.88276
37.95  0.312122  -0.0355152  4.89467
38  0.310347  -0.0508691  4.90661
38.05  0.307803  -0.0661386  4.91857
38.1  0.304496  -0.0812869  4.93057
38.15  0.300432  -0.0962775  4.94259
38.2  0.295618  -0.111074  4.95465
38.25  0.290064  -0.125641  4.96673
38.3  0.283782  -0.139941  4.97885
38.35  0.276785  -0.153941  4.991
38.4  0.269088  -0.167604  5.00319
38.45  0.260708  -0.180897  5.01541
38.5  0.251663  -0.193785  5.02767
38.55  0.241974  -0.206236  5.03997
38.6  0.231662  -0.218217  5.05231
38.65  0.220751  -0.229696  5.0647
38.7  0.209266  -0.240645  5.07713
38.75  0.197234  -0.251032  5.08961
38.8  0.184683  -0.26083  5.10215
38.85  0.171641  -0.270011  5.11473
38.9  0.158141  -0.278551  5.12736
38.95  0.144213  -0.286425  5.14004
39  0.129892  -0.293611  5.15278
39.05  0.115211  -0.300087  5.16557
39.1  0.100207  -0.305835  5.17841
39.15  0.0849151  -0.310837  5.1913
39.2  0.0693732  -0.315078  5.20424
39.25  0.0536193  -0.318544  5.21722
39.3  0.0376921  -0.321223  5.23025
39.35  0.021631  -0.323108  5.24332
39.4  0.0054756  -0.324189  5.25643
39.45  -0.0107339  -0.324463  5.26957
39.5  -0.026957  -0.323926  5.28274
39.55  -0.0431533  -0.322578  5.29594
39.6  -0.0592822  -0.320421  5.30916
39.65  -0.0753033  -0.317459  5.32241
39.7  -0.0911763  -0.313697  5.33567
39.75  -0.106861  -0.309145  5.34895
39.8  -0.122318  -0.303812  5.36225
39.85  -0.137509  -0.297711  5.37555
39.9  -0.152395  -0.290858  5.38887
39.95  -0.166937  -0.283267  5.40219
40  -0.181101  -0.274959  5.41553
40.05  -0.194849  -0.265954  5.42887
40.1  -0.208146  -0.256273  5.44222
40.15  -0.22096  -0.24594  5.45558
40.2  -0.233257  -0.234982  5.46896
40.25  -0.245006  -0.223425  5.48235
40.3  -0.256177  -0.211296  5.49575
40.35  -0.266742  -0.198627  5.50917
40.4  -0.276674  -0.185448  5.5226
40.45  -0.285946  -0.17179  5.53606
40.5  -0.294535  -0.157687  5.54954
40.55  -0.30242  -0.143172  5.56305
40.6  -0.309578  -0.12828  5.57658
40.65  -0.315992  -0.113047  5.59014
40.7  -0.321645  -0.0975095  5.60373
40.75  -0.32652  -0.0817031  5.61735
40.8  -0.330605  -0.0656656  5.631
40.85  -0.333889  -0.0494348  5.64468
40.9  -0.33636  -0.0330489  5.65839
40.95  -0.338013  -0.0165462  5.67214
41  -0.33884  3.44662e-005  5.68592
41.05  -0.338838  0.0166541  5.69973
41.1  -0.338006  0.0332737  5.71357
41.15  -0.336342  0.049854  5.72745
41.2  -0.333849  0.0663559  5.74136
41.25  -0.330532  0.08274  5.7553
41.3  -0.326395  0.0989673  5.76928
41.35  -0.321446  0.114999  5.78329
41.4  -0.315696  0.130796  5.79733
41.45  -0.309156  0.14632  5.81142
41.5  -0.301841  0.161532  5.82554
41.55  -0.293764  0.176396  5.8397
41.6  -0.284944  0.190874  5.85391
41.65  -0.2754  0.204929  5.86816
41.7  -0.265154  0.218526  5.88246
41.75  -0.254228  0.231629  5.89681
41.8  -0.242646  0.244204  5.91122
41.85  -0.230436  0.256217  5.92568
41.9  -0.217625  0.267637  5.94019
41.95  -0.204243  0.278433  5.95477
42  -0.190322  0.288574  5.96941
42.05  -0.175893  0.298033  5.98412
42.1  -0.160991  0.306782  5.99888
42.15  -0.145652  0.314797  6.01372
42.2  -0.129912  0.322054  6.02862
42.25  -0.11381  0.328531  6.04358
42.3  -0.0973829  0.33421  6.0586
42.35  -0.0806725  0.339071  6.07369
42.4  -0.0637189  0.3431  6.08883
42.45  -0.0465639  0.346284  6.10403
42.5  -0.0292497  0.348612  6.11927
42.55  -0.0118191  0.350074  6.13457
42.6  0.00568459  0.350665  6.1499
42.65  0.0232178  0.350381  6.16528
42.7  0.0407369  0.34922  6.18068
42.75  0.0581978  0.347183  6.19612
42.8  0.075557  0.344275  6.21158
42.85  0.0927708  0.340501  6.22706
42.9  0.109796  0.335869  6.24255
42.95  0.126589  0.33039  6.25806
43  0.143109  0.324078  6.27358
43.05  0.159313  0.316947  6.2891
43.1  0.17516  0.309015  6.30464
43.15  0.190611  0.300301  6.32018
43.2  0.205626  0.290828  6.33572
43.25  0.220167  0.280619  6.35127
43.3  0.234198  0.2697  6.36683
43.35  0.247683  0.258097  6.3824
43.4  0.260588  0.245839  6.39797
43.45  0.27288  0.232956  6.41356
43.5  0.284528  0.219481  6.42917
43.55  0.295502  0.205446  6.44479
43.6  0.305774  0.190885  6.46043
43.65  0.315318  0.175833  6.4761
43.7  0.32411  0.160327  6.49179
43.75  0.332126  0.144404  6.50751
43.8  0.339347  0.128101  6.52326
43.85  0.345752  0.111458  6.53904
43.9  0.351325  0.0945126  6.55486
43.95  0.35605  0.0773055  6.57071
44  0.359915  0.0598767  6.5866
44.05  0.362909  0.042267  6.60253
44.1  0.365023  0.0245172  6.61849
44.15  0.366249  0.00666868  6.63449
44.2  0.366582  -0.0112371  6.65052
44.25  0.36602  -0.0291584  6.6666
44.3  0.364562  -0.0470535  6.68271
44.35  0.36221  -0.0648805  6.69886
44.4  0.358965  -0.0825976  6.71504
44.45  0.354836  -0.100163  6.73127
44.5  0.349827  -0.117535  6.74753
44.55  0.343951  -0.134671  6.76384
44.6  0.337217  -0.151532  6.78019
44.65  0.329641  -0.168075  6.79658
44.7  0.321237  -0.18426  6.81303
44.75  0.312024  -0.200047  6.82952
44.8  0.302021  -0.215396  6.84607
44.85  0.291252  -0.230269  6.86267
44.9  0.279738  -0.244627  6.87933
44.95  0.267507  -0.258432  6.89606
45  0.254585  -0.271648  6.91285
45.05  0.241003  -0.28424  6.92972
45.1  0.226791  -0.296174  6.94666
45.15  0.211982  -0.307417  6.96367
45.2  0.196611  -0.317937  6.98077
45.25  0.180714  -0.327704  6.99794
45.3  0.164329  -0.336691  7.0152
45.35  0.147495  -0.34487  7.03254
45.4  0.130251  -0.352218  7.04995
45.45  0.11264  -0.358712  7.06745
45.5  0.0947047  -0.364332  7.08502
45.55  0.076488  -0.369061  7.10267
45.6  0.058035  -0.372881  7.12038
45.65  0.0393909  -0.375781  7.13816
45.7  0.0206019  -0.37775  7.15599
45.75  0.00171434  -0.37878  7.17388
45.8  -0.0172247  -0.378866  7.19181
45.85  -0.036168  -0.378005  7.20979
45.9  -0.0550682  -0.376197  7.2278
45.95  -0.0738781  -0.373445  7.24583
46  -0.0925503  -0.369754  7.26389
46.05  -0.111038  -0.365134  7.28196
46.1  -0.129295  -0.359593  7.30005
46.15  -0.147274  -0.353146  7.31814
46.2  -0.164932  -0.345809  7.33624
46.25  -0.182222  -0.3376  7.35434
46.3  -0.199102  -0.328539  7.37244
46.35  -0.215529  -0.31865  7.39054
46.4  -0.231462  -0.307956  7.40864
46.45  -0.246859  -0.296486  7.42675
46.5  -0.261684  -0.284268  7.44485
46.55  -0.275897  -0.271333  7.46296
46.6  -0.289464  -0.257713  7.48108
46.65  -0.302349  -0.243441  7.49921
46.7  -0.314521  -0.228552  7.51736
46.75  -0.325949  -0.213084  7.53552
46.8  -0.336603  -0.197074  7.55371
46.85  -0.346457  -0.18056  7.57192
46.9  -0.355485  -0.163581  7.59017
46.95  -0.363664  -0.146179  7.60844
47  -0.370973  -0.128394  7.62675
47.05  -0.377393  -0.110268  7.6451
47.1  -0.382906  -0.0918431  7.66348
47.15  -0.387498  -0.0731622  7.68191
47.2  -0.391156  -0.0542686  7.70038
47.25  -0.39387  -0.0352057  7.71889
47.3  -0.39563  -0.0160174  7.73744
47.35  -0.396431  0.00325205  7.75603
47.4  -0.396268  0.0225585  7.77467
47.45  -0.39514  0.0418574  7.79335
47.5  -0.393048  0.0611043  7.81208
47.55  -0.389992  0.0802546  7.83084
47.6  -0.38598  0.0992636  7.84966
47.65  -0.381016  0.118087  7.86851
47.7  -0.375112  0.13668  7.88742
47.75  -0.368278  0.154999  7.90637
47.8  -0.360528  0.173  7.92538
47.85  -0.351878  0.190638  7.94444
47.9  -0.342346  0.207871  7.96356
47.95  -0.331953  0.224656  7.98274
48  -0.32072  0.24095  8.00199
48.05  -0.308672  0.256713  8.0213
48.1  -0.295837  0.271903  8.0407
48.15  -0.282242  0.28648  8.06018
48.2  -0.267918  0.300405  8.07974
48.25  -0.252897  0.313641  8.09939
48.3  -0.237215  0.326152  8.11914
48.35  -0.220908  0.337902  8.13898
48.4  -0.204013  0.348857  8.15893
48.45  -0.18657  0.358987  8.17897
48.5  -0.16862  0.368262  8.19912
48.55  -0.150207  0.376653  8.21937
48.6  -0.131375  0.384135  8.23972
48.65  -0.112168  0.390685  8.26016
48.7  -0.0926337  0.396282  8.2807
48.75  -0.0728196  0.400907  8.30133
48.8  -0.0527742  0.404545  8.32204
48.85  -0.032547  0.407182  8.34282
48.9  -0.0121879  0.408809  8.36367
48.95  0.00825253  0.409418  8.38458
49  0.0287235  0.409006  8.40554
49.05  0.0491737  0.40757  8.42654
49.1  0.0695522  0.405112  8.44757
49.15  0.0898078  0.401637  8.46863
49.2  0.10989  0.397153  8.48971
49.25  0.129747  0.39167  8.51079
49.3  0.149331  0.3852  8.53188
49.35  0.168591  0.377762  8.55297
49.4  0.187479  0.369372  8.57406
49.45  0.205948  0.360053  8.59513
49.5  0.22395  0.349828  8.6162
49.55  0.241442  0.338724  8.63726
49.6  0.258378  0.326769  8.65832
49.65  0.274716  0.313993  8.67936
49.7  0.290416  0.300429  8.7004
49.75  0.305437  0.286112  8.72145
49.8  0.319743  0.271076  8.74249
49.85  0.333297  0.25536  8.76355
49.9  0.346065  0.239002  8.78462
49.95  0.358015  0.222042  8.80571
50  0.369117  0.204522  8.82682
