0.122173  0  0.745385
0.122173  -0.0609347  0.931037
0.0917057  -0.121869  1.16281
0.030771  -0.167658  1.4528
-0.0530579  -0.183041  1.81593
-0.144578  -0.156525  2.26832
-0.222841  -0.0844869  2.82954
-0.265084  0.0260136  3.52679
-0.252077  0.157009  4.39295
-0.173573  0.281717  5.47082
-0.0327144  0.368068  6.82722
0.15132  0.384423  8.53174
0.343531  0.309051  10.6185
0.498057  0.140644  13.1378
0.568379  -0.0982154  16.2048
0.519271  -0.367349  19.9291
0.335597  -0.615472  24.5189
0.0278606  -0.780139  30.4696
-0.362209  -0.794067  38.0155
-0.759242  -0.616897  46.4923
-1.06769  -0.272711  55.5037
-1.20405  0.165334  65.5084
-1.12138  0.632083  76.5324
-0.805338  1.08243  89.2963
-0.264121  1.44297  107.575
0.457361  1.5735  134.072
1.24411  1.3527  159.4
1.92046  0.87915  172.904
2.36004  0.409406  179.362
2.56474  0.0572133  183.982
2.59335  -0.215481  187.666
2.48561  -0.476077  190.577
2.24757  -0.781048  193.13
1.85704  -1.17085  196.78
1.27162  -1.6505  206.735
0.446367  -2.12829  236.279
-0.61778  -2.34414  293.233
-1.78985  -2.05453  332.784
-2.81711  -1.56647  317.474
-3.60035  -1.40706  288.652
-4.30388  -1.62848  272.322
-5.11812  -2.08734  278.38
-6.16179  -2.54674  325.031
-7.43516  -2.60729  399.231
-8.73881  -2.15051  408.615
-9.81406  -1.8338  360.659
-10.731  -2.02356  330.893
-11.7427  -2.50616  346.085
-12.9958  -2.87297  421.777
-14.4323  -2.66478  484.14
-15.7647  -2.1864  438.856
-16.8579  -2.21475  386.111
-17.9653  -2.67112  393.359
-19.3008  -3.05785  477.533
-20.8298  -2.83979  543.027
-22.2496  -2.38111  480.163
-23.4402  -2.50893  426.88
-24.6947  -3.00523  461.013
-26.1973  -3.21733  569.069
-27.8059  -2.78004  575.661
-29.196  -2.55432  486.679
-30.4731  -2.95261  477.144
-31.9494  -3.35722  577.442
-33.628  -3.10294  641.237
-35.1795  -2.70228  546.389
-36.5307  -2.99361  508.929
-38.0275  -3.45369  601.74
-39.7543  -3.29245  688.577
-41.4005  -2.84997  590.851
-42.8255  -3.11549  545.084
-44.3833  -3.57324  646.335
-46.1699  -3.37809  728.417
-47.8589  -2.97022  615.292
-49.344  -3.30553  585.859
-50.9968  -3.70377  711.465
-52.8487  -3.36984  752.602
-54.5336  -3.10493  625.009
-56.0861  -3.55639  642.907
-57.8643  -3.77953  788.999
-59.754  -3.29572  742.887
-61.4019  -3.32759  639.605
-63.0657  -3.82264  733.349
-64.977  -3.70678  841.341
-66.8304  -3.28701  705.697
-68.4739  -3.66494  691.446
-70.3064  -3.96399  848.618
-72.2884  -3.49956  812.295
-74.0381  -3.51542  696.994
-75.7959  -4.00436  809.548
-77.798  -3.81075  899.816
-79.7034  -3.47294  742.672
-81.4399  -3.93206  775.957
-83.4059  -4.05165  936.105
-85.4317  -3.55755  814.845
-87.2105  -3.84346  765.721
-89.1322  -4.18577  936.804
-91.2251  -3.72586  893.395
-93.0881  -3.78519  776.424
-94.9807  -4.24354  926.054
-97.1024  -3.90903  959.937
-99.0569  -3.76752  800.047
-100.941  -4.26518  917.864
