0.896709    0.901579    -0.541736    -0.407465
0.919957    1.8991    -0.159083    -0.995781
12.2858    2.6675    -0.967349    0.141606
13.1918    1.89103    -1.20375    0.134741
0.389392    2.94338    0.698954    -0.0161399
1.37312    6.62718    0.308471    1.4714
3.09138    8.21808    0.192934    0.61569
13.4577    7.73749    0.407633    1.52459
0.897924    10.3279    -0.36201    -0.629528
0.511644    11.3617    0.688171    -0.829407
12.8286    9.90938    0.807975    1.19127
1.39105    13.7068    0.823611    1.03174
2.44576    13.5513    0.637719    -0.145301
1.94332    1.69288    -0.0769461    0.23888
1.63141    2.86058    -0.176162    -0.501661
1.18426    3.79328    -0.687243    0.376908
3.46922    6.31328    0.0984887    -0.875825
2.65864    7.18683    -0.497991    0.107819
1.83966    8.13226    -0.0910882    -0.0674574
1.99058    9.33814    0.42055    0.417596
1.75309    11.1251    1.0464    -0.400642
0.727577    12.6948    -0.633626    1.28261
13.2915    12.7502    -0.179591    -0.333753
1.87016    12.6209    0.801586    0.191939
2.65158    0.737183    0.0170816    0.770796
2.87451    2.55075    0.836492    1.11444
2.25495    3.96656    1.73959    0.437772
1.63664    5.04716    0.634248    -1.18082
5.00823    6.13898    -0.11574    -0.52205
0.59763    7.86445    -1.27878    0.0574381
3.81888    7.40137    1.02609    -1.01517
4.11631    10.9704    -0.350784    0.758228
2.92556    10.9719    1.68063    0.57724
2.76157    11.9263    -1.23433    -1.295
3.52766    13.2378    -0.718799    -0.693811
3.65971    0.419189    0.59207    1.55917
6.52801    1.94121    -0.629411    -0.733171
3.59541    1.49723    -0.860258    1.19847
4.10335    2.54537    0.530279    0.08301
3.25802    3.59923    0.104466    -1.25691
0.628341    5.51216    -1.51612    1.61518
2.11917    6.01032    0.833556    0.31518
4.1314    9.48247    -0.471226    -0.0514519
3.06826    9.73871    0.19278    -1.42743
7.39617    11.7066    1.26513    -2.2304
5.23731    12.1737    -0.643445    -0.65926
4.63113    13.3137    1.15856    0.393435
4.9811    0.355617    0.749069    0.60985
5.72015    1.11029    -0.147101    1.02487
5.24278    3.03215    -1.6274    0.0566237
4.75072    4.13601    0.0960387    0.100381
2.81412    4.89897    -0.264424    -1.47069
3.98688    4.92639    -1.43857    0.637596
6.02215    6.07762    1.40598    0.784715
4.96408    7.2171    0.418731    1.37047
4.16889    12.3658    -0.434723    0.861674
5.58584    11.009    0.512364    -0.603058
6.19475    12.5002    -0.68582    -1.49202
6.67122    13.8902    2.76326    -0.70195
5.6391    13.3339    -0.54462    -0.44652
7.07796    1.04334    0.227229    0.0981906
7.47866    2.85042    0.0735737    0.279809
4.63955    1.58335    -0.297747    0.576615
6.33043    4.42795    1.04996    -0.854135
5.26074    5.17456    -0.687343    0.0381448
6.8919    6.79572    -0.919555    -0.262293
6.02006    7.51261    0.532996    -1.04699
5.34467    8.28893    -1.44062    -0.661334
4.87487    10.2227    0.548974    0.249673
6.55702    10.7842    -1.99351    -0.248529
7.58836    10.5238    -0.245967    -0.00698195
7.24008    12.8287    -0.618367    0.7053
8.18166    0.825091    0.859296    -1.35923
6.23051    3.43149    -1.07531    0.237917
8.39741    3.8826    -0.180686    -1.14676
7.39034    4.1087    0.970778    0.106926
8.41667    8.63579    -0.439801    -0.947568
7.49855    7.69019    0.1354    0.859717
6.66543    8.52111    0.794876    -1.19453
5.93444    9.96802    -0.391523    0.0867504
9.69144    9.79298    -0.00850223    0.0461673
9.98149    11.0338    -1.41531    0.581394
7.36453    9.44321    0.232275    0.627968
7.99658    13.6765    0.757771    -0.280596
8.97192    0.0124184    -0.153645    0.195749
8.96483    1.4565    1.31562    -0.907605
7.78963    1.79692    1.24048    1.23429
9.48605    3.31976    -0.0954172    0.235004
8.20382    5.00229    1.65008    0.393519
7.04592    5.18377    0.539619    -0.00667773
9.4661    8.58186    -0.149277    0.0516637
8.35073    9.72802    0.860609    0.0476279
12.8573    8.79718    1.01885    -0.455202
12.4314    7.83069    -1.79818    0.155053
8.91781    10.6942    -0.117856    0.609144
8.374    12.6731    0.721547    -0.109457
10.0378    0.0352123    -0.894665    -0.129743
10.3729    1.41387    0.40147    0.202563
8.6207    2.75561    0.486091    -0.418707
10.6735    3.70505    0.832108    0.540949
9.55399    4.52214    0.283132    0.230101
8.11744    6.21036    -0.0866551    -1.22766
9.75095    7.33726    0.424029    -0.87118
11.7686    9.18944    1.9045    -1.18941
11.4178    7.92727    0.63408    -0.289216
10.7567    9.75541    -0.464581    0.22324
8.40141    11.5919    -1.33595    0.833329
9.89015    13.0369    -1.38396    -0.744227
11.6029    13.0873    -0.697091    -0.657193
11.2296    0.551602    -0.190904    0.952098
11.5516    2.06726    -0.375977    -0.668065
9.63049    2.31553    -1.09197    0.217835
9.23382    5.65806    -0.544124    0.0379047
8.6829    7.54295    0.208436    -0.601955
10.517    8.75315    -0.118017    1.99257
13.9546    9.0768    1.20252    -1.24473
12.8703    6.38324    -1.37493    0.656293
11.0163    10.7752    -0.0778099    0.272528
10.2722    12.0706    0.241146    1.04012
11.4142    11.7705    0.22325    0.217122
12.3198    0.122718    -0.0253282    0.0432482
13.358    2.96216    -0.633872    0.111229
10.6109    2.52094    0.0998635    0.347088
11.2876    4.53844    0.159282    0.586779
11.6216    5.80326    1.27002    -0.154269
10.5422    5.60152    -0.684843    -0.23006
12.3913    4.96834    -1.00792    -1.42507
10.7355    6.96869    0.801858    -0.556843
11.8609    10.18    0.25109    -0.223299
13.3335    11.6144    0.185925    0.29184
12.4816    10.9112    0.834913    0.296585
12.3434    12.2594    0.0410322    -1.16023
13.2483    13.751    -0.611046    -0.5268
12.4537    1.0946    -0.120715    -0.322106
0.14422    4.17454    -0.0195226    -0.418145
12.1123    3.88094    -0.0350673    1.68203
13.5432    5.40858    -1.37462    -0.33821
13.1527    4.11969    -0.430167    0.836114
0.0987707    6.85813    -0.922856    -0.358909
11.991    6.92204    -0.0138362    -0.623889
0.882035    8.84959    0.378622    0.708471
13.7611    10.5756    -1.0739    0.110378
0.196713    13.9907    -0.419991    0.269398
13.8518    0.935516    -1.24274    1.70968
