0    0.007    0
1    0.021    0
2    0.035    0
3    0.049    0
4    0.063    0
5    0.077    0
6    0.091    0
7    0.105    0
8    0.119    0
9    0.133    0
10    0.147    0
11    0.161    0
12    0.175    0
13    0.189    0
14    0.203    0
15    0.217    0
16    0.231    0
17    0.245    0
18    0.259    0
19    0.273    0
20    0.287    0
21    0.301    0
22    0.315    0
23    0.329    0
24    0.343    0
25    0.357    0
26    0.371    0
27    0.385    0
28    0.399    0
29    0.413    0
30    0.427    0
31    0.441    0
32    0.455    0
33    0.469    0
34    0.483    0
35    0.497    0
36    0.511    0
37    0.525    0
38    0.539    0
39    0.553    0
40    0.567    0
41    0.581    0
42    0.595    0
43    0.609    0
44    0.623    0
45    0.637    0
46    0.651    0
47    0.665    0
48    0.679    0
49    0.693    0
50    0.707    0
51    0.721    0
52    0.735    0
53    0.749    0
54    0.763    0
55    0.777    0
56    0.791    0
57    0.805    0
58    0.819    0
59    0.833    0
60    0.847    0
61    0.861    0
62    0.875    0
63    0.889    0
64    0.903    0
65    0.917    0
66    0.931    0
67    0.945    0
68    0.959    0
69    0.973    0
70    0.987    0
71    1.001    0
72    1.015    0
73    1.029    0
74    1.043    0
75    1.057    0
76    1.071    0
77    1.085    0
78    1.099    0
79    1.113    0
80    1.127    0
81    1.141    0
82    1.155    0
83    1.169    53.316
84    1.183    0
85    1.197    0
86    1.211    0
87    1.225    0
88    1.239    0
89    1.253    0
90    1.267    0
91    1.281    0
92    1.295    0
93    1.309    0
94    1.323    0
95    1.337    0
96    1.351    0
97    1.365    0
98    1.379    0
99    1.393    0
100    1.407    0
101    1.421    0
102    1.435    0
103    1.449    0
104    1.463    0
105    1.477    0
106    1.491    0
107    1.505    0
108    1.519    0
109    1.533    0
110    1.547    0
111    1.561    0
112    1.575    0
113    1.589    0
114    1.603    0
115    1.617    0
116    1.631    0
117    1.645    37.8884
118    1.659    0
119    1.673    0
120    1.687    0
121    1.701    0
122    1.715    0
123    1.729    0
124    1.743    0
125    1.757    0
126    1.771    0
127    1.785    0
128    1.799    0
129    1.813    0
130    1.827    0
131    1.841    0
132    1.855    0
133    1.869    0
134    1.883    0
135    1.897    0
136    1.911    0
137    1.925    0
138    1.939    0
139    1.953    0
140    1.967    0
141    1.981    0
142    1.995    0
143    2.009    0
144    2.023    0
145    2.037    0
146    2.051    0
147    2.065    0
148    2.079    0
149    2.093    0
150    2.107    0
151    2.121    0
152    2.135    0
153    2.149    0
154    2.163    0
155    2.177    0
156    2.191    0
157    2.205    0
158    2.219    0
159    2.233    0
160    2.247    0
161    2.261    0
162    2.275    0
163    2.289    0
164    2.303    0
165    2.317    0
166    2.331    26.7381
167    2.345    0
168    2.359    0
169    2.373    0
170    2.387    0
171    2.401    0
172    2.415    0
173    2.429    0
174    2.443    0
175    2.457    0
176    2.471    0
177    2.485    0
178    2.499    0
179    2.513    0
180    2.527    0
181    2.541    0
182    2.555    0
183    2.569    0
184    2.583    0
185    2.597    0
186    2.611    47.7414
187    2.625    0
188    2.639    0
189    2.653    0
190    2.667    0
191    2.681    0
192    2.695    0
193    2.709    0
194    2.723    0
195    2.737    0
196    2.751    0
197    2.765    0
198    2.779    0
199    2.793    0
200    2.807    0
201    2.821    0
202    2.835    0
203    2.849    0
204    2.863    0
205    2.877    0
206    2.891    0
207    2.905    0
208    2.919    0
209    2.933    0
210    2.947    0
211    2.961    0
212    2.975    0
213    2.989    0
214    3.003    0
215    3.017    0
216    3.031    0
217    3.045    0
218    3.059    0
219    3.073    0
220    3.087    0
221    3.101    0
222    3.115    0
223    3.129    0
224    3.143    0
225    3.157    0
226    3.171    0
227    3.185    0
228    3.199    0
229    3.213    0
230    3.227    0
231    3.241    0
232    3.255    0
233    3.269    0
234    3.283    0
235    3.297    18.904
236    3.311    0
237    3.325    0
238    3.339    0
239    3.353    0
240    3.367    0
241    3.381    0
242    3.395    0
243    3.409    0
244    3.423    0
245    3.437    0
246    3.451    0
247    3.465    0
248    3.479    0
249    3.493    14.8694
250    3.507    2.962
251    3.521    0
252    3.535    0
253    3.549    0
254    3.563    0
255    3.577    0
256    3.591    0
257    3.605    0
258    3.619    0
259    3.633    0
260    3.647    0
261    3.661    0
262    3.675    0
263    3.689    33.7904
264    3.703    0
265    3.717    0
266    3.731    0
267    3.745    0
268    3.759    0
269    3.773    0
270    3.787    0
271    3.801    0
272    3.815    0
273    3.829    0
274    3.843    0
275    3.857    0
276    3.871    0
277    3.885    0
278    3.899    0
279    3.913    0
280    3.927    0
281    3.941    0
282    3.955    0
283    3.969    0
284    3.983    0
285    3.997    0
286    4.011    0
287    4.025    0
288    4.039    0
289    4.053    0
290    4.067    0
291    4.081    0
292    4.095    0
293    4.109    0
294    4.123    0
295    4.137    0
296    4.151    0
297    4.165    0
298    4.179    0
299    4.193    0
300    4.207    29.6299
301    4.221    0
302    4.235    0
303    4.249    0
304    4.263    0
305    4.277    0
306    4.291    0
307    4.305    0
308    4.319    0
309    4.333    0
310    4.347    0
311    4.361    0
312    4.375    0
313    4.389    0
314    4.403    0
315    4.417    0
316    4.431    0
317    4.445    0
318    4.459    0
319    4.473    0
320    4.487    0
321    4.501    0
322    4.515    0
323    4.529    0
324    4.543    0
325    4.557    0
326    4.571    0
327    4.585    0
328    4.599    0
329    4.613    0
330    4.627    0
331    4.641    0
332    4.655    0
333    4.669    13.349
334    4.683    0
335    4.697    0
336    4.711    0
337    4.725    0
338    4.739    0
339    4.753    0
340    4.767    0
341    4.781    0
342    4.795    0
343    4.809    25.9207
344    4.823    0
345    4.837    0
346    4.851    0
347    4.865    0
348    4.879    0
349    4.893    0
350    4.907    0
351    4.921    0
352    4.935    0
353    4.949    12.5937
354    4.963    0
355    4.977    0
356    4.991    0
357    5.005    0
358    5.019    0
359    5.033    0
360    5.047    0
361    5.061    0
362    5.075    0
363    5.089    0
364    5.103    0
365    5.117    0
366    5.131    0
367    5.145    0
368    5.159    0
369    5.173    0
370    5.187    0
371    5.201    0
372    5.215    23.9027
373    5.229    0
374    5.243    0
375    5.257    0
376    5.271    0
377    5.285    0
378    5.299    0
379    5.313    0
380    5.327    0
381    5.341    0
382    5.355    0
383    5.369    0
384    5.383    0
385    5.397    0
386    5.411    0
387    5.425    0
388    5.439    0
389    5.453    0
390    5.467    0
391    5.481    0
392    5.495    0
393    5.509    0
394    5.523    0
395    5.537    0
396    5.551    0
397    5.565    0
398    5.579    0
399    5.593    0
400    5.607    0
401    5.621    0
402    5.635    0
403    5.649    0
404    5.663    0
405    5.677    0
406    5.691    0
407    5.705    0
408    5.719    0
409    5.733    0
410    5.747    0
411    5.761    0
412    5.775    0
413    5.789    0
414    5.803    0
415    5.817    0
416    5.831    32.0664
417    5.845    0
418    5.859    0
419    5.873    0
420    5.887    0
421    5.901    0
422    5.915    0
423    5.929    0
424    5.943    20.9747
425    5.957    0
426    5.971    0
427    5.985    0
428    5.999    0
429    6.013    0
430    6.027    0
431    6.041    0
432    6.055    0
433    6.069    0
434    6.083    0
435    6.097    0
436    6.111    0
437    6.125    0
438    6.139    0
439    6.153    0
440    6.167    0
441    6.181    0
442    6.195    0
443    6.209    0
444    6.223    0
445    6.237    0
446    6.251    0
447    6.265    0
448    6.279    19.8523
449    6.293    0
450    6.307    0
451    6.321    0
452    6.335    0
453    6.349    0
454    6.363    0
455    6.377    0
456    6.391    0
457    6.405    0
458    6.419    0
459    6.433    0
460    6.447    0
461    6.461    0
462    6.475    0
463    6.489    0
464    6.503    0
465    6.517    0
466    6.531    0
467    6.545    0
468    6.559    0
469    6.573    0
470    6.587    0
471    6.601    9.44197
472    6.615    0
473    6.629    0
474    6.643    0
475    6.657    0
476    6.671    0
477    6.685    0
478    6.699    0
479    6.713    0
480    6.727    0
481    6.741    0
482    6.755    0
483    6.769    0
484    6.783    0
485    6.797    18.3394
486    6.811    0
487    6.825    0
488    6.839    0
489    6.853    0
490    6.867    0
491    6.881    0
492    6.895    0
493    6.909    0
494    6.923    0
495    6.937    0
496    6.951    0
497    6.965    0
498    6.979    0
499    6.993    4.45634
