0    0.007    0
1    0.021    0
2    0.035    0
3    0.049    0
4    0.063    0
5    0.077    0
6    0.091    0
7    0.105    0
8    0.119    0
9    0.133    0
10    0.147    0
11    0.161    0
12    0.175    0
13    0.189    0
14    0.203    0
15    0.217    0
16    0.231    0
17    0.245    0
18    0.259    0
19    0.273    0
20    0.287    0
21    0.301    0
22    0.315    0
23    0.329    0
24    0.343    0
25    0.357    0
26    0.371    0
27    0.385    0
28    0.399    0
29    0.413    0
30    0.427    0
31    0.441    0
32    0.455    0
33    0.469    0
34    0.483    0
35    0.497    0
36    0.511    0
37    0.525    0
38    0.539    0
39    0.553    0
40    0.567    0
41    0.581    0
42    0.595    0
43    0.609    0
44    0.623    0
45    0.637    0
46    0.651    0
47    0.665    0
48    0.679    0
49    0.693    0
50    0.707    0
51    0.721    0
52    0.735    0
53    0.749    0
54    0.763    0
55    0.777    0
56    0.791    0
57    0.805    0
58    0.819    0
59    0.833    0
60    0.847    0
61    0.861    0
62    0.875    0.000247327
63    0.889    0.000973728
64    0.903    0.00790871
65    0.917    0.0280839
66    0.931    0.0969317
67    0.945    0.235877
68    0.959    0.477278
69    0.973    0.822941
70    0.987    1.22216
71    1.001    1.68935
72    1.015    2.10441
73    1.029    2.50923
74    1.043    2.69985
75    1.057    2.87948
76    1.071    2.95439
77    1.085    2.85104
78    1.099    2.83304
79    1.113    2.70115
80    1.127    2.53933
81    1.141    2.37066
82    1.155    2.22688
83    1.169    2.14227
84    1.183    2.03368
85    1.197    1.94463
86    1.211    1.79884
87    1.225    1.73111
88    1.239    1.62579
89    1.253    1.53077
90    1.267    1.4317
91    1.281    1.39375
92    1.295    1.34192
93    1.309    1.26838
94    1.323    1.17873
95    1.337    1.12285
96    1.351    1.06219
97    1.365    1.03814
98    1.379    0.978323
99    1.393    0.935244
100    1.407    0.9244
101    1.421    0.878742
102    1.435    0.862176
103    1.449    0.810982
104    1.463    0.776595
105    1.477    0.808502
106    1.491    0.772897
107    1.505    0.728321
108    1.519    0.724457
109    1.533    0.685373
110    1.547    0.687424
111    1.561    0.652006
112    1.575    0.658852
113    1.589    0.640517
114    1.603    0.625878
115    1.617    0.620727
116    1.631    0.605049
117    1.645    0.617002
118    1.659    0.590663
119    1.673    0.597233
120    1.687    0.58304
121    1.701    0.590201
122    1.715    0.581219
123    1.729    0.593284
124    1.743    0.576724
125    1.757    0.607232
126    1.771    0.604754
127    1.785    0.618075
128    1.799    0.632753
129    1.813    0.648637
130    1.827    0.645443
131    1.841    0.683088
132    1.855    0.696832
133    1.869    0.706434
134    1.883    0.734396
135    1.897    0.75453
136    1.911    0.788298
137    1.925    0.828883
138    1.939    0.859729
139    1.953    0.918944
140    1.967    0.957842
141    1.981    1.00744
142    1.995    1.0391
143    2.009    1.06999
144    2.023    1.11201
145    2.037    1.15483
146    2.051    1.21553
147    2.065    1.24156
148    2.079    1.26484
149    2.093    1.29847
150    2.107    1.29631
151    2.121    1.33418
152    2.135    1.33851
153    2.149    1.3604
154    2.163    1.3679
155    2.177    1.35115
156    2.191    1.37798
157    2.205    1.38091
158    2.219    1.34538
159    2.233    1.32337
160    2.247    1.33651
161    2.261    1.29004
162    2.275    1.33052
163    2.289    1.28807
164    2.303    1.24002
165    2.317    1.22776
166    2.331    1.20052
167    2.345    1.19603
168    2.359    1.15123
169    2.373    1.12309
170    2.387    1.10082
171    2.401    1.08341
172    2.415    1.08349
173    2.429    1.04027
174    2.443    1.03874
175    2.457    1.01767
176    2.471    1.02635
177    2.485    0.990527
178    2.499    0.983246
179    2.513    0.981299
180    2.527    0.981001
181    2.541    0.981047
182    2.555    0.943231
183    2.569    0.949547
184    2.583    0.917925
185    2.597    0.915727
186    2.611    0.911728
187    2.625    0.876362
188    2.639    0.871549
189    2.653    0.866542
190    2.667    0.854852
191    2.681    0.84724
192    2.695    0.856169
193    2.709    0.855899
194    2.723    0.83298
195    2.737    0.847538
196    2.751    0.853058
197    2.765    0.839738
198    2.779    0.850226
199    2.793    0.831087
200    2.807    0.831568
201    2.821    0.838181
202    2.835    0.829691
203    2.849    0.839058
204    2.863    0.87532
205    2.877    0.870684
206    2.891    0.89439
207    2.905    0.895145
208    2.919    0.911462
209    2.933    0.908218
210    2.947    0.910513
211    2.961    0.917902
212    2.975    0.94348
213    2.989    0.955062
214    3.003    0.967472
215    3.017    0.984574
216    3.031    1.00559
217    3.045    1.01369
218    3.059    1.03367
219    3.073    1.04431
220    3.087    1.03852
221    3.101    1.04381
222    3.115    1.03606
223    3.129    1.0546
224    3.143    1.08295
225    3.157    1.09241
226    3.171    1.10253
227    3.185    1.12072
228    3.199    1.13699
229    3.213    1.13304
230    3.227    1.13644
231    3.241    1.12606
232    3.255    1.12301
233    3.269    1.11522
234    3.283    1.11324
235    3.297    1.10851
236    3.311    1.11696
237    3.325    1.11584
238    3.339    1.09962
239    3.353    1.11233
240    3.367    1.10854
241    3.381    1.1042
242    3.395    1.09366
243    3.409    1.10383
244    3.423    1.06682
245    3.437    1.06354
246    3.451    1.04387
247    3.465    1.03653
248    3.479    1.04007
249    3.493    1.02654
250    3.507    1.02491
251    3.521    1.02158
252    3.535    1.02371
253    3.549    1.04175
254    3.563    1.01409
255    3.577    1.01998
256    3.591    1.0066
257    3.605    0.989968
258    3.619    0.984704
259    3.633    0.988593
260    3.647    0.99631
261    3.661    0.956737
262    3.675    0.959217
263    3.689    0.94226
264    3.703    0.939223
265    3.717    0.928175
266    3.731    0.940353
267    3.745    0.950475
268    3.759    0.93807
269    3.773    0.958622
270    3.787    0.935077
271    3.801    0.941995
272    3.815    0.948976
273    3.829    0.936802
274    3.843    0.938626
275    3.857    0.948237
276    3.871    0.969238
277    3.885    0.96491
278    3.899    0.956949
279    3.913    0.947884
280    3.927    0.973437
281    3.941    0.967837
282    3.955    0.992372
283    3.969    0.980748
284    3.983    0.974421
285    3.997    0.981132
286    4.011    0.98046
287    4.025    0.986136
288    4.039    0.993166
289    4.053    0.985517
290    4.067    0.999578
291    4.081    0.990316
292    4.095    1.00516
293    4.109    1.00869
294    4.123    1.00101
295    4.137    1.00207
296    4.151    1.03706
297    4.165    1.0276
298    4.179    1.02385
299    4.193    1.01909
300    4.207    1.00778
301    4.221    1.02181
302    4.235    0.999375
303    4.249    1.03494
304    4.263    1.04241
305    4.277    1.02776
306    4.291    1.03308
307    4.305    1.04058
308    4.319    1.02869
309    4.333    1.05264
310    4.347    1.03775
311    4.361    1.03774
312    4.375    1.04916
313    4.389    1.02096
314    4.403    1.03728
315    4.417    1.0188
316    4.431    1.02232
317    4.445    1.0433
318    4.459    1.02998
319    4.473    1.03721
320    4.487    1.03074
321    4.501    1.04633
322    4.515    1.03686
323    4.529    1.03872
324    4.543    1.04523
325    4.557    1.03271
326    4.571    1.01511
327    4.585    1.01904
328    4.599    1.02427
329    4.613    1.02004
330    4.627    1.01045
331    4.641    1.02531
332    4.655    1.03185
333    4.669    0.999413
334    4.683    0.98709
335    4.697    1.02207
336    4.711    1.02643
337    4.725    0.999751
338    4.739    0.983417
339    4.753    0.990537
340    4.767    0.977641
341    4.781    0.987362
342    4.795    1.0024
343    4.809    1.0024
344    4.823    0.99209
345    4.837    0.985281
346    4.851    0.978155
347    4.865    0.983926
348    4.879    0.986469
349    4.893    0.986212
350    4.907    0.987279
351    4.921    0.986933
352    4.935    0.983388
353    4.949    0.993506
354    4.963    0.987128
355    4.977    0.999526
356    4.991    1.00735
357    5.005    0.992465
358    5.019    0.99487
359    5.033    0.995113
360    5.047    1.00384
361    5.061    0.996193
362    5.075    0.990886
363    5.089    0.985438
364    5.103    0.986127
365    5.117    0.969938
366    5.131    0.988254
367    5.145    1.00033
368    5.159    0.982596
369    5.173    0.977176
370    5.187    0.993605
371    5.201    0.992054
372    5.215    1.00309
373    5.229    1.00984
374    5.243    0.999668
375    5.257    1.01001
376    5.271    1.02199
377    5.285    1.0201
378    5.299    1.01675
379    5.313    1.02271
380    5.327    1.0149
381    5.341    1.00989
382    5.355    1.02079
383    5.369    1.02103
384    5.383    1.0037
385    5.397    1.0272
386    5.411    1.01602
387    5.425    1.0294
388    5.439    1.02428
389    5.453    1.01971
390    5.467    1.01587
391    5.481    1.03377
392    5.495    1.04019
393    5.509    1.02655
394    5.523    1.0149
395    5.537    1.02706
396    5.551    1.01208
397    5.565    1.00755
398    5.579    0.99951
399    5.593    1.00308
400    5.607    0.99668
401    5.621    0.999549
402    5.635    1.00225
403    5.649    1.00417
404    5.663    1.01625
405    5.677    1.01256
406    5.691    1.01726
407    5.705    1.01484
408    5.719    1.01879
409    5.733    1.01403
410    5.747    1.00863
411    5.761    1.00347
412    5.775    1.00422
413    5.789    1.02153
414    5.803    1.03365
415    5.817    1.03306
416    5.831    0.997956
417    5.845    0.990086
418    5.859    0.998801
419    5.873    1.007
420    5.887    1.00008
421    5.901    0.994296
422    5.915    1.00544
423    5.929    1.00836
424    5.943    0.99579
425    5.957    0.99552
426    5.971    0.995071
427    5.985    1.0135
428    5.999    1.012
429    6.013    1.00741
430    6.027    1.00356
431    6.041    0.999267
432    6.055    1.00364
433    6.069    1.00022
434    6.083    0.997348
435    6.097    0.988989
436    6.111    0.986688
437    6.125    1.00782
438    6.139    1.00175
439    6.153    1.00999
440    6.167    0.99394
441    6.181    0.99442
442    6.195    0.993011
443    6.209    1.00806
444    6.223    0.992681
445    6.237    0.998087
446    6.251    0.993393
447    6.265    1.00074
448    6.279    1.00658
449    6.293    1.00317
450    6.307    1.01854
451    6.321    1.00917
452    6.335    1.00567
453    6.349    1.0054
454    6.363    1.0257
455    6.377    1.00774
456    6.391    1.00834
457    6.405    1.01086
458    6.419    1.01139
459    6.433    1.01501
460    6.447    1.02241
461    6.461    1.00726
462    6.475    0.996527
463    6.489    0.990842
464    6.503    0.998859
465    6.517    1.00106
466    6.531    0.998222
467    6.545    0.999724
468    6.559    0.998217
469    6.573    1.00623
470    6.587    1.0085
471    6.601    1.01298
472    6.615    1.01276
473    6.629    1.00106
474    6.643    1.01732
475    6.657    1.01671
476    6.671    1.00968
477    6.685    1.01611
478    6.699    1.01635
479    6.713    1.0004
480    6.727    1.00835
481    6.741    1.01778
482    6.755    1.0249
483    6.769    1.01684
484    6.783    1.01936
485    6.797    0.999656
486    6.811    1.01384
487    6.825    1.00786
488    6.839    1.00747
489    6.853    0.999003
490    6.867    1.00135
491    6.881    1.00673
492    6.895    1.01122
493    6.909    0.999989
494    6.923    1.02141
495    6.937    1.00662
496    6.951    0.99155
497    6.965    1.01218
498    6.979    1.01536
499    6.993    1.01233
