0.0175176    7.89019
2.70626    11.3224
8.19013    6.71822
4.90408    12.5435
11.5198    10.4525
2.43751    12.0252
9.94702    7.18949
4.25593    0.209784
1.27964    5.10233
2.06238    2.32258
13.8394    6.23969
1.66717    0.0653706
0.12476    5.29032
7.44328    7.99658
8.4247    8.50032
2.32728    9.28263
6.31104    4.92972
0.798547    8.50758
10.9665    11.2365
7.27836    4.2273
12.2636    10.1735
13.3826    12.9601
7.55095    1.99274
6.46913    3.2946
12.0714    2.93442
10.9152    11.8112
13.9551    13.9957
8.56099    5.49413
3.72698    4.16193
11.762    0.332408
5.26212    1.29673
9.48088    0.787011
0.123051    12.8631
3.86242    3.82055
8.23072    9.67656
11.7266    10.1709
6.78915    2.87503
10.4123    6.55843
6.41145    13.2882
10.4221    1.51592
8.38667    5.39329
10.2901    8.52553
8.01367    5.05875
2.12177    3.15146
5.95215    11.2403
7.23948    13.8599
10.5217    4.83786
2.36573    9.20231
6.88656    0.889554
9.79662    7.06729
2.06494    13.2942
1.98206    12.6717
9.70049    4.24268
5.9718    0.98526
13.5326    9.56462
2.14527    12.2816
11.5035    8.14869
2.67891    2.49049
11.4407    6.65371
2.17774    7.0549
10.2482    5.67827
3.91412    7.9624
9.55138    10.5819
10.1068    6.65413
1.72228    5.14933
11.6855    0.491348
7.2382    9.28178
5.9671    1.4655
13.2907    12.8994
7.69366    4.84384
6.60414    5.24973
11.8577    4.43623
6.38539    3.80645
13.7616    4.16919
10.3486    7.94189
2.74386    10.6584
11.7522    5.56719
7.0126    12.4623
0.384533    13.9248
8.01624    0.707114
7.43858    2.71694
11.8026    8.77462
9.20658    2.76992
11.7902    1.72655
1.53899    10.4038
4.39692    13.175
4.00513    4.7084
1.96368    10.2632
11.6847    9.91198
8.40333    10.461
3.53813    2.02264
0.0226447    0.854091
11.2873    11.9368
2.94809    1.61846
7.74493    0.19953
1.59282    6.36317
10.5311    9.60607
7.6082    1.03439
6.11408    2.82717
9.74706    4.06494
6.11365    3.25401
8.09015    7.4561
8.80154    2.24268
7.05789    13.4826
9.74065    12.9472
2.65926    4.70327
2.4969    13.9325
6.40419    13.9722
1.36509    8.7524
1.32151    6.12818
13.0412    0.67806
12.5247    4.06024
3.18223    10.7669
5.75005    2.8276
8.79299    8.45802
6.32258    6.52895
8.36958    8.88614
11.9671    11.6031
8.74685    10.0927
7.92053    5.25187
2.57979    10.3307
7.77184    12.6712
3.40013    2.64516
8.46614    9.77911
8.18458    4.91818
6.92245    1.1254
10.3704    8.56868
8.68532    9.67571
11.2634    2.08759
8.06452    12.1483
12.7618    8.60585
10.1876    0.604999
9.34886    13.6714
4.41017    7.96881
4.28156    2.43495
1.51976    12.1666
11.9171    10.4204
2.16834    4.5768
1.11087    1.07242
8.97372    11.48
7.63128    6.27558
5.7257    4.18244
6.51784    7.01688
2.13715    4.52254
