0.571047    0.604078    -0.125002    0.225581
0.559715    1.87153    -0.236176    1.21531
0.519272    3.00368    -0.513605    -0.892119
0.432493    3.96755    -1.19005    0.518901
0.668119    5.19134    0.873557    -0.587844
0.432426    6.36287    -1.12657    -0.518027
0.717774    7.56582    1.27121    -0.187279
0.647158    8.67245    0.65061    -0.845699
0.446401    9.73222    -0.712097    -1.80893
0.730315    11.0114    1.46982    -0.718815
0.455446    12.1238    -1.27653    -1.26294
0.716325    13.5097    1.33207    0.91155
1.76591    0.554128    0.136376    -0.512912
1.87955    1.58957    1.23362    -1.38211
1.65076    2.80794    -0.992393    -1.08732
1.65484    4.03209    -0.951583    -0.512436
1.77762    5.26962    0.28173    0.1966
1.88152    6.5098    0.76428    0.974576
1.79458    7.62507    0.454852    0.332019
1.86663    8.69863    1.17104    -0.4297
1.72682    9.81051    -0.234937    -1.0878
1.85482    10.8978    -0.691994    -2.00116
1.71852    12.137    -0.31484    -1.13045
1.84051    13.4572    0.71156    0.372695
2.95284    0.525244    0.398557    0.100542
2.92136    1.87966    0.0542715    1.31856
3.0806    2.9931    1.5435    0.778355
3.02917    4.16631    0.15809    -0.831878
3.03712    5.13382    0.683673    0.567499
2.88344    6.40827    0.219095    -0.127989
2.87229    7.74049    -0.390988    1.50639
2.9962    8.81313    0.32059    0.637023
2.96026    9.89055    0.433544    -0.187737
2.81749    11.0256    0.751962    -0.403671
2.9478    12.2858    0.311274    0.357968
2.88656    13.5304    -0.143074    0.467572
4.15887    0.663687    -0.343489    0.86845
3.99659    1.82225    -0.860881    0.103126
4.13503    2.81425    0.29371    -0.484877
4.00914    4.10366    0.18884    -0.534771
4.04559    5.10069    0.168496    -0.82076
4.23798    6.51662    1.53126    0.975687
3.99276    7.59088    -0.911003    0.102775
4.00756    8.791    -0.273045    0.401602
4.1305    9.94447    0.471744    0.277955
4.07205    11.2353    -0.14008    1.30695
4.22872    12.2686    0.861212    0.239913
4.18212    13.3358    0.983704    -0.70752
5.135    0.588981    -0.0505931    -0.0084763
5.35988    1.8807    1.09745    1.30723
5.13723    3.00559    -0.723372    0.304274
5.10303    4.00341    -1.47288    -0.1516
5.28702    5.31972    -0.358014    0.0460838
5.32281    6.31846    0.762384    -0.33762
5.13897    7.49188    -1.11027    -0.91451
5.30754    8.70918    0.198252    -0.400673
5.32318    9.82457    0.731848    -0.918323
5.31036    11.1549    -0.489653    0.844383
5.22349    12.3836    0.356325    1.37419
5.41377    13.4692    1.37709    0.544107
6.45617    0.697259    0.394289    -0.330448
6.45667    1.66775    0.38281    0.645111
6.28066    2.94968    -1.36017    0.319136
6.28834    4.05723    -1.28325    -0.250029
6.28198    5.33391    -0.634227    0.828474
6.46465    6.42474    0.452135    0.0914857
6.27737    7.64905    -1.40474    0.342255
6.3297    8.67815    -0.480588    -0.413541
6.47439    10.0391    0.143104    0.554076
6.2784    11.0154    -0.405574    -0.132739
6.40864    12.2318    -0.0803407    -0.18212
6.45005    13.47    0.500709    0.540184
7.72748    0.670045    1.10351    0.893649
7.54852    1.80606    -0.402032    0.562898
7.75397    3.02932    1.55119    1.14904
7.43333    4.147    -1.50002    0.63671
7.69729    5.29664    1.13963    0.466412
7.55294    6.56478    -0.277708    1.20971
7.56807    7.60069    -0.325266    0.472986
7.66983    8.847    0.68482    0.967724
7.47829    10.03    -0.545542    0.523687
7.56307    11.0286    -0.15896    0.0597605
7.68941    12.2439    0.979441    -0.0524891
7.51543    13.3827    -0.581771    -0.346831
8.75067    0.569446    0.344971    -0.165421
8.62707    1.80543    -1.17938    0.375721
8.79393    2.84597    0.296162    -0.580181
8.75107    3.93552    -0.100642    -1.44323
8.8278    5.28419    0.609096    0.347593
8.77137    6.41263    0.262087    -0.413943
8.60784    7.42434    -1.2935    -1.24045
8.72463    8.83924    0.143063    -0.89771
8.56543    9.79915    -2.05971    0.616971
8.87561    10.9476    1.22345    -1.36376
8.75827    12.1035    0.164193    -1.47403
8.78112    13.3266    0.230103    -0.901626
9.99681    0.457437    0.801383    -1.25896
9.98767    1.82556    0.470281    0.195407
9.81917    2.81611    -0.732749    -0.429592
9.81847    3.97755    -0.871907    -1.05412
9.8813    5.24085    -0.184592    -0.0972196
9.92733    6.37287    -0.309252    -0.490956
9.86611    7.62493    -0.518423    -0.00841256
9.90399    8.64173    -0.186431    -0.657771
10.0742    9.88455    1.5139    -0.324279
9.94066    11.1818    -0.397296    0.785372
9.89487    12.2298    -0.225658    -0.0198026
9.85757    13.3338    -0.510174    -0.815888
11.1836    0.66006    0.678271    0.719452
11.0122    1.73573    -0.397082    -0.119178
11.0062    2.98962    -0.770901    0.729538
11.161    4.19609    0.825059    0.677614
11.024    5.20349    -0.64082    -0.0148595
10.9349    6.53311    -1.08591    1.00342
11.0352    7.57233    -0.458301    -0.0117533
10.983    8.63506    -0.941988    -1.03362
11.1559    9.94926    0.7868    0.329022
10.9369    11.2042    -0.80475    1.10502
11.141    12.2468    0.637088    -0.397752
11.0339    13.2527    -0.534242    -1.15802
12.2103    0.660539    -0.17055    0.815206
12.3106    1.84565    -0.270116    0.874905
12.226    2.91667    -0.24974    0.0879204
12.4074    4.244    1.3624    1.57984
12.2904    5.33138    0.400921    0.85081
12.3468    6.50254    0.961696    -0.336839
12.308    7.47732    0.542206    0.143821
12.0933    8.64852    -1.5604    -1.01472
12.3191    9.90253    0.690574    -0.141388
12.1566    11.1847    -0.934121    1.01352
12.3877    12.3148    0.601545    0.59519
12.287    13.5722    -0.543197    1.56151
13.2751    0.607971    -1.31275    0.267389
13.2958    1.81801    -0.384976    -0.838269
13.3333    2.78696    -0.771891    0.21558
13.4453    4.1835    0.0369734    0.893532
13.5733    5.22689    1.56039    -0.110993
13.4126    6.29667    -0.387938    -1.16275
13.4343    7.57561    0.222718    -0.561151
13.3107    8.58118    -1.10668    -1.20394
13.4517    9.81352    -0.321004    -0.987972
13.4706    10.9448    0.539381    -1.38535
13.3762    12.4005    0.369595    1.5544
13.2702    13.509    -0.549486    0.855219
