0.135705    13.32    0.318145    -0.223269
0.496242    1.05258    -0.0778589    -0.748786
0.757372    3.10257    -0.385306    -0.79784
0.55137    4.12575    -1.49578    -0.166643
0.776693    5.73391    -0.961606    -0.50557
13.9271    7.25383    0.466754    0.13291
0.740278    7.97618    -0.562884    -0.0591698
1.1528    8.99934    0.0106747    -0.493284
0.344705    9.98924    -0.0859432    -1.9778
1.57335    11.1628    1.30145    -0.30132
0.397018    11.2619    0.670037    0.714727
1.88359    13.4354    0.859013    -0.338195
2.78091    0.0271392    0.155301    -0.665123
2.09356    0.854323    -0.115357    -1.45488
1.27509    1.80349    -0.897063    -0.583078
1.34694    4.77688    0.127034    1.87233
2.93268    5.49123    -0.160786    -0.380262
0.934952    6.76099    0.0558362    0.228059
2.20985    8.64427    -0.503227    -1.11414
3.2807    9.27075    -0.101136    0.0706446
1.37178    10.0482    0.287436    -0.474212
1.98945    12.2682    -0.488657    1.74035
0.925639    12.2091    -0.84194    0.749363
2.93055    12.9949    -1.91363    -1.29713
3.13065    1.09106    0.250533    0.782791
1.93861    2.72296    0.262424    0.920952
1.60827    3.7589    -1.86012    0.081894
2.34366    4.51327    -0.160181    -0.515287
4.26731    6.52464    -0.418366    -0.0404463
2.22505    7.17471    0.367968    -0.0552368
2.98086    7.77115    -0.983779    1.00516
3.60412    10.3297    -0.837145    0.298089
2.43306    10.3412    0.404078    -0.878686
3.87755    12.5443    -0.0120118    -0.13271
4.94111    13.3139    1.03626    -1.74632
3.88488    13.7332    0.0707756    -0.435504
5.1177    0.47706    0.8429    0.92982
4.1186    0.71556    0.73468    -0.53149
2.7893    2.06077    -0.299589    -1.46917
2.80266    3.36332    -1.1128    0.949675
1.90626    5.65568    0.474289    0.620238
4.04876    5.21333    -0.346831    0.475658
3.1877    6.65969    -1.04101    -0.409693
3.3403    11.468    0.0972882    1.89598
5.7491    10.9158    0.087207    -0.773998
4.51747    11.2488    -0.259441    -1.03386
5.80198    11.9135    2.48194    0.452634
6.24639    13.1383    1.23791    0.22894
4.21067    1.8099    -1.34416    -0.14209
3.79041    2.80189    -0.220633    -0.800969
4.73778    3.57794    0.302641    0.0252013
3.79879    4.11788    -1.41229    0.234364
5.13456    5.27959    -0.0826824    0.827281
5.2681    6.29641    -0.156582    0.119329
4.57453    7.52629    -1.117    -0.693513
3.8818    8.2166    0.00604914    -0.869208
4.67344    10.0639    -1.08463    0.374816
6.99616    11.9211    1.51749    -0.490105
7.20403    13.8204    -1.54383    0.218647
6.23119    0.319401    0.29876    0.0946884
8.2862    0.242188    -0.580738    0.473616
5.61736    1.43464    0.259002    1.23112
5.11695    2.54587    -0.00825216    -0.699599
5.68669    4.28364    0.868875    0.0349389
6.09968    5.67009    -0.044319    0.151517
6.06128    6.87994    -0.86975    1.49967
5.5032    8.36944    0.545322    0.352179
4.56753    8.91571    -0.00604281    0.74665
5.9662    9.82675    0.930222    -0.210119
7.28399    9.79717    0.929331    0.130121
6.973    10.9306    0.871717    0.31449
7.68485    12.8029    0.376705    -0.769636
6.96296    1.11487    -0.665292    1.014
6.48857    2.10301    0.43314    -0.688122
5.87641    3.20375    -1.4319    0.245403
7.14343    3.3257    0.561445    -0.331603
6.9962    6.21928    1.56213    -0.924771
8.12196    6.83544    0.467547    -0.903258
6.89643    7.68881    0.483613    -0.865958
6.6066    8.67018    0.16453    -0.299887
8.16437    9.34841    -0.327078    -0.197042
8.21775    10.3968    -0.481653    0.518992
8.34536    11.977    -0.633943    0.553445
9.02331    12.8135    -0.165745    0.517981
9.47491    0.0121458    0.584927    0.068192
8.11217    1.24315    -1.65751    0.0207937
8.00307    2.44141    -0.282237    1.55323
8.53262    3.4268    -0.22912    -0.293562
7.34097    4.89229    -0.179726    1.26769
7.98792    5.7302    -0.113873    0.245418
8.67198    7.6895    -0.0617459    1.67136
7.69914    8.43459    0.191056    0.391082
9.27185    10.0302    0.603276    -0.0542943
9.18844    11.0817    -0.581883    1.18374
9.8382    12.0086    0.225776    1.19002
10.548    13.0991    0.782741    -1.44922
10.4967    0.204422    1.34532    0.400122
9.7897    1.09164    -1.21746    -0.362211
9.08583    2.13135    0.60378    -0.917771
9.57589    3.39471    -1.21158    0.162566
8.9969    4.68365    0.762217    -0.00402621
9.0872    5.71916    -0.698414    0.828511
9.24184    6.74389    -0.176447    0.0387841
9.09294    8.77148    0.901064    -0.263014
10.2329    10.9661    0.814874    0.942089
11.3627    10.7913    0.0960191    -0.0620917
10.8093    11.8164    0.509207    2.35225
12.0883    13.6306    -1.269    1.70559
11.8018    0.77402    -1.10257    -0.55228
10.8794    1.18451    0.976745    1.07974
10.408    2.2879    -0.693562    -0.996832
11.0467    3.85146    0.0990638    -0.392243
10.1791    4.59379    -1.37948    0.239361
10.2237    5.7153    -0.467753    -0.0861313
10.0558    9.24109    -1.40073    -0.347214
11.1605    9.85453    -0.598416    -0.758638
12.3831    8.35693    -0.0771021    -0.107127
12.4689    10.5821    0.872427    0.228466
12.1392    11.5732    -0.0149528    0.799793
11.7552    12.5429    0.00547414    0.81124
12.0237    1.85874    0.29259    0.0107084
11.8542    2.9306    -0.718362    -0.937883
13.1658    2.74464    0.83357    -0.332115
11.096    5.10183    -0.177601    -0.300989
12.5545    4.88805    0.853911    0.494058
10.3941    7.60979    -0.926808    -1.85634
11.5072    6.88294    -0.630413    -0.799647
10.8494    8.61083    1.5962    -0.433661
12.0768    9.43626    0.523523    -2.18251
13.4964    10.8375    0.711669    0.445713
12.7838    12.9058    0.414111    -2.33233
13.8206    0.300513    -0.409639    -1.22073
12.7976    0.85493    1.17412    0.0779791
13.7546    1.77777    0.806472    0.707737
13.4779    3.99916    -0.820026    0.638191
12.5093    3.6459    -0.445523    0.0946382
13.974    5.01891    -0.755196    0.245398
13.3141    6.05277    0.586514    0.594905
12.4733    7.25729    1.96755    -0.281813
12.0278    5.88273    0.379239    0.844307
13.436    8.75782    0.637855    -0.0996064
13.1563    9.7134    -0.0154754    1.62958
13.6186    11.9825    1.89224    0.383683
1.00257    0.0331898    1.19794    -1.25435
