19.4808    21.0563    -2.12855    0.270452
19.4314    9.78679    0.351091    -3.14697
15.6331    21.6514    1.50757    1.22304
15.9527    20.3318    0.302339    -1.00959
15.243    16.2276    -0.427796    -0.199567
7.3927    2.31936    -0.651562    0.768533
7.38145    0.826091    0.219124    -1.90275
16.8825    9.00646    1.12995    0.565034
12.4048    8.25772    0.399081    -0.22354
27.5741    3.47697    2.74669    -1.80782
13.2542    14.4803    -0.0767872    -0.531068
22.8248    18.601    1.4064    -1.52237
24.1134    1.44966    -0.413822    -0.0553056
20.2982    20.3826    0.613899    -0.563563
17.7174    14.1172    0.603943    0.946647
11.3139    24.7545    0.138143    -0.362455
25.6931    3.45533    0.270979    0.38305
23.857    7.71887    -0.56104    3.37774
20.4622    6.14809    -0.00643537    -0.159678
18.5856    6.94557    0.245871    -0.719819
27.4778    9.26761    -2.02732    -0.456394
26.0609    4.91387    0.222752    -1.27351
20.6373    25.5089    2.18113    -0.250179
23.2066    16.3221    -0.494557    0.117794
26.8747    20.4125    -0.156634    1.0914
1.10771    9.63019    -0.203251    -0.676532
1.78308    10.6403    2.27197    -0.0426711
20.2511    14.9576    -1.57128    0.270504
19.5487    5.32656    -0.0584024    0.492294
15.7975    1.81379    -0.179291    -0.938439
22.7554    10.0184    -1.78499    -0.519109
4.03425    2.25703    2.55703    0.920264
27.946    12.4911    0.905809    -0.260538
26.2654    6.90662    0.34751    -0.430009
22.7662    21.4916    -0.621716    0.976663
4.30929    6.74168    -0.601557    0.784988
0.310304    27.1636    0.736899    0.994864
22.3514    17.5785    0.689496    -0.21168
18.1911    10.7063    -0.258952    -1.21453
0.807439    2.52476    -0.949625    -0.778601
5.51089    2.94181    -0.0757053    -1.15225
0.836833    7.06867    0.387869    -0.312587
7.83609    5.48746    -1.69042    -0.0892082
5.78564    20.0682    -0.224234    -2.1657
24.1475    13.3803    -0.157666    -1.04355
22.781    12.8948    -0.214951    -0.19348
13.7141    20.1674    -0.3289    -0.287174
0.429218    19.9268    -0.935413    -0.44775
1.64956    22.8047    -0.921613    -0.245228
0.629292    22.5581    -0.613646    -0.177742
26.1169    25.8875    -0.953238    0.194778
6.22859    0.350766    0.716668    0.766038
8.69977    14.1066    -0.605075    0.979258
4.12731    14.6757    -1.06556    1.16505
0.0931007    15.7449    0.285123    -1.73029
3.27581    5.05183    0.873897    0.441527
2.5781    19.0352    -0.685339    0.591529
8.65101    9.71792    0.608679    -0.0150496
6.30073    19.1367    -1.45345    -1.06804
21.6291    5.96215    -1.39471    0.893196
4.83729    16.6177    0.0983729    -0.332394
27.4417    24.7853    0.900774    0.280923
6.72725    6.1582    -1.47782    1.31474
7.16012    24.4177    0.27486    1.62453
7.66737    25.979    0.949153    -0.542182
5.66492    5.33219    -1.20498    -0.510579
1.81248    13.5003    -0.879666    0.20507
0.70955    13.2761    -0.455803    0.723154
6.6086    17.2748    0.0154708    -0.185425
13.9776    16.5647    0.171988    -0.259033
14.0006    10.5923    -0.221491    -0.608823
7.66468    22.9771    -0.342103    1.85647
7.08665    14.2915    1.38945    1.38781
25.939    17.6563    -0.131988    -0.20826
8.48902    24.9935    0.310881    -1.86326
19.2134    22.8998    1.44415    -1.24104
6.61157    7.624    -0.312963    2.24335
9.57383    8.30428    -0.105052    -0.0943727
9.68353    10.3615    0.350356    1.27749
4.29929    20.8818    -0.6217    0.639853
4.17796    18.5115    -0.147235    1.23382
15.1469    12.0709    -1.01824    1.82903
9.66181    16.7319    0.708541    -0.617354
1.40156    18.9596    -0.661689    -0.574753
18.1413    20.4704    0.325008    1.41431
14.5303    2.82943    0.282779    -0.919707
2.70516    25.994    -1.07844    -0.157676
7.86459    18.5978    -1.17222    0.252421
11.1885    2.05751    0.884756    0.368121
13.3116    9.35634    0.636781    2.5487
11.4234    7.15672    1.38078    0.287398
3.5526    10.7122    -0.591408    -0.430601
10.8049    14.8163    0.139526    0.951341
10.7931    12.7119    -1.73035    -0.83879
13.32    19.0267    1.63697    0.0616611
6.12073    24.8688    0.230891    0.609491
15.7961    23.6192    -0.467117    -0.379201
5.37192    21.7642    0.31187    -0.342903
15.0415    7.91303    0.72568    0.561429
18.4584    21.8252    0.646062    -2.62356
21.8372    1.21621    0.65553    0.516076
20.351    1.35703    0.790579    0.284364
5.90848    9.49281    -0.0860599    0.0250444
12.3554    15.8408    1.58152    0.194344
11.4652    10.4884    0.49975    -1.45811
12.1379    18.0141    1.10085    1.33298
13.6007    21.4945    -0.197617    1.96787
27.2249    17.5066    -1.28634    0.785095
22.4189    26.7142    -0.21557    0.032761
14.9684    19.9788    0.428004    0.300191
21.709    4.01068    -0.916281    1.63614
16.427    26.7182    1.0627    -1.30864
10.7881    5.44082    1.56732    -0.153232
8.04469    12.3796    -0.939288    0.448771
16.5605    15.4018    0.685597    1.1342
15.7652    13.1068    -0.684696    0.0883878
21.539    15.6404    -1.70737    -1.65363
20.7517    8.36993    1.00684    -0.393475
20.4158    16.4965    0.510775    -1.0185
12.5199    21.9769    0.788111    -0.609136
25.4925    24.8535    -1.05485    -0.206683
22.8728    0.875317    0.271366    -0.0745675
19.3513    3.89988    0.0404888    0.853298
15.9173    3.30646    -1.27457    0.135932
11.8098    0.401625    -2.07946    -0.774615
16.7401    16.6669    -0.754975    1.33785
16.4551    5.66139    -0.697693    -0.29515
17.3975    10.1483    0.752682    -1.00633
26.1739    0.595964    0.274873    -0.825835
14.4044    22.504    -0.0128453    0.477673
25.4077    19.7774    0.328956    0.367463
14.0341    26.8691    1.30622    -1.22122
21.0957    18.6423    -2.34713    0.317823
1.09294    27.9091    -0.379919    -0.630167
4.79276    1.32886    1.3377    0.459304
12.6887    4.83628    0.765072    -1.11242
23.8688    6.34174    0.501851    0.204826
21.4247    10.7508    -0.240485    -0.344519
24.8621    6.95806    -0.677195    -1.79609
25.6772    12.0381    2.02138    -0.027984
13.5161    7.78152    -1.63765    1.96095
26.708    10.2293    0.573299    1.38993
0.612853    11.3746    -1.03563    0.798703
20.694    24.1275    -0.256478    -0.220365
