19.189    17.775    1.81964    -0.837762
20.4221    21.0375    0.792123    1.20494
18.4013    15.0681    0.614519    -0.476154
24.9572    19.1214    0.815795    -2.28629
17.2309    18.9053    -1.04828    0.66012
25.6695    4.70444    0.411676    -0.425274
27.5578    25.9082    1.65392    -1.87705
25.264    7.72781    1.35282    -0.513628
21.9544    9.73613    -0.465615    0.768913
24.2745    16.4936    -2.54185    -0.836856
16.5192    17.1197    1.00687    1.03008
27.6241    21.1541    -0.562091    0.677551
24.7779    23.3698    1.72047    1.63619
0.420995    16.2044    1.31213    -0.0636602
21.5816    21.1749    -0.131825    0.384712
22.2685    22.7594    -0.891981    0.0213931
26.7768    5.3126    -0.356999    -0.318022
23.4229    27.7081    0.689039    1.00548
26.2516    6.77765    0.269938    -0.583131
23.709    10.7004    -0.412573    -1.73693
24.1623    13.9152    1.08727    1.70898
25.256    12.968    -0.905625    1.58995
17.1663    9.66873    0.691935    -1.26026
2.89727    19.2068    0.864408    0.445191
26.5473    22.448    -1.1883    1.03218
27.0305    17.5149    -0.342186    -0.460056
24.2857    0.638417    -1.16997    -0.30923
21.1392    27.5921    -0.763161    -1.135
0.55306    0.487918    0.0466065    -1.06918
3.40095    5.52959    0.0819386    -0.23559
25.7637    10.8518    -1.24362    -2.42888
26.2258    12.3143    0.592396    0.183401
27.5008    12.6494    1.54395    -0.764528
21.882    17.588    -1.3743    0.483551
1.4072    17.895    -0.559396    -0.815099
6.90588    1.37532    0.302468    1.65703
2.92129    24.1404    -0.022152    0.876162
24.5218    21.1899    -0.872699    0.0945816
25.3523    17.7506    -0.166954    1.28916
23.6686    4.45418    -0.502411    1.07936
0.975539    5.3768    -0.432803    0.403216
5.39788    1.58999    0.969898    -0.733182
26.9068    10.6086    -0.229443    0.633719
0.807143    13.2669    1.81927    0.163019
25.8666    16.8119    -0.919727    1.00221
21.7022    20.1654    1.03676    0.784597
8.09347    15.8095    -0.185525    1.59095
5.19839    17.7352    0.161007    0.471438
23.7542    22.6645    1.64694    -1.11351
24.8672    25.3195    -1.02338    -0.527089
25.8158    0.393477    -0.305008    -0.607471
1.97305    3.55847    -0.0306358    -0.663667
4.33168    4.26218    -0.147137    -0.124324
2.12402    4.6574    -0.261905    0.625941
0.504775    9.86173    -0.378758    -0.0819904
1.83679    13.766    0.871214    -0.605798
1.24275    15.3979    0.17991    -1.01032
4.40772    21.1628    -0.399553    0.924458
4.2416    23.809    -0.535511    0.635178
9.71785    22.6052    0.700589    0.342313
9.48134    20.4354    0.872914    0.569747
27.6467    27.2466    -0.293486    0.352136
26.7678    1.07354    -0.183754    0.57447
6.51888    4.57808    -0.469642    -1.05967
11.813    4.89524    -0.692909    2.1479
5.25049    5.61727    -1.11711    0.283489
27.7216    9.01885    -1.26214    -0.54789
4.69632    11.8514    -0.308932    0.396774
3.34995    13.5955    -0.290262    0.300775
8.99749    19.4063    0.0891739    0.331088
11.6865    19.5096    0.707156    -1.03622
6.8063    27.45    0.168281    1.70093
0.916973    26.4297    -0.750165    -0.513992
8.04847    21.0034    1.32316    -0.126854
0.955371    23.28    0.985287    0.718863
12.5888    1.40783    0.087864    -0.372107
7.45668    2.39954    -0.288063    1.5778
10.2511    6.97957    0.595164    0.442868
5.61664    10.7616    -1.36102    1.11999
2.88969    11.809    0.415601    0.0441662
12.6088    13.4943    1.08483    -0.797656
12.4859    14.9861    -0.659867    0.609007
7.7352    17.1138    -0.976395    1.0562
6.22285    13.9471    0.857377    -1.67733
13.3956    21.5135    -0.81841    -1.77893
14.3526    20.5124    0.518846    1.65893
11.7129    21.3831    0.462421    0.116271
8.0005    22.701    -0.96581    -0.435227
14.9094    26.8348    1.31218    -0.125425
14.7832    2.7652    0.603955    -0.322671
7.37855    7.44745    -0.739877    0.387318
9.92725    9.08944    0.213148    -0.0137349
7.0653    11.4064    0.000535992    0.254189
9.71782    14.2756    -0.187502    0.293472
15.497    16.6247    0.051726    -1.45559
12.6369    17.4177    -3.12936    0.388019
18.037    24.595    0.779905    1.92897
10.3888    24.4827    -0.41939    -0.570794
9.53574    0.80746    -1.72646    1.53541
14.1193    24.3881    0.144047    -0.908589
13.0585    2.81097    -0.15836    -0.57396
20.1501    5.59424    1.11517    0.0126403
14.0388    4.00662    2.13111    1.04387
8.91662    9.76447    0.749375    0.0242229
14.6638    13.7089    0.562452    -0.734426
14.1215    18.8705    0.166629    -0.294011
14.3146    22.764    -0.655944    1.08988
13.1672    18.4106    -0.709247    -1.6417
15.3054    24.5769    0.501104    -1.11432
15.937    0.336859    -1.05246    -0.30108
17.8923    2.39835    -0.251654    0.888629
21.5154    1.67267    1.86848    -0.722902
15.9181    5.97064    1.72704    0.120138
7.63295    13.5228    -0.998832    -0.655757
10.7837    9.95556    1.05641    1.04041
13.3263    12.515    -1.11407    0.488669
15.9185    15.5471    -2.61793    0.79738
17.6919    17.5896    -1.33168    0.529461
18.8197    25.7006    1.29653    -1.90882
16.4892    19.6821    1.46238    0.184857
20.1075    27.4344    -0.400162    1.14948
20.2578    26.0225    -0.583293    -0.542162
19.0052    1.91673    0.247593    -0.1167
18.0787    1.0803    -0.318711    -0.0472696
14.3192    11.4102    -0.0933285    0.973696
21.8911    7.46239    0.667581    1.13985
19.9006    16.8936    -1.33835    -0.897494
15.4675    9.08515    -2.31814    -1.55203
18.8144    6.6945    0.298772    -1.40436
13.8541    16.1486    -1.43991    -0.118446
26.2942    18.8982    2.03722    -1.70109
8.24476    26.8974    0.373326    -0.54888
15.4314    17.8949    -1.02823    -0.967281
20.0641    23.6306    -1.63791    -1.50098
23.3439    26.3083    1.74942    -1.90897
21.2862    4.23102    0.515423    -0.570777
18.2734    27.3643    -0.913143    1.43332
21.2726    12.9918    -0.249062    0.271077
19.6837    7.95081    0.0534688    0.292467
17.6998    11.75    -1.52946    -0.670518
22.5051    6.60542    0.549685    1.09703
21.802    14.2793    2.4154    -0.952339
21.4305    18.8154    -0.321155    1.05563
18.8337    22.6296    0.196913    -0.745593
