0.583413    0.591006    -0.122381    0.184218
0.581895    1.75372    -0.230852    1.19234
0.585309    2.91778    -0.688651    1.48005
0.581514    4.08674    -1.58065    -1.7447
0.587968    5.25134    0.824576    -0.589944
0.583315    6.41667    -1.60983    -0.540539
0.588311    7.58534    1.33771    -0.183562
0.58349    8.75182    0.632746    -0.762515
0.581793    9.92046    -1.55355    -1.86667
0.583545    11.0814    1.45832    -0.702586
0.583303    12.2493    -1.27485    -1.25521
0.582663    13.4167    1.32983    0.928525
1.75114    0.589246    0.158319    -0.259218
1.75406    1.75322    1.29582    -1.67145
1.75103    2.91751    -0.990287    -1.08514
1.75    4.08333    -0.948246    -0.510639
1.74961    5.25028    0.285225    0.196218
1.75139    6.42854    1.47616    0.872463
1.75092    7.59289    0.456132    0.40361
1.74824    8.76169    1.17221    -0.561912
1.73968    9.93064    -0.197594    -1.11705
1.75399    11.1084    1.63134    -1.9409
1.75    12.25    -0.313736    -1.12649
1.7478    13.4174    0.960138    0.404713
2.92378    0.58455    0.326416    -0.787604
2.92142    1.75043    0.023543    1.30119
2.91451    2.91722    1.67005    0.75551
2.92866    4.08067    1.3376    1.40565
2.91552    5.24776    1.36174    -1.71281
2.91346    6.41019    -0.475608    -0.0395664
2.91788    7.57556    -0.443161    1.62459
2.91755    8.74148    0.919773    0.664194
2.90943    9.90918    0.457009    -0.234583
2.9197    11.0692    -1.58281    -0.518561
2.91667    12.25    0.310182    0.356713
2.91376    13.4163    -0.316959    1.33632
4.08585    0.593085    1.088    0.742251
4.08882    1.75555    -0.87727    0.863562
4.08156    2.92212    0.600968    -1.19241
4.0868    4.08713    -1.03004    0.387038
4.08309    5.2618    -0.510842    -1.74504
4.08929    6.42317    1.52597    1.00309
4.08529    7.59153    -0.89808    0.0177158
4.08841    8.74624    -0.899972    0.418463
4.08562    9.91106    0.46402    0.28977
4.08199    11.0819    -0.0986182    1.58209
4.08217    12.2468    1.64115    0.177272
4.08026    13.4127    0.99521    -0.803851
5.25481    0.581345    -1.50313    0.0904166
5.24869    1.74974    1.10853    1.30326
5.25378    2.91127    -1.23853    1.0826
5.25004    4.07864    -1.43637    -0.948945
5.24232    5.24878    0.607162    0.856814
5.24567    6.40359    0.735767    -1.07729
5.25241    7.57875    -1.11383    -0.884726
5.25144    8.75803    0.663474    -0.456513
5.2622    9.9215    0.688185    -0.922023
5.25329    11.0854    0.922503    0.668593
5.24723    12.2458    -0.424238    1.34403
5.24725    13.4119    1.71978    0.545563
6.41688    0.585349    0.391531    1.6143
6.41594    1.74964    0.40041    -1.29369
6.41791    2.91403    -1.35317    0.329261
6.41763    4.07963    -1.27505    -0.241019
6.4227    5.25151    -1.58869    0.830362
6.41447    6.41344    0.492422    0.0835614
6.42384    7.57999    -1.40149    0.740163
6.41079    8.74631    -0.936552    -0.774308
6.43782    9.91651    0.585754    1.44319
6.41866    11.0761    -1.68725    -0.816504
6.41325    12.2471    -0.0663943    -0.170385
6.41184    13.4174    0.305942    0.525583
7.58196    0.583817    1.53853    0.85551
7.58358    1.74855    -0.342832    0.564461
7.58459    2.9185    1.73797    1.11019
7.58529    4.07961    -1.49815    0.643247
7.58242    5.24966    1.14239    0.465571
7.57741    6.42815    -0.27143    1.50761
7.5854    7.59018    -0.0899993    0.0944467
7.59121    8.75403    0.882694    0.961726
7.60253    9.91791    -1.25429    1.30516
7.58068    11.0924    -0.188419    -0.746449
7.5793    12.2464    1.08582    -0.0500248
7.57705    13.4173    -0.661521    -0.341393
8.74812    0.584142    -0.0699508    -0.136249
8.75292    1.75575    -1.24417    0.569738
8.75063    2.92162    0.482813    -0.762528
8.7492    4.08925    0.0273473    -1.50098
8.7476    5.25535    0.82314    0.319207
8.75572    6.41308    0.173883    0.0876664
8.75787    7.58257    -1.49808    -1.69125
8.75742    8.75427    -0.3641    1.5217
8.77157    9.92336    -1.86043    -1.83108
8.74739    11.0976    1.24773    -1.40085
8.74703    12.2542    0.083657    -1.46775
8.75273    13.4155    0.306312    -0.89573
9.91812    0.590289    0.789548    -1.27392
9.91959    1.75132    0.76475    0.908702
9.91974    2.91657    -1.04159    -1.16462
9.9164    4.08396    -0.99333    -1.05219
9.91348    5.25102    -0.372644    -0.0974222
9.92045    6.41685    0.194074    -0.4252
9.91546    7.58518    -0.493817    0.523029
9.92544    8.7531    -0.169852    -1.20292
9.91193    9.90807    1.61201    -0.292194
9.9164    11.0817    0.420349    1.04953
9.9162    12.2498    -0.212591    -0.23109
9.91447    13.4186    -0.588895    -0.833681
11.0858    0.583717    1.07329    0.76874
11.0824    1.74927    -0.78836    -0.134955
11.0796    2.91126    -0.752222    0.744555
11.0781    4.08503    0.785074    1.23731
11.0827    5.24434    -0.583221    -0.557833
11.087    6.41574    -1.59955    1.20916
11.0811    7.58181    -0.467761    -0.134347
11.0912    8.74989    -1.02848    -1.16267
11.0804    9.92473    0.720802    0.299494
11.0862    11.0812    -1.64115    1.23823
11.0906    12.2492    0.530969    0.0793801
11.0819    13.4212    -0.467389    -1.79327
12.2514    0.581618    -0.464718    0.771127
12.2524    1.74727    0.844018    0.984885
12.2502    2.91184    -0.242749    0.00737424
12.249    4.08188    1.62337    1.62276
12.2479    5.24729    0.409301    0.813703
12.2512    6.41159    0.94887    1.23821
12.243    7.58058    0.612028    -1.41399
12.2623    8.74452    -1.60044    -0.987711
12.2405    9.91835    0.714836    -0.145294
12.2507    11.0809    -0.929183    1.01411
12.2491    12.2471    1.61115    0.668753
12.2532    13.4169    0.620563    1.54228
13.4204    0.589422    -1.43856    0.213527
13.418    1.75274    -1.44634    1.15951
13.4174    2.92113    -0.845663    -1.8124
13.4152    4.08963    0.378842    0.988762
13.4113    5.25311    1.58708    -0.268675
13.4177    6.42104    0.0620308    -1.20887
13.4148    7.58199    0.171344    0.0608442
13.4112    8.75515    -1.02239    -1.84772
13.4117    9.91942    0.560089    -1.05174
13.4169    11.0869    0.536723    -1.39094
13.4105    12.248    -0.595337    1.5002
13.4186    13.4135    -1.74773    0.94944
