24.595    2.5169    -1.32122    -0.339394
22.7578    23.129    -0.170172    -0.836994
5.37894    26.4901    0.124953    -0.714087
14.601    22.615    -0.973995    0.148535
23.7577    16.5279    0.00563949    -1.05634
5.96522    1.33572    0.75676    0.106157
0.168283    20.7667    -2.10506    0.191958
8.86514    7.98292    -0.359516    0.280916
18.6548    26.8766    -0.775522    0.0153089
16.2465    13.7639    -0.185089    -0.140991
16.5857    6.74125    -1.00907    -2.22936
22.3124    19.0175    -1.13142    1.85684
14.6218    18.0446    1.74154    1.79697
2.89794    16.2658    -0.920555    -0.494378
19.0947    16.0857    -0.825244    1.71342
18.9078    19.1155    -2.26167    0.198089
19.2144    10.9546    -1.67512    0.926507
19.6301    5.53283    -0.233104    0.0852689
19.1205    4.18296    -0.231408    -0.169132
20.313    11.1473    -0.271562    0.03463
5.8446    12.5772    -0.177978    -1.30688
7.6074    22.4077    -1.23094    -0.197373
20.4296    14.2602    1.42817    -0.707484
1.01504    16.1081    0.347074    -0.0111319
25.499    24.0852    0.529429    0.481775
8.0425    20.808    1.59006    2.44983
26.5459    0.867835    -0.219019    0.599669
10.6827    15.4968    -1.21731    0.227128
6.7501    0.574186    1.27723    0.235601
23.1727    9.29714    1.35976    -0.0121102
2.90502    18.4303    0.414652    -1.99955
27.8912    11.4799    0.550717    0.376137
17.6609    13.0259    0.629467    -1.52608
1.9506    13.4027    0.193788    -0.901141
23.5008    26.9027    0.169578    -0.639608
8.0499    25.0277    -0.507144    -0.249241
5.56959    24.871    -0.463561    0.808442
2.92595    21.0359    0.141019    -1.11155
24.0686    18.3634    0.791137    0.011551
27.3108    9.27816    0.196985    0.890164
2.02276    12.1372    -0.250652    -0.715757
5.52229    9.13021    1.22391    0.128815
3.38208    1.12442    1.69278    -0.151103
1.46058    18.6803    -0.0354412    0.222163
2.15026    24.519    0.57035    0.253565
0.57031    13.9562    0.534892    -0.67875
6.80905    8.47205    -0.503225    1.21295
9.12996    23.679    0.933123    0.537749
24.619    27.7642    -0.399964    -0.0544913
6.60366    24.1035    0.784468    0.303505
3.64404    7.45808    0.885382    -1.60068
21.7542    13.7229    -1.1115    -0.805125
14.9014    0.383267    -1.00261    0.080199
8.4494    18.146    0.0870195    -1.86297
4.92746    21.1989    0.658052    2.0369
4.45209    12.7482    -1.44353    -0.218955
6.1287    22.5105    -0.854601    -0.832075
6.97293    20.9511    2.33217    -3.25109
10.8705    0.21211    1.68899    -1.90768
17.4127    18.4902    -0.82981    0.611553
26.8151    17.3933    -0.220136    0.404402
0.145811    24.7963    -0.797588    2.3171
17.6765    24.4684    0.334275    1.12037
10.7643    23.0513    -0.742123    -0.124224
3.84274    3.1649    0.785347    -1.2672
8.0383    2.59047    -1.09468    -0.872481
0.56317    8.5691    0.492342    -1.1803
27.0969    6.11913    0.878206    0.223648
26.9618    23.8778    -0.303263    -0.422878
15.7366    16.1703    -0.694842    -0.530317
4.54532    22.3339    0.31879    0.109765
8.59577    1.15838    -0.41072    1.80333
12.7083    26.4973    -0.854227    0.156414
6.17167    10.1963    1.13901    -0.737641
23.6005    7.04467    0.223334    0.348294
11.9767    22.4368    2.14264    0.616391
10.5238    4.01506    2.31683    2.17251
4.89253    16.723    -0.882045    -0.416161
17.0003    26.5314    -0.0590828    1.20039
10.7666    19.9275    -3.18826    -1.99591
27.8295    25.8919    1.74593    -0.27934
13.2771    5.7409    -0.7996    -0.667544
3.58869    14.3488    -1.11495    -0.187347
6.01668    16.5804    -0.421206    -0.816114
26.3268    21.0663    -0.160288    1.30809
18.3795    18.2152    0.342249    -1.74882
9.78465    22.4773    0.190817    -0.551928
15.7051    14.7269    -0.173515    0.765619
0.154129    4.15125    1.25583    0.265335
17.8187    3.82589    -0.451857    -0.571002
20.2531    9.50592    0.157097    -0.0561265
27.1088    27.6282    -1.17187    0.349063
7.75251    7.31808    -0.0555066    0.758936
8.42885    4.78    -0.667771    0.162653
25.2183    3.92362    -0.154648    -1.52737
3.93064    26.1661    -0.364843    -1.09296
11.4874    3.54338    0.504558    -0.698901
7.0838    9.53149    1.82347    1.32978
1.63553    3.81293    0.0530695    -0.359428
10.9383    14.2431    -1.34597    1.014
9.79609    0.954502    -0.0458319    -0.0494226
24.7493    21.0255    1.92695    -1.07921
13.585    4.66337    -1.24963    0.160154
11.8225    6.46949    -0.275595    0.956517
5.32067    2.3749    -0.379034    -2.13131
12.6708    12.8006    -1.64075    0.944197
14.8422    13.1281    0.617352    1.1586
5.23049    15.4169    -0.0199446    0.590266
18.4732    22.1712    0.503265    0.0750073
21.3516    23.1943    1.01964    1.23974
22.0178    1.34699    0.834817    -0.871969
10.7896    27.0897    0.00308115    0.17205
22.4053    9.98737    -0.754676    -0.314122
9.94501    10.9427    1.70773    -1.14957
13.1036    7.27349    1.01802    1.63676
2.37727    7.33442    0.590743    -0.166056
1.72934    15.2449    0.0931343    -0.310105
17.2204    10.9038    0.492655    -0.19398
24.8693    26.7842    0.53357    -1.14937
12.2154    19.6548    0.717093    1.40111
0.30107    16.9156    0.0438096    0.849948
15.6502    21.947    0.0996168    0.0172044
22.9962    13.5053    -0.29599    -0.433941
9.65084    20.5347    -1.2686    1.55933
15.8279    1.81483    1.08069    0.342514
14.6655    4.75639    0.126485    -0.299564
27.6638    12.6516    0.9508    0.52888
22.0335    3.01749    -1.02846    0.814927
0.889777    9.58188    -0.368732    -0.391853
16.7928    15.5432    -1.02277    0.262395
27.4849    13.6914    0.774111    0.704402
27.2945    3.09697    0.0955974    0.144728
23.0619    15.4056    -0.187593    -1.28612
9.10215    27.0177    -0.0960626    0.703197
4.25856    5.67393    1.23112    -0.320088
8.25024    9.12467    -0.67165    1.13541
21.7574    17.2919    0.157749    2.32888
24.9521    15.003    -1.08928    -0.395704
20.6093    19.9441    0.705734    -1.48155
12.9338    17.4133    0.297178    0.391968
16.2182    5.6959    0.404004    0.592763
10.2051    13.0802    0.928432    2.67727
14.0741    7.96241    -2.52052    -0.45443
24.7217    4.94699    -1.02182    -0.0519017
