0.523897    0.500887    -0.10668    -1.62216
0.51768    1.64166    -0.160756    0.112992
0.26598    3.25522    -0.698874    1.18878
27.6754    4.51074    -1.87426    1.37397
0.872417    4.94205    0.293127    -0.678181
27.7784    6.1464    -1.60983    -0.540539
0.696119    7.15683    -0.754902    -1.40014
0.934262    8.46185    0.725586    -0.335877
27.7483    9.1718    -1.72081    -1.34507
0.56871    10.8002    -0.646515    -0.874219
27.8828    11.7273    -1.72385    -0.518573
0.860911    13.9299    -0.0818435    1.11438
1.74411    27.964    -0.584857    -1.652
2.04679    1.15461    -0.386514    -1.73687
1.29016    2.369    -0.789866    -1.02663
1.27588    3.82801    -0.948246    -0.510639
1.86176    5.32608    -0.975362    -1.02529
1.77733    6.3126    -0.463013    -0.832127
1.79334    7.43061    -0.309309    -0.850138
2.08505    8.6537    -0.00234049    0.766962
1.30419    9.51885    -1.70747    -0.0635865
2.14421    10.4392    0.777603    -0.92458
1.59313    11.6868    -0.313736    -1.12649
2.16004    13.5145    1.10216    0.0546756
2.77829    0.0760275    -0.668672    -1.28682
2.75349    2.05298    -0.31318    -0.306962
2.84702    3.16397    -1.99818    0.271689
2.36173    4.32679    -2.02911    1.26102
2.91067    5.42986    -0.621557    0.671042
3.321    6.66938    -0.189977    1.53419
2.88306    7.93362    -0.338398    -0.239925
3.16397    8.98428    -0.444141    -0.0668314
3.14616    10.119    0.438054    0.703593
2.76891    11.3149    -1.49573    2.09223
3.07176    12.4284    0.310182    0.356713
3.20323    14.1409    0.933806    1.50105
3.99958    0.477348    0.339541    -0.994113
3.77307    1.5767    -0.86418    -1.69389
4.19327    2.77567    0.285208    0.448115
3.89721    3.88476    -0.250175    0.796062
3.89235    5.05734    0.296109    -0.675115
4.33341    6.29809    0.899535    -1.60263
3.81136    7.58983    -0.989837    -0.208468
4.21085    8.9835    0.108863    0.022512
4.18112    10.1352    -0.865552    0.981184
3.99977    11.1388    -0.34906    -0.239038
4.2451    12.3565    0.0125552    0.181087
4.44045    13.6594    -0.214981    0.972386
5.52503    0.547127    1.03001    -0.110359
5.20436    1.99537    -1.42938    -0.14757
5.27792    3.22284    0.945729    -0.0412677
4.80401    4.3128    -1.17034    1.68552
5.41985    5.40103    0.367987    1.16132
5.48076    6.50122    -0.201614    0.388428
4.90773    7.41192    0.61936    -1.64924
5.25709    8.46766    1.29241    -0.597088
5.06664    9.47307    0.304371    0.295826
5.18844    11.6447    1.38647    1.54765
5.49649    12.7533    0.0939385    0.897015
5.50295    14.0853    0.789707    2.11536
6.61321    0.19115    0.392959    -1.30803
6.50768    1.90874    0.0610682    -0.573822
6.44943    3.08354    1.21258    0.359362
5.98442    4.04564    -1.33314    0.393712
6.48369    5.43726    1.5895    0.136695
6.61793    6.64558    -0.610889    -0.159671
6.05277    7.49546    -0.0313299    0.501715
6.53771    8.90964    -0.0768103    1.1509
6.07196    9.84447    -1.43042    0.109448
6.43566    11.1363    -0.076385    -0.47027
6.67867    12.3993    1.38581    1.02931
6.64082    13.7881    0.396828    0.872783
7.6456    0.925343    -1.03343    -0.0292957
7.71233    2.15214    1.24269    1.10356
7.42396    3.43325    -1.57256    0.626837
7.13919    4.48744    0.705259    1.41108
7.76733    5.50851    -0.424328    0.474172
7.61942    6.64107    -0.451235    -0.447653
7.10375    7.99919    -1.55598    -1.99797
7.62675    8.98374    -0.103724    0.890181
7.37924    10.1379    0.479786    0.710351
7.48135    11.2425    -0.0381998    -0.319981
7.98554    12.2863    0.889307    0.0660501
7.68789    13.4308    -0.32391    1.16678
9.2539    0.45861    1.05831    -0.117968
8.75065    1.44389    1.28394    -0.847835
8.85595    2.56407    -0.105627    -0.723118
8.66369    3.95875    -0.370187    -0.65555
8.83816    4.92874    -0.237611    -0.0750874
8.59004    6.20592    0.692196    -0.98328
8.38019    7.30774    0.0934003    -1.41809
8.60933    8.37206    -0.365862    1.52197
8.51952    9.62418    0.63181    -1.36167
8.96836    10.5243    0.428042    -0.764382
8.96016    11.7411    0.330234    0.245748
8.82975    12.9202    1.24939    -1.08462
10.1198    27.8311    -0.04185    -2.1398
9.76709    1.45653    -0.369228    -1.02607
9.95649    2.56288    0.302928    -1.29805
9.77354    4.0319    0.195589    0.28193
10.0497    5.02494    0.979335    -0.350327
9.80268    6.16065    -0.159169    -0.919595
9.63741    7.21792    -0.636132    -0.687
9.58782    8.87419    -1.36349    0.815822
10.3845    9.85262    -0.118966    1.57882
9.95088    11.1993    -0.0485409    0.0216496
9.86801    12.3712    0.128246    0.655011
9.72725    13.6188    -0.751133    1.35269
11.0108    0.715562    -0.183053    0.261465
10.8419    1.93586    -1.43255    0.59089
10.9621    3.27684    -0.572234    0.17459
11.6128    4.22708    1.37815    1.3294
11.1634    5.36264    1.12832    -0.885265
10.8848    6.53277    0.113352    0.957177
11.0029    7.59186    0.0352865    0.147077
10.8208    8.88447    0.366508    -0.216586
11.6319    10.0578    1.63998    -0.71898
10.9821    10.871    0.0961211    -0.494878
11.2187    12.3629    -0.795749    0.466153
10.9015    13.3729    0.0271833    0.851607
12.0892    0.927062    -0.318703    0.2171
12.2433    2.08806    0.91164    1.11187
12.0195    3.26476    0.374692    0.510786
12.7495    4.23352    0.94369    -1.00964
12.234    5.53997    -0.438518    0.555381
12.4468    6.57427    -0.0930146    -0.949217
12.5699    7.68175    0.236541    0.584892
11.8141    8.51433    0.407048    -0.191645
12.719    9.82737    1.41129    -0.244549
11.9906    11.4354    0.241209    0.13911
12.6127    12.6136    1.43523    0.976052
11.6339    14.2474    -1.70084    1.69396
13.4381    0.134524    0.764588    -1.90341
13.634    1.56975    1.0014    -0.00866787
13.1772    3.22443    -0.350473    1.01259
13.9656    3.97911    1.44407    -0.685293
14.4329    5.14649    2.33049    -0.339853
13.6979    6.00908    0.898899    -1.61871
13.5991    7.232    0.486764    0.244453
12.9031    8.68424    -0.650374    1.6404
13.7033    9.32437    1.02184    -1.01809
13.6852    10.4735    0.536516    -1.04491
13.9928    12.87    1.65041    1.01053
13.4432    14.0263    0.460476    1.46334
