20.8324    23.4193
14.714    15.0643
9.1288    7.44075
21.2202    27.2498
17.942    20.3809
0.664793    3.05361
6.02906    23.0355
1.26248    10.6044
22.8534    9.63026
20.9562    12.1069
13.3584    17.3714
12.2941    23.5727
4.05343    25.4785
1.3274    16.7291
19.4794    21.1766
24.6323    26.5281
27.8728    5.63461
21.6993    25.2569
1.14868    6.22113
23.7946    8.38296
27.8105    19.1085
23.0383    21.7654
21.4171    5.97012
18.8016    18.3922
0.565999    20.5146
23.5247    14.336
23.7974    3.06886
17.965    0.82618
7.04444    2.84615
3.60821    7.66985
1.43176    1.83898
24.706    12.5497
5.33772    7.82002
17.2842    17.3959
25.957    11.0473
2.49654    1.50641
27.3622    26.1926
27.3672    20.9177
23.5386    18.4435
23.6803    4.65868
3.65792    1.16803
4.52334    0.0790998
20.0724    10.4453
5.4969    9.23059
27.0809    18.4355
24.3829    17.6036
6.77491    17.934
4.87848    23.1002
1.1766    19.561
20.6611    25.0408
26.6546    24.5816
2.06449    27.4782
5.00515    5.57754
1.55693    8.88413
27.8282    11.2829
27.2878    16.6823
27.7972    12.9161
13.5292    23.2396
9.10336    2.12338
12.9286    26.4877
6.35014    25.3557
1.72979    23.5056
27.1056    23.0926
5.61789    1.31765
7.76837    10.308
7.63038    6.35308
23.7247    11.0678
2.70303    10.3306
1.33912    12.1337
16.5422    20.5843
12.2083    17.9526
18.2649    7.75496
22.9073    24.6172
9.21201    16.2363
3.25758    24.1705
7.66447    26.4582
5.73907    15.6338
13.7226    4.37263
24.6237    7.1577
3.97433    12.0927
6.40532    14.1477
1.38807    21.7115
7.13956    23.6268
8.76444    11.9607
12.9521    21.8824
20.6295    0.188763
15.0535    23.2786
7.48376    0.053718
18.3732    26.8829
12.6061    4.02203
9.73985    0.0629496
9.74644    3.77834
5.08926    10.2758
2.55474    12.595
18.461    10.1136
4.1958    16.8618
23.8289    1.40407
11.3713    19.8408
6.42606    7.49955
7.80913    25.1609
8.72563    26.2279
21.2198    10.0967
18.0727    5.58266
14.9459    9.50211
17.5742    12.1155
16.4118    16.7136
17.2666    21.8009
6.03088    21.2508
15.1209    24.2274
14.8455    21.8683
11.0172    3.94034
27.2468    2.30895
23.8797    9.45444
7.15157    15.1996
15.9203    12.3628
11.4747    7.55504
12.3045    11.8434
19.3039    13.5064
15.3216    20.182
20.6769    14.5198
15.5047    3.6918
17.0406    24.4045
19.5763    26.3067
17.1364    10.649
21.3969    15.771
18.8974    20.1786
16.4876    15.3635
16.4273    27.5453
18.5502    25.6002
10.3974    20.7364
25.402    22.0094
3.92797    26.982
10.7911    15.5551
18.5243    17.1171
25.4787    1.39986
27.091    4.41281
15.923    1.66182
19.6051    11.4695
21.6293    8.73796
12.3916    6.43045
24.3211    16.0963
3.56382    9.69958
21.2812    21.7133
19.7209    15.404
