1.21204    0.716866    -0.834677    -1.14718
24.203    5.25023    -0.976025    -1.57758
27.9775    27.5546    -1.95646    0.824524
26.4327    2.2661    -0.0298644    0.876952
23.2607    27.2612    0.227191    1.70548
24.6169    10.2724    0.173668    0.655762
27.1428    4.896    -0.147833    -2.2773
22.1209    4.20727    0.245726    0.587867
14.301    8.56014    -0.496935    0.587056
17.3524    16.558    0.806589    -0.194448
13.0698    11.3446    2.78474    -1.33175
26.0365    19.9427    0.716411    -0.40626
1.482    11.7088    2.23024    0.822077
4.92955    26.4524    -1.06636    -0.650923
27.2966    1.65753    -0.711299    0.413644
0.994438    4.59508    0.337501    0.492853
1.25911    8.04571    -0.22542    0.773974
22.59    5.20107    -0.363575    0.538344
0.890465    6.68323    -1.61445    1.09987
3.71609    8.64429    0.780949    -0.0994301
27.9017    8.10357    -0.881481    0.784301
1.96909    10.2859    -0.765357    -0.209196
26.053    14.8901    -1.28955    0.659306
1.95993    13.2546    1.27175    -0.387744
4.24448    27.3195    -0.326963    -0.463639
2.35269    1.21126    0.35244    0.153622
2.38196    4.05751    0.311208    0.629861
2.81839    3.03465    -0.915562    -0.851095
1.53196    5.83078    0.401007    0.149488
2.14158    6.81776    -0.259309    -0.129371
2.74851    8.98652    -2.42885    -2.44872
3.23179    7.7169    1.4599    -0.333007
2.70794    11.7499    1.01912    0.286399
25.7464    15.9066    2.36873    -1.90743
6.55185    13.4857    -0.274857    -0.92547
5.70175    14.2935    0.618142    0.477622
8.16559    15.5347    -0.186012    1.1511
1.37447    3.53588    -0.638996    -1.33458
3.79643    1.89373    0.657622    0.969663
4.20976    2.92519    -0.705972    0.359336
2.44007    4.99626    0.770326    0.79428
4.34389    5.63943    -0.52327    0.531884
3.07841    6.09533    0.693439    1.61272
5.27619    10.9291    1.08872    -0.769309
2.9375    12.89    0.842097    -0.678563
24.904    22.1782    -0.111454    -2.51548
5.53139    12.1616    0.46903    -0.341505
4.62192    13.243    -0.184446    0.735822
6.32262    27.7112    -0.881793    0.669823
5.96772    0.659829    -1.32046    1.25345
5.16203    2.09745    -0.479625    0.586354
5.13753    4.62708    0.115568    -0.509938
5.48858    5.86307    0.593972    0.0521834
4.03518    6.79811    0.410853    0.752272
4.87336    9.76673    -0.498987    -1.46854
5.78097    8.54739    -0.754964    -0.204288
3.57947    10.5965    0.54608    -0.671826
9.82691    15.3165    -1.10125    1.18787
27.3658    17.4642    1.0104    -0.145029
0.791032    21.9164    1.21213    0.467123
1.78237    15.2258    0.637651    1.81118
6.41669    1.78167    -0.408371    -0.31411
5.41118    3.55805    0.985055    1.01732
6.64801    5.29608    0.560615    0.204255
7.74497    5.23595    0.455734    -0.307353
6.90209    6.37198    0.858701    1.1578
4.75185    8.30135    -0.115008    0.338772
5.89612    6.77698    -0.815333    0.623813
4.49305    12.2009    -0.233869    -0.994204
6.82274    12.4159    -0.229736    -0.737978
7.87021    14.3514    0.0192054    -0.923376
7.39025    24.47    -0.103719    -1.18844
7.34844    25.5986    -0.0892293    -0.474868
4.26588    0.648558    0.390272    -0.158397
6.89521    2.92681    0.704004    0.54025
6.60519    4.12628    -0.294358    -0.386023
7.93913    3.33307    -1.46784    0.633926
8.2075    7.2506    -1.68573    -1.45485
6.71586    7.98609    0.468912    0.0222784
6.67938    10.3451    -0.810506    -0.819592
6.20293    11.2921    0.38323    1.65142
7.96261    11.4218    0.00235861    -0.133619
9.62339    13.5543    -0.823585    -1.1468
6.55073    16.1798    -0.139792    -1.05365
9.86273    27.6168    0.273774    0.607653
8.81249    26.4842    0.132746    -0.836747
8.20815    0.176978    -0.313373    2.2278
7.39395    1.43193    0.758326    -0.573669
8.32382    1.97755    0.895168    2.10165
9.13079    5.45355    0.425427    -0.180667
8.16997    8.98588    -0.81298    0.571972
6.45794    9.38937    -0.0126136    -1.08366
7.97971    10.279    0.0953468    -1.51578
8.99193    10.8446    -0.0269329    -0.132913
10.6008    11.7883    -0.118835    -0.339708
15.7566    19.3325    -0.49552    -1.13579
6.769    21.123    1.35559    0.0965393
15.3676    2.99364    -0.551396    1.92137
9.26815    0.901643    1.15135    -0.360205
11.1394    3.92229    -0.880535    -0.514523
9.25315    2.87924    -0.253789    1.10165
10.2917    5.51965    -0.0472821    0.464085
9.17925    8.48368    -0.090255    -0.543223
8.96984    9.75438    -0.0584405    -1.43955
11.7587    10.2178    -1.47841    1.18739
9.63356    12.2522    0.342645    0.0836854
8.3944    13.1522    -1.147    -1.52944
15.3428    15.3726    -1.59814    0.905293
11.0461    26.0483    -0.202849    1.99065
10.5025    1.36503    1.2174    0.185626
11.5102    2.78078    0.218517    0.736093
14.2991    6.30643    1.32214    -1.19589
11.3506    5.44586    -0.612481    0.657061
9.5101    7.15321    -0.291689    -0.144342
11.3151    8.21659    -1.4135    0.57119
12.6236    8.88737    -0.841494    0.5705
16.4037    9.61048    -2.35761    0.518145
14.0889    9.6647    -2.13839    -1.5601
16.8318    8.32587    0.246976    0.701277
12.1294    19.712    1.47898    -0.274559
15.1465    25.592    -0.00163554    1.02298
11.6967    0.430861    -0.593207    0.80291
13.8488    4.37594    0.683859    -0.360927
12.4026    27.0588    0.824421    1.46039
12.5732    5.25011    0.165137    -0.633259
12.0122    6.43224    0.398774    -0.057547
27.3435    7.06784    1.87103    0.0854872
10.5516    6.77413    0.273201    0.170804
18.1558    9.43284    0.992406    -0.625856
11.7534    11.4456    0.400802    -0.347832
13.7868    14.0178    0.827507    -0.0846921
11.1197    17.6747    -1.32888    0.398977
17.6786    27.7137    -0.429351    -0.919537
8.87398    23.1473    2.22391    1.33088
16.2695    27.8654    0.480714    0.325152
15.4138    5.96799    -0.0434977    -2.46317
16.4286    1.64476    0.931284    0.701839
1.051    9.63839    1.56839    -1.45688
15.5591    7.46322    0.140146    1.53476
15.589    4.91118    -1.69148    0.465674
23.158    7.07148    0.0228817    0.0157597
19.0149    17.5655    -1.26308    0.0487972
17.6037    19.1697    0.24812    -1.40269
17.468    17.8993    -0.696264    -1.45255
