0.583502    0.58257    -0.122619    0.206513
0.581903    1.75064    -0.231581    1.21061
0.583731    2.91686    -0.680251    1.49821
0.582091    4.08565    -1.58568    -1.76299
0.5833    5.25062    0.840085    -0.587646
0.583315    6.41667    -1.60983    -0.540539
0.585927    7.58316    1.34516    -0.172639
0.583891    8.74967    0.630363    -0.751502
0.582737    9.91803    -1.55896    -1.85083
0.584572    11.0823    1.46211    -0.710525
0.583045    12.2502    -1.2738    -1.25801
0.584427    13.4164    1.32207    0.92966
1.74687    0.584293    0.172679    -0.232696
1.7516    1.7504    1.30286    -1.65732
1.75029    2.9165    -0.990016    -1.08296
1.75    4.08333    -0.948246    -0.510639
1.74958    5.24274    0.276946    0.212501
1.75196    6.41877    1.46921    0.91448
1.74938    7.58329    0.452987    0.437996
1.75052    8.75008    1.16135    -0.5277
1.74558    9.91768    -0.21841    -1.06228
1.75157    11.0887    1.67827    -1.81531
1.75    12.25    -0.313736    -1.12649
1.75002    13.4169    0.953476    0.407697
2.91737    0.583403    0.348991    -0.782418
2.91788    1.74995    0.0329404    1.28932
2.91669    2.91554    1.65992    0.765505
2.91942    4.08288    1.41308    1.42238
2.91897    5.25043    1.34472    -1.75019
2.91688    6.41848    -0.493032    -0.0802553
2.91524    7.58697    -0.446601    1.57356
2.91823    8.75197    0.92684    0.620805
2.9107    9.91819    0.453109    -0.278881
2.91953    11.0821    -1.62382    -0.604721
2.91667    12.25    0.310182    0.356713
2.91689    13.4167    -0.340148    1.33329
4.08387    0.584941    1.1047    0.780775
4.08375    1.75085    -0.858533    0.901521
4.08182    2.91816    0.607509    -1.18369
4.08386    4.08408    -1.03297    0.418269
4.08041    5.25507    -0.515109    -1.70654
4.08506    6.41527    1.53698    1.00724
4.08381    7.58227    -0.903138    0.0740522
4.08462    8.74655    -0.8989    0.423159
4.07965    9.91653    0.479063    0.276968
4.0851    11.084    -0.111134    1.5703
4.08461    12.2485    1.62946    0.168682
4.08416    13.415    0.984131    -0.817481
5.25147    0.582874    -1.49756    0.0760767
5.25101    1.75251    1.09682    1.29636
5.25019    2.9167    -1.24202    1.06815
5.25085    4.08351    -1.45944    -0.983766
5.24807    5.25016    0.594095    0.88188
5.2486    6.41712    0.730611    -1.16439
5.25175    7.58215    -1.11053    -0.906265
5.24882    8.75051    0.68203    -0.420512
5.24944    9.9157    0.733443    -0.905159
5.25081    11.0861    0.944886    0.665946
5.2489    12.2509    -0.444136    1.31921
5.25184    13.4159    1.69857    0.522337
6.41663    0.586369    0.394201    1.62297
6.41633    1.75091    0.403292    -1.31384
6.41924    2.91593    -1.36112    0.330793
6.41515    4.08231    -1.27264    -0.25456
6.41948    5.24914    -1.56032    0.844112
6.41492    6.4159    0.490612    0.0774638
6.41713    7.58425    -1.38492    0.734847
6.41516    8.74998    -0.965072    -0.794609
6.42168    9.91636    0.683467    1.44373
6.41934    11.0808    -1.69363    -0.845472
6.41696    12.2503    -0.0802115    -0.181866
6.41655    13.4164    0.285516    0.531255
7.58499    0.58296    1.52695    0.860459
7.58315    1.74911    -0.333296    0.561373
7.58692    2.9144    1.72263    1.13046
7.58466    4.08165    -1.49658    0.638471
7.58467    5.24941    1.13313    0.466201
7.58266    6.41909    -0.305405    1.53753
7.58009    7.58566    -0.0848772    0.0862046
7.5831    8.74799    0.890014    0.975594
7.58591    9.91865    -1.19861    1.30645
7.58252    11.0856    -0.205987    -0.728711
7.58312    12.2488    1.07504    -0.058114
7.58402    13.4186    -0.696953    -0.343596
8.74949    0.582687    -0.0835599    -0.13224
8.75212    1.74816    -1.23533    0.607889
8.74969    2.9162    0.480034    -0.740489
8.74893    4.0868    0.0398515    -1.49418
8.74974    5.2493    0.822686    0.344313
8.75223    6.41282    0.191493    0.0880127
8.7504    7.58167    -1.45689    -1.6861
8.74497    8.74942    -0.320463    1.56417
8.75396    9.92103    -1.78411    -1.85296
8.75027    11.0845    1.25069    -1.35213
8.74939    12.2506    0.0679553    -1.45783
8.75065    13.4151    0.324457    -0.893631
9.91546    0.585161    0.800787    -1.25887
9.91663    1.75003    0.781097    0.923743
9.91619    2.91663    -1.02389    -1.17219
9.91777    4.08473    -1.00391    -1.05806
9.91612    5.24714    -0.391268    -0.0815874
9.91797    6.41417    0.221167    -0.413757
9.91653    7.58315    -0.500898    0.537025
9.91704    8.75104    -0.122612    -1.19887
9.91829    9.91743    1.57962    -0.322679
9.91663    11.0838    0.437574    1.03975
9.91651    12.2511    -0.21368    -0.249787
9.91671    13.4187    -0.603545    -0.834473
11.0842    0.583726    1.08694    0.772059
11.0816    1.74968    -0.793762    -0.139882
11.0826    2.91824    -0.765752    0.724538
11.081    4.08487    0.770831    1.25017
11.0841    5.25119    -0.584325    -0.594439
11.0846    6.41834    -1.59542    1.19832
11.0825    7.58323    -0.478539    -0.138666
11.0832    8.75221    -1.00105    -1.17361
11.0827    9.91509    0.714288    0.328255
11.0852    11.0826    -1.64514    1.2392
11.0857    12.25    0.552723    0.0770337
11.0824    13.4178    -0.475949    -1.77346
12.2496    0.584643    -0.459959    0.758439
12.2508    1.75057    0.868214    0.971727
12.2496    2.91651    -0.236574    -0.0172432
12.2504    4.08665    1.61639    1.60018
12.2491    5.24888    0.406509    0.81223
12.2513    6.41534    0.956781    1.24799
12.2478    7.58512    0.597233    -1.44808
12.2532    8.74825    -1.56782    -1.00291
12.2515    9.91625    0.683619    -0.139901
12.251    11.084    -0.932939    1.00661
12.2506    12.2488    1.61062    0.66508
12.2505    13.4166    0.650187    1.54461
13.4181    0.583031    -1.43084    0.244538
13.4183    1.75117    -1.45791    1.18708
13.417    2.91848    -0.845268    -1.80495
13.4158    4.08419    0.369167    1.02431
13.4164    5.24996    1.56065    -0.262652
13.417    6.41687    0.0561229    -1.19946
13.4158    7.58462    0.168878    0.0612871
13.4166    8.752    -1.04542    -1.82483
13.4135    9.91595    0.555621    -1.03804
13.4168    11.0835    0.536992    -1.37895
13.4168    12.2511    -0.639595    1.48337
13.4176    13.4163    -1.74327    0.933404
