0.523903    0.498171    -0.106775    -1.6319
0.5179    1.64182    -0.159855    0.12428
0.265886    3.25766    -0.698876    1.19855
27.674    4.51344    -1.87959    1.37908
0.872055    4.94276    0.28527    -0.67746
27.7784    6.1464    -1.60983    -0.540539
0.694663    7.15953    -0.757885    -1.39103
0.933816    8.46423    0.724458    -0.328129
27.7477    9.17384    -1.72269    -1.33924
0.564283    10.7985    -0.659074    -0.885949
27.8816    11.7299    -1.72999    -0.504255
0.857889    13.9304    -0.093262    1.11613
1.74446    27.966    -0.587263    -1.64644
2.043    1.15635    -0.403446    -1.73189
1.29051    2.36892    -0.787811    -1.02611
1.27588    3.82801    -0.948246    -0.510639
1.85977    5.32766    -0.974826    -0.981963
1.77412    6.31433    -0.471582    -0.84324
1.79161    7.43221    -0.313659    -0.840127
2.0842    8.65329    0.0136217    0.756848
1.30527    9.52419    -1.7031    -0.0430537
2.14352    10.4425    0.758453    -0.945272
1.59313    11.6868    -0.313736    -1.12649
2.15864    13.5143    1.099    0.0540514
2.77865    0.0758553    -0.659327    -1.28806
2.75667    2.05173    -0.294649    -0.300871
2.84612    3.16271    -2.00639    0.258827
2.35998    4.32547    -2.03318    1.25707
2.90865    5.42852    -0.644115    0.658012
3.31958    6.67251    -0.206566    1.53837
2.87964    7.93238    -0.327889    -0.260269
3.16327    8.97994    -0.442847    -0.0797371
3.14557    10.1141    0.430394    0.688431
2.77334    11.3119    -1.44591    2.10836
3.07176    12.4284    0.310182    0.356713
3.20184    14.1407    0.929656    1.50047
4.00113    0.477871    0.349585    -0.992184
3.77574    1.57815    -0.85025    -1.69767
4.19123    2.7803    0.278075    0.474189
3.89404    3.88868    -0.252326    0.82634
3.89307    5.06329    0.325767    -0.658228
4.33191    6.2979    0.896106    -1.60636
3.81063    7.59031    -1.02537    -0.184865
4.21175    8.9853    0.150902    0.0565476
4.18249    10.134    -0.869701    0.962213
4.0007    11.1362    -0.354024    -0.234481
4.23985    12.3555    -0.00205302    0.178892
4.43739    13.6565    -0.232298    0.96227
5.52848    0.546992    1.03925    -0.110749
5.20546    1.99136    -1.42538    -0.163456
5.27952    3.21965    0.961899    -0.0627971
4.80365    4.30986    -1.18042    1.66974
5.42298    5.40142    0.373491    1.16799
5.47811    6.5028    -0.212442    0.388394
4.9089    7.41476    0.630721    -1.63003
5.2578    8.47071    1.29855    -0.58553
5.06815    9.47467    0.281424    0.287509
5.19135    11.6456    1.39654    1.55219
5.49342    12.7499    0.0802136    0.887166
5.50213    14.0833    0.788249    2.10882
6.61332    0.187317    0.393237    -1.31812
6.50888    1.90919    0.0615617    -0.579651
6.44971    3.08401    1.22029    0.340532
5.98509    4.04668    -1.34615    0.413509
6.48599    5.43487    1.59004    0.125287
6.61952    6.64534    -0.609342    -0.161894
6.05391    7.49532    -0.0251332    0.505292
6.54016    8.90775    -0.0729933    1.13645
6.07663    9.84346    -1.42274    0.131782
6.4386    11.135    -0.102288    -0.481714
6.67675    12.3996    1.38098    1.03074
6.63732    13.7886    0.388689    0.87358
7.64638    0.927634    -1.02369    -0.0199498
7.71331    2.15262    1.24688    1.10847
7.4245    3.43517    -1.56624    0.619135
7.14298    4.48917    0.726536    1.43116
7.76569    5.50915    -0.41289    0.493501
7.619    6.63946    -0.456019    -0.481561
7.10637    8.00036    -1.5287    -2.00872
7.63002    8.98165    -0.0848103    0.885725
7.38537    10.1387    0.507074    0.719207
7.48361    11.242    0.00371695    -0.321174
7.98335    12.2863    0.876272    0.0622034
7.68678    13.4312    -0.330704    1.17202
9.25305    0.458519    1.06249    -0.122224
8.74919    1.44275    1.27353    -0.857631
8.85495    2.56681    -0.113307    -0.71412
8.66421    3.9612    -0.365111    -0.659736
8.8368    4.93118    -0.24512    -0.0497506
8.5922    6.20759    0.678127    -0.993688
8.37699    7.30718    0.0836914    -1.38314
8.61599    8.36931    -0.322075    1.51306
8.5244    9.62313    0.674691    -1.33055
8.96999    10.524    0.412243    -0.800985
8.95691    11.7477    0.307425    0.274148
8.82675    12.9206    1.23918    -1.08174
10.1198    27.8321    -0.0516758    -2.13026
9.76593    1.45604    -0.374035    -1.02763
9.95533    2.56206    0.301928    -1.30382
9.77312    4.03385    0.18398    0.27092
10.049    5.026    0.984479    -0.329016
9.80596    6.16187    -0.147744    -0.916088
9.6372    7.2185    -0.638795    -0.679762
9.58985    8.87787    -1.35621    0.83023
10.3821    9.85045    -0.129717    1.56406
9.95364    11.2001    -0.0624601    0.0297118
9.86795    12.3712    0.136997    0.664026
9.72732    13.6177    -0.752455    1.34877
11.0126    0.714761    -0.179522    0.259017
10.8409    1.93574    -1.43818    0.590895
10.9616    3.27506    -0.564146    0.161765
11.6133    4.22523    1.37561    1.33201
11.1626    5.36086    1.1258    -0.897484
10.8877    6.53316    0.124459    0.957918
11.0023    7.59137    0.0340756    0.151258
10.823    8.8854    0.384238    -0.214949
11.631    10.0553    1.64235    -0.753527
10.9847    10.8715    0.101285    -0.463194
11.2149    12.3609    -0.814837    0.462999
10.9037    13.3743    0.0480295    0.834218
12.0901    0.925077    -0.309478    0.206608
12.2452    2.08724    0.921892    1.11066
12.019    3.26324    0.366555    0.494856
12.7464    4.22908    0.932545    -1.02239
12.2342    5.53923    -0.439208    0.560701
12.4437    6.57525    -0.111768    -0.948671
12.5729    7.68161    0.243821    0.583464
11.8166    8.51771    0.404104    -0.178705
12.7166    9.82764    1.40935    -0.246103
11.9908    11.4391    0.241593    0.16016
12.6125    12.6145    1.44013    0.979748
11.6351    14.2476    -1.69858    1.69453
13.4398    0.135361    0.769866    -1.90138
13.6383    1.57229    1.01447    0.00286269
13.1776    3.22844    -0.365315    0.994531
13.9648    3.98082    1.46096    -0.658253
14.4322    5.14721    2.32817    -0.337818
13.6972    6.01157    0.897088    -1.61218
13.6003    7.23419    0.508233    0.252458
12.9004    8.68535    -0.646514    1.64525
13.7026    9.32551    0.999621    -1.02297
13.6852    10.4751    0.536539    -1.03807
13.9923    12.8667    1.65033    0.998863
13.4486    14.0258    0.474738    1.46256
