18.7099    15.8896    0.769226    0.606332
17.2342    21.8588    0.142611    -0.558105
25.8178    0.902768    0.60517    0.910242
25.4711    27.0094    -1.40453    -1.74897
25.2585    18.52    -0.163274    -0.0339454
20.4307    2.74295    0.207601    1.12083
2.27391    5.88129    0.828516    -1.47662
23.6182    5.8929    0.878839    -0.0566661
21.66    12.5571    -0.727731    0.556715
26.9089    12.0954    -1.77043    -1.31351
17.1606    9.70231    0.0246692    1.04356
4.98431    5.07454    -1.00243    -0.565054
26.0257    16.1751    -0.366608    -0.35212
6.73029    20.9254    -1.3205    -2.67252
27.8053    27.9701    -0.857141    1.18032
24.9523    25.1898    -0.325239    0.26019
26.1146    6.58811    0.72381    1.63696
26.5271    7.95306    -0.3467    -0.326999
2.87172    10.4377    0.664001    0.344393
22.4565    9.61915    0.88274    -0.34152
22.6319    2.77476    1.62884    0.940694
27.8049    14.612    1.40056    -0.383988
12.8174    4.53468    -0.599494    0.857253
0.550707    13.0858    1.00292    2.00586
7.09387    25.764    -0.266283    -0.0107891
1.5288    2.517    -1.12999    -1.41723
19.1513    4.22626    -0.359504    -0.570466
0.405107    27.1148    0.812233    1.54761
0.578109    5.52967    0.769552    -0.556575
0.231682    3.23084    -0.694984    -0.290519
1.64    8.38247    0.482667    -0.602339
3.54748    9.47627    0.831966    0.251528
6.2483    18.8048    -1.13185    -0.829641
26.3361    10.3265    1.03749    1.53468
3.83368    13.2555    0.564106    0.502702
2.01294    15.7117    2.01459    -1.26617
26.8263    25.5968    0.999137    -0.602798
27.8729    23.8261    -0.219386    0.19893
1.4992    0.221533    -1.74114    0.161676
24.383    5.2258    0.120823    -0.314531
1.44985    7.08014    1.3691    -1.63657
2.74033    6.78586    1.13291    -0.0372355
3.93415    8.42768    0.0757876    -0.831719
5.54819    11.4695    -0.268619    0.889381
2.04824    11.6942    1.95991    -1.12136
2.99524    18.5016    -0.815127    -0.417995
5.82135    12.6403    -0.971506    -1.27025
4.83433    17.6422    1.42825    -0.080683
26.2546    2.99911    1.46819    -0.539931
2.55026    1.93891    1.52318    0.588369
3.51634    4.34005    -0.992435    2.3472
26.5194    5.7399    2.54457    1.3449
3.65523    5.80613    0.810519    -0.20848
7.14955    8.56891    -0.119301    -0.431438
4.97731    9.65003    0.27481    -0.441179
1.44741    9.6031    1.33692    0.0606664
3.92451    11.8677    0.661541    0.122416
8.11214    16.6011    -0.762856    0.207835
26.1999    22.6567    1.15408    -1.35306
6.03039    0.930335    1.85994    1.60024
6.37601    27.6597    0.808642    -0.522358
3.87977    26.6868    0.667771    1.49922
4.77274    2.8512    1.34358    0.580915
6.37885    5.799    0.71346    -0.0798513
7.10736    4.28763    0.747907    1.1493
7.33685    6.62668    -0.838541    -0.2864
5.33108    8.12964    -0.839552    -0.824123
6.11627    10.0967    -0.669853    -1.32267
6.6178    11.2575    0.206914    1.25976
7.04406    12.8405    1.83949    1.37701
11.8929    15.5739    -0.727897    -0.347014
7.45005    15.684    -0.105438    -1.60276
26.4377    17.719    1.78706    1.58375
5.44121    26.5108    -0.65055    0.281729
4.53344    1.00163    0.934211    0.692182
5.76013    2.31053    0.489534    0.471882
5.95177    3.56577    0.640976    -1.40472
9.22288    6.93922    -0.198016    1.11186
7.83151    7.53187    -0.949213    -0.882536
7.18229    10.3584    0.118983    0.522553
9.06169    11.7046    -0.491174    -0.48088
7.66681    11.4907    0.473259    -1.26467
12.813    14.6436    -1.5723    -1.44546
7.07192    14.5464    -1.07241    -0.72934
12.4456    24.4425    0.0172369    -0.499292
11.2975    24.4878    -0.813558    0.0102841
10.7454    20.3097    -1.22676    0.424305
9.61642    27.9844    -2.12719    0.137957
8.34942    0.824348    -0.529547    -0.0337526
10.78    6.15408    -1.5489    0.747764
10.4403    9.33119    1.45849    -0.833299
8.6647    9.20289    -0.852565    0.903554
8.5072    10.2131    -0.772971    0.299671
9.90677    11.0876    0.434162    -2.29886
11.0188    1.4444    1.09019    0.114236
16.9773    15.8004    -1.57638    0.418264
8.82611    14.3553    -0.534977    -1.24528
14.7262    26.4227    -1.52405    0.526828
8.89415    2.03275    0.451016    0.572201
8.57737    3.13725    0.730063    0.243227
8.90544    5.56428    0.773881    -0.591726
10.4638    4.00678    0.194484    0.471791
8.24342    4.32083    -0.111205    1.28701
9.57022    9.96826    -1.60379    -0.998895
12.7793    12.3169    -1.18582    -0.412293
10.2554    12.6202    -1.1656    -1.05032
19.0583    26.1447    -0.697263    -0.855782
15.1286    24.0469    -1.17764    -1.40263
10.3013    18.1968    -0.111446    0.69741
7.27813    1.68881    -0.471327    0.809994
9.99752    2.22628    0.440115    1.23182
12.399    3.34318    0.846865    1.23525
13.4459    9.47716    -1.87148    -0.491079
11.7091    5.40009    -0.848731    -0.16176
10.8987    8.18281    0.686692    -0.583232
13.976    12.8831    -1.04734    -0.200383
10.7203    10.3194    0.0798465    -0.854515
16.4553    12.0544    -0.258386    0.314344
20.8844    13.2916    -0.363572    -0.880904
18.2375    12.1702    0.27946    0.975086
18.5076    20.4081    0.75938    1.84133
11.8159    27.2055    1.23516    1.85694
11.882    2.19543    0.290692    0.283436
15.7019    0.509542    -0.908405    0.67131
14.1602    3.37187    -1.06446    -0.1734
12.8115    6.57583    -1.29322    0.445857
14.2186    11.5957    -0.587754    -1.7087
15.003    1.98499    0.557533    0.715623
21.0324    5.12294    -0.0329688    1.31225
10.0343    16.6685    -0.806693    -0.80783
3.76941    14.335    -1.11665    -0.175518
4.70054    20.9697    -0.238284    -0.810518
25.5985    14.6908    -0.58791    1.27909
26.3558    4.76949    0.943802    0.846904
13.6933    1.56214    0.167955    1.18485
19.224    5.40652    0.814137    -1.11858
15.7888    5.71615    1.36662    -0.275175
27.936    16.2542    -1.12806    -1.54909
18.1653    8.66493    0.0694124    -0.690533
13.0899    10.7655    -1.39097    -0.0928077
11.8031    7.76376    0.405939    0.0467758
27.5462    9.40772    -1.12934    0.106901
26.3026    20.2439    -0.828016    0.402541
13.0712    27.5306    0.59291    1.08597
