9.00197    27.3458    0.619396    -0.787603
14.3234    12.442    -0.426211    -0.0127876
12.5433    12.1122    0.892897    0.869023
22.1724    16.5257    0.314877    -0.559046
12.7917    20.5162    0.562534    -0.497816
17.0142    0.493576    1.28873    0.311797
11.0321    27.5669    -1.35163    -0.0957168
2.78667    5.75384    -1.45282    0.807762
2.4258    9.86762    -1.39074    1.32317
22.5536    18.9691    -0.381387    -2.20892
19.2147    19.6031    -1.06933    0.544453
0.428069    19.0245    -0.29668    0.678741
6.81223    25.4986    -1.55907    0.208816
12.1947    18.3876    0.196713    -0.758258
8.62874    17.1081    0.434307    0.979096
22.9393    24.5404    0.230854    0.821966
2.41646    27.5049    -1.31179    0.248623
3.93028    17.9037    -1.54594    -0.46235
2.55155    3.26707    -1.95029    -0.00603641
22.3574    5.27122    -0.0686234    -0.145908
0.73326    26.2734    -0.068814    -1.08774
0.0271977    17.6166    -0.252067    -0.560415
27.9867    5.41297    -0.412241    0.887908
24.6971    16.2384    -0.816401    1.50713
6.41369    13.899    -0.315797    0.815515
6.58497    11.6403    -1.20781    1.20222
24.4779    3.57141    -0.00684659    -0.692532
10.8805    12.5453    0.365337    -1.70256
27.3772    27.4507    1.16839    -0.104739
5.11919    6.67449    0.889739    -0.90369
26.8373    24.4692    -0.276025    1.50622
16.8438    8.76104    -0.544368    -0.118698
27.9265    3.2838    -0.887866    0.216047
8.59524    18.4853    1.61496    1.37499
18.1753    4.80832    1.1133    0.659747
16.8494    3.16608    -1.30654    0.399626
1.19779    20.879    -0.80348    1.59579
18.9972    17.2329    1.41423    -0.575627
26.5809    8.79652    -0.165963    1.56749
23.0894    3.84365    0.0229296    -1.0041
27.3493    4.27191    -0.372639    -1.1223
9.66442    0.379281    -1.86391    -0.525035
15.8748    5.09888    -0.00839895    0.0904762
5.44563    15.2005    0.29684    -0.966051
7.7748    2.39588    -1.94058    -0.710767
16.3011    23.8895    -1.40789    0.299217
16.3666    12.5787    -0.177692    0.432205
3.73183    12.6458    0.254101    0.506327
20.4178    17.6823    1.67149    0.359984
18.8854    25.3021    -0.451872    0.01429
0.0330786    24.8755    -1.30068    0.623434
26.6911    15.41    0.798574    -0.156933
9.9872    14.0834    -0.629474    0.321793
7.50109    12.6665    -1.40799    -1.57494
24.5939    12.2266    -0.0192493    -0.927304
24.379    26.6876    0.566643    -1.04953
24.2495    23.0347    0.639862    0.556137
26.1476    0.0116152    -0.601095    -1.12953
10.056    1.33403    -1.08298    1.46811
4.60558    23.1376    2.05314    0.69028
2.59071    25.2769    -0.62916    -0.19111
22.4269    21.478    1.08186    -1.22144
27.3118    2.35879    0.42133    -0.19133
22.6389    20.0702    1.85579    1.48374
5.82927    8.06722    0.656079    -2.43866
7.26274    15.8013    1.7937    -0.0235847
19.1667    11.4073    0.169264    -0.614323
9.50398    11.1624    -0.867712    0.104106
26.5632    18.4446    0.666781    -0.160691
5.92459    26.251    1.33815    1.95529
12.1531    15.0839    -0.0196115    0.161073
11.8644    4.70141    -0.638403    1.65468
16.9777    18.3833    1.77759    0.499545
13.323    11.2205    0.577178    0.304423
10.7877    10.2247    -1.20007    -0.590933
15.1257    21.3148    0.652773    1.87884
1.38044    0.965085    0.930751    1.50917
5.91576    4.04879    0.93075    0.671272
8.97474    13.7487    0.0358909    -1.36126
2.91994    16.1783    -0.301592    1.55719
24.5524    19.4138    -0.245262    -0.250732
11.3449    18.9961    0.937545    1.28808
7.4121    26.6058    0.887562    0.829829
5.93683    17.0258    -0.778875    -0.280758
7.51923    23.5738    -1.55946    -1.28908
8.73302    7.30628    0.906175    -1.47807
21.3704    21.3652    -0.468431    0.898134
23.6839    11.2355    0.313511    -0.503107
21.9603    3.24155    -0.36224    0.693018
8.83059    25.0857    1.42713    0.138134
4.75038    0.0640196    -1.74509    -0.154491
11.0956    6.8267    -0.760294    -0.361093
5.00788    22.1418    -0.193554    2.42776
5.68277    12.5921    1.0109    1.66843
3.02665    10.7846    -0.318314    0.0253596
19.2968    23.0267    -1.56937    -0.0618373
21.0912    10.6198    -1.00644    0.0713706
0.119858    23.1464    0.81508    1.02854
13.3505    7.41971    0.0852063    -1.28856
12.5176    1.67951    -2.35833    -0.215531
21.1411    1.32585    -0.109451    -0.496565
19.2632    12.5154    0.234026    0.909876
18.8941    9.39462    -1.73135    -1.55374
5.27242    1.72104    1.96675    -1.33052
25.9545    12.8103    -0.482742    -0.139041
9.74513    7.43858    0.561992    0.180826
13.8682    24.042    0.382028    -0.132424
7.08673    18.6479    2.0805    -0.394242
24.1709    24.217    1.15634    0.16454
10.0651    17.3285    1.33367    1.23828
14.7443    6.4166    0.953064    -0.98408
18.4807    6.84002    -0.922377    -0.571068
13.824    9.35785    0.184533    -0.484604
24.1627    5.10143    0.770269    -0.119774
16.4995    19.8492    0.459211    -1.21251
17.5641    21.1535    0.617181    1.86289
8.8108    9.94352    -0.852877    -0.816797
18.7885    21.7823    0.181165    0.482731
14.5222    23.0969    -1.10254    -0.268391
20.6471    27.2942    0.0395429    -0.0835132
14.3947    5.30365    -0.00243309    0.448814
3.9526    26.577    -0.311314    -0.577573
14.8976    26.98    -0.38914    -1.35133
17.6582    25.0891    0.847625    1.35296
12.0565    26.4016    0.129215    -1.11611
23.7638    16.6526    -0.240233    -1.1165
22.1254    13.8167    -0.703912    0.576359
16.9604    25.9533    0.969532    0.484846
14.0817    0.474204    -0.0285893    -1.50817
15.83    6.46386    0.582892    -0.697058
20.6997    5.29409    0.267469    0.976233
15.5413    3.5329    0.335885    1.8435
10.188    23.6958    0.422254    -1.85096
24.7503    27.8476    0.447458    0.929744
1.55678    6.34108    -0.21425    -1.04349
26.4013    21.6458    -0.813517    -2.16867
17.6221    3.92153    0.449688    -0.675817
8.12287    19.5086    0.906567    1.81394
22.9706    10.2226    -0.286987    -1.50735
25.2975    9.39313    0.233925    -0.743306
15.8728    8.59595    0.579518    -0.599017
1.12916    10.5456    -1.18277    1.33952
25.4315    25.6087    0.0245812    -1.70496
15.5434    15.6657    1.75792    -0.958891
