23.176    21.2665    -1.41899    -0.485882
23.4927    16.4246    0.579041    1.95181
13.2472    22.0986    -1.10833    -1.48464
21.7445    0.922496    -0.820735    -1.22854
18.5049    18.1309    -1.17159    -1.49321
20.6016    4.07357    -0.745123    1.19619
25.9029    1.73002    0.906211    -1.03208
15.8965    8.50221    -0.994043    0.0711958
18.1363    8.72535    0.558689    -0.912488
18.423    16.8271    -1.11425    -0.772469
14.6757    16.5185    -0.92711    0.652311
24.788    20.4852    -1.42922    0.532898
24.3122    26.363    -0.00724857    1.95385
21.4549    21.1967    -0.89954    0.0953646
19.1728    20.4963    -1.47466    -0.703602
17.753    22.3119    -0.301176    -0.987435
22.8075    3.80827    -0.23498    -0.870344
22.3168    8.85758    -0.788383    0.497345
27.9883    8.11771    -0.0825924    -0.0634627
1.68978    12.155    0.0522972    0.642727
25.6261    10.368    -0.940666    -1.30718
23.9999    14.6448    1.17722    -2.22801
16.7584    18.3046    -1.21697    2.28982
7.03134    16.5995    1.46236    -0.110294
3.67663    17.6264    0.867646    -0.132058
2.49949    25.2248    1.83328    2.03022
0.466211    27.2401    2.25551    1.31496
20.6132    21.7473    -0.961519    0.671405
25.2022    3.0086    -0.578744    1.11178
1.45106    4.89819    0.764925    0.135864
27.5381    10.7918    1.92039    0.342463
26.1933    12.384    1.16898    -1.70143
26.8202    18.0375    0.499844    -1.04012
0.613184    15.2655    -0.630383    -1.52157
0.486825    19.2498    -0.0109449    0.404495
2.89803    2.92242    -1.00666    -0.581349
26.9176    20.3688    0.0313832    1.72992
25.8499    22.7124    1.26935    -1.7461
23.4467    19.3153    2.26802    0.262072
27.3245    1.89099    -0.786386    0.825895
27.2687    6.13135    -0.759183    0.154168
1.46307    3.27053    0.0818863    0.0600496
0.416133    6.05759    -0.425754    0.116321
2.99888    16.8375    1.00996    0.101365
26.6465    19.3308    0.324903    0.735394
24.7977    11.9088    0.0738231    -1.54803
8.14024    15.371    0.036787    -0.642795
3.38263    21.9195    -0.349756    0.644179
26.4359    25.0868    1.03805    0.947344
27.0305    23.2898    -0.0345725    -2.66093
27.596    0.0354329    1.04074    -0.763731
0.163375    2.453    1.37134    1.14763
4.0763    5.63897    0.450012    1.4606
3.72547    11.1096    1.16947    1.32837
2.62841    11.4902    -0.616395    0.587271
27.4921    14.8788    -0.622255    0.717752
1.69614    19.0972    0.3417    1.48617
4.06209    13.8636    0.22931    -0.404657
6.30644    18.6806    0.183026    -0.366678
15.2739    24.2452    -1.14817    1.14718
9.4773    19.2036    -1.96216    -0.594672
0.5133    24.7946    0.995291    -2.52555
2.73419    4.82359    -2.1507    1.3604
9.35432    25.5985    0.21632    -0.719164
8.65117    1.42645    0.0954918    -0.649731
6.36737    5.15395    1.22661    1.02952
1.03637    8.43823    0.41061    0.192493
6.43026    8.46333    0.0369702    0.0193915
6.46851    14.5058    0.681116    0.0875201
8.36335    19.8173    0.074587    0.901188
8.11449    16.7421    -0.412021    0.503233
8.15928    23.3987    0.297801    0.310224
4.50958    4.46585    0.396742    0.702761
1.23953    22.3382    1.27324    -0.840433
2.64004    27.1287    -0.362569    -0.336677
10.1364    24.8768    -0.10693    0.845626
10.6806    27.0621    -0.365569    1.62916
7.53419    6.3238    -1.31887    0.0898072
5.18078    6.93051    -0.400525    -0.0552299
2.93159    13.3817    -1.39454    -0.193783
9.57657    15.1328    -0.846726    0.603002
11.7844    16.3274    -0.573787    -0.566038
13.5664    14.8157    -0.261655    -0.649988
6.98328    19.8685    -0.174619    0.419957
11.5394    19.1125    0.533617    -0.0160441
13.7853    23.8502    0.689467    0.503736
14.1871    17.4389    1.38638    0.0114807
9.82573    20.2204    0.43487    -0.920322
13.3883    26.8022    -0.793077    1.5316
15.0247    1.02822    0.631786    -0.531778
8.46321    7.80438    -0.17727    -0.0692316
6.22881    9.68478    -1.93044    0.39363
4.83862    11.6904    -0.403029    0.266174
11.1162    14.9196    0.516056    0.461691
16.33    23.8823    1.31566    -1.18267
9.90854    22.9414    -1.05762    -1.16666
14.2691    25.1523    0.25284    -0.82576
9.66485    21.8304    -0.582435    -0.986243
11.949    24.0341    1.04187    -0.938536
17.0422    24.6872    1.58821    -0.281832
15.7249    27.5835    0.64483    -0.513133
9.02219    3.43081    -1.16289    -1.13528
9.80037    5.97808    0.0677    -0.208794
8.10932    11.1549    -0.156298    0.182305
12.6855    12.4455    -0.268278    -1.51176
14.9572    15.2162    -2.0251    0.39167
11.847    20.5315    -1.16491    -0.177919
6.00379    22.1977    -0.350068    -0.0231921
20.3648    23.4546    0.884686    -1.0024
17.6196    23.4938    0.75579    -0.520534
17.751    0.921393    0.807061    -0.348106
18.5764    2.27372    -1.16367    1.18016
13.0277    6.52381    0.621027    -0.342698
15.3331    10.2797    -1.64199    0.729711
8.39779    10.0301    -0.0131937    1.05802
15.4665    13.3722    0.0152387    0.237422
20.756    14.4842    1.33727    0.603368
16.9878    14.8005    0.103178    0.424636
15.9784    16.6413    0.735221    1.11774
12.4235    22.8082    -2.03366    2.64161
22.1364    23.501    -2.40072    -0.53767
17.1361    26.2109    -0.369845    0.707846
21.0181    3.00026    2.13408    -0.663545
23.3332    26.6591    0.757447    -0.844139
19.0137    5.36275    -0.290952    -0.149189
18.4354    13.2011    1.69643    -0.759887
21.6514    13.3698    -1.62593    -0.464687
16.4462    11.2951    0.454349    -0.659129
21.204    11.0857    0.579284    -0.494334
15.8667    19.1485    0.877003    1.54608
24.5953    19.0108    -1.57667    -0.300602
6.83705    1.01361    -0.340439    1.40582
20.7191    15.4949    0.380052    -2.57504
27.4087    25.5218    1.59572    -0.0381389
24.0184    27.8049    -0.0813792    -0.255094
16.8954    6.34403    -0.373299    -0.161669
21.6696    2.01356    1.07458    0.174489
18.6877    10.3103    -0.967193    0.977045
20.576    5.92451    0.521001    0.53911
19.9561    12.7039    0.358197    0.177093
19.1571    3.62571    -0.719866    0.351807
24.4827    9.33346    1.87282    -0.258529
25.6201    15.3899    0.0726262    0.36613
19.5898    25.5264    0.080508    -0.799817
