-0  0.572506  3.31951e+010  -64.6696  123.661  58.9917  
-0.0005  0.572645  3.32031e+010  -62.6996  123.691  60.9918  
-0.001  0.572783  3.32111e+010  -62.7294  123.721  60.9918  
-0.0015  0.572921  3.32191e+010  -62.7591  123.751  60.9917  
-0.002  0.573058  3.32271e+010  -61.7888  123.781  61.9918  
-0.0025  0.573195  3.3235e+010  -61.8183  123.81  61.9918  
-0.003  0.573331  3.32429e+010  -61.8477  123.839  61.9918  
-0.0035  0.573466  3.32508e+010  -61.877  123.869  61.9918  
-0.004  0.573601  3.32586e+010  -61.9061  123.898  61.9917  
-0.0045  0.573735  3.32663e+010  -61.935  123.927  61.9917  
-0.005  0.573868  3.3274e+010  -61.9637  123.955  61.9917  
-0.0055  0.574  3.32817e+010  -61.9922  123.984  61.9917  
-0.006  0.57413  3.32893e+010  -62.0204  124.012  61.9917  
-0.0065  0.57426  3.32967e+010  -61.0483  124.04  62.9917  
-0.007  0.574387  3.33042e+010  -61.0759  124.068  62.9917  
-0.0075  0.574514  3.33115e+010  -61.1032  124.095  62.9917  
-0.008  0.574639  3.33187e+010  -61.1302  124.122  62.9917  
-0.0085  0.574761  3.33258e+010  -61.1567  124.148  62.9917  
-0.009  0.574882  3.33329e+010  -61.1828  124.175  62.9917  
-0.0095  0.575001  3.33398e+010  -61.2085  124.2  62.9917  
-0.01  0.575118  3.33465e+010  -61.2337  124.225  62.9917  
-0.0105  0.575232  3.33531e+010  -61.2584  124.25  62.9917  
-0.011  0.575344  3.33596e+010  -61.2825  124.274  62.9917  
-0.0115  0.575452  3.33659e+010  -62.306  124.298  61.9917  
-0.012  0.575558  3.33721e+010  -62.3289  124.321  61.9917  
-0.0125  0.575661  3.3378e+010  -62.351  124.343  61.9917  
-0.013  0.57576  3.33838e+010  -61.3724  124.364  62.9917  
-0.0135  0.575856  3.33893e+010  -61.3931  124.385  62.9917  
-0.014  0.575948  3.33946e+010  -61.413  124.405  62.9917  
-0.0145  0.576036  3.33998e+010  -62.4321  124.424  61.9917  
-0.015  0.576121  3.34047e+010  -62.4505  124.442  61.9917  
-0.0155  0.576203  3.34094e+010  -61.468  124.46  62.9917  
-0.016  0.57628  3.34139e+010  -61.4847  124.476  62.9917  
-0.0165  0.576353  3.34181e+010  -61.5004  124.492  62.9917  
-0.017  0.576421  3.34221e+010  -61.5152  124.507  62.9917  
-0.0175  0.576485  3.34258e+010  -61.529  124.521  62.9917  
-0.018  0.576544  3.34292e+010  -61.5417  124.533  62.9917  
-0.0185  0.576597  3.34323e+010  -63.5533  124.545  60.9917  
-0.019  0.576646  3.34351e+010  -62.5638  124.555  61.9917  
-0.0195  0.576688  3.34376e+010  -62.573  124.565  61.9917  
-0.02  0.576725  3.34397e+010  -62.581  124.573  61.9917  
-0.0205  0.576756  3.34415e+010  -62.5877  124.579  61.9917  
-0.021  0.576781  3.3443e+010  -61.593  124.585  62.9917  
-0.0215  0.5768  3.3444e+010  -60.597  124.589  63.9917  
-0.022  0.576812  3.34448e+010  -60.5997  124.591  63.9917  
-0.0225  0.576818  3.34451e+010  -60.601  124.593  63.9917  
-0.023  0.576817  3.34451e+010  -60.6008  124.593  63.9917  
-0.0235  0.57681  3.34446e+010  -60.5992  124.591  63.9917  
-0.024  0.576796  3.34438e+010  -59.5961  124.588  64.9917  
-0.0245  0.576774  3.34425e+010  -59.5915  124.583  64.9917  
-0.025  0.576745  3.34409e+010  -60.5853  124.577  63.9917  
-0.0255  0.576709  3.34388e+010  -60.5775  124.569  63.9917  
-0.026  0.576666  3.34363e+010  -59.568  124.56  64.9917  
-0.0265  0.576614  3.34333e+010  -59.557  124.549  64.9917  
-0.027  0.576555  3.34299e+010  -59.5442  124.536  64.9917  
-0.0275  0.576489  3.3426e+010  -59.5298  124.522  64.9917  
-0.028  0.576414  3.34217e+010  -59.5137  124.505  64.9917  
-0.0285  0.576331  3.34168e+010  -59.4957  124.487  64.9917  
-0.029  0.576239  3.34115e+010  -59.476  124.468  64.9917  
-0.0295  0.576139  3.34058e+010  -59.4544  124.446  64.9917  
-0.03  0.576031  3.33995e+010  -59.431  124.423  64.9917  
-0.0305  0.575914  3.33927e+010  -59.4058  124.398  64.9917  
-0.031  0.575789  3.33854e+010  -60.3787  124.37  63.9917  
-0.0315  0.575655  3.33777e+010  -59.3498  124.342  64.9917  
-0.032  0.575513  3.33694e+010  -59.3191  124.311  64.9917  
-0.0325  0.575363  3.33607e+010  -59.2867  124.278  64.9917  
-0.033  0.575205  3.33516e+010  -59.2525  124.244  64.9917  
-0.0335  0.575038  3.33419e+010  -59.2166  124.208  64.9917  
-0.034  0.574864  3.33318e+010  -59.1789  124.171  64.9917  
-0.0345  0.574681  3.33212e+010  -60.1394  124.131  63.9917  
-0.035  0.574491  3.33101e+010  -60.0983  124.09  63.9917  
-0.0355  0.574292  3.32986e+010  -60.0554  124.047  63.9917  
-0.036  0.574085  3.32867e+010  -60.0108  124.002  63.9917  
-0.0365  0.573871  3.32742e+010  -59.9645  123.956  63.9917  
-0.037  0.573649  3.32614e+010  -58.9166  123.908  64.9917  
-0.0375  0.57342  3.32481e+010  -58.8671  123.859  64.9917  
-0.038  0.573184  3.32344e+010  -58.8161  123.808  64.9917  
-0.0385  0.572942  3.32203e+010  -60.7637  123.755  62.9917  
-0.039  0.572692  3.32058e+010  -60.7097  123.701  62.9917  
-0.0395  0.572435  3.3191e+010  -60.6543  123.646  62.9917  
-0.04  0.572172  3.31757e+010  -60.5974  123.589  62.9917  
-0.0405  0.571902  3.31601e+010  -59.5391  123.531  63.9917  
-0.041  0.571626  3.31441e+010  -59.4796  123.471  63.9917  
-0.0415  0.571345  3.31277e+010  -59.4188  123.41  63.9917  
-0.042  0.571058  3.31111e+010  -59.3567  123.348  63.9917  
-0.0425  0.570765  3.30941e+010  -58.2935  123.285  64.9917  
-0.043  0.570468  3.30769e+010  -58.2293  123.221  64.9917  
-0.0435  0.570166  3.30594e+010  -57.1641  123.156  65.9917  
-0.044  0.56986  3.30417e+010  -57.098  123.09  65.9917  
-0.0445  0.56955  3.30237e+010  -57.0311  123.023  65.9917  
-0.045  0.569237  3.30056e+010  -56.9635  122.955  65.9917  
-0.0455  0.568921  3.29872e+010  -57.8953  122.887  64.9917  
-0.046  0.568603  3.29688e+010  -59.8264  122.818  62.9917  
-0.0465  0.568282  3.29501e+010  -59.7571  122.749  62.9918  
-0.047  0.567959  3.29314e+010  -59.6873  122.679  62.9918  
-0.0475  0.567634  3.29126e+010  -60.6172  122.609  61.9918  
-0.048  0.567308  3.28937e+010  -60.5469  122.539  61.9918  
-0.0485  0.566982  3.28748e+010  -60.4763  122.468  61.9918  
-0.049  0.566655  3.28558e+010  -60.4057  122.398  61.9918  
-0.0495  0.566329  3.28369e+010  -59.3352  122.327  62.9918  
-0.05  0.566003  3.2818e+010  -59.2648  122.257  62.9918  
-0.0505  0.565678  3.27992e+010  -61.1948  122.187  60.9918  
-0.051  0.565355  3.27805e+010  -62.1249  122.117  59.9918  
-0.0515  0.565034  3.27618e+010  -62.0555  122.047  59.9918  
-0.052  0.564714  3.27433e+010  -61.9864  121.978  59.9918  
-0.0525  0.564397  3.27249e+010  -61.9179  121.91  59.9918  
-0.053  0.564083  3.27067e+010  -61.8501  121.842  59.9918  
-0.0535  0.563772  3.26887e+010  -61.7829  121.775  59.9918  
-0.054  0.563465  3.26709e+010  -61.7166  121.708  59.9918  
-0.0545  0.563162  3.26533e+010  -62.6512  121.643  58.9918  
-0.055  0.562864  3.2636e+010  -62.5868  121.579  58.9918  
-0.0555  0.562571  3.2619e+010  -62.5234  121.515  58.9918  
-0.056  0.562282  3.26023e+010  -62.4612  121.453  58.9918  
-0.0565  0.562  3.25859e+010  -63.4002  121.392  57.9918  
-0.057  0.561723  3.25699e+010  -62.3405  121.332  58.9918  
-0.0575  0.561453  3.25542e+010  -61.2821  121.274  59.9918  
-0.058  0.56119  3.25389e+010  -60.2251  121.217  60.9918  
-0.0585  0.560933  3.25241e+010  -60.1697  121.162  60.9918  
-0.059  0.560684  3.25096e+010  -60.1159  121.108  60.9918  
-0.0595  0.560443  3.24956e+010  -58.0638  121.056  62.9918  
-0.06  0.56021  3.24821e+010  -58.0135  121.005  62.9918  
-0.0605  0.559986  3.24691e+010  -57.9651  120.957  62.9918  
-0.061  0.55977  3.24566e+010  -57.9185  120.91  62.9918  
-0.0615  0.559564  3.24447e+010  -59.874  120.866  60.9918  
-0.062  0.559366  3.24332e+010  -59.8313  120.823  60.9918  
-0.0625  0.559178  3.24223e+010  -59.7906  120.782  60.9918  
-0.063  0.558998  3.24119e+010  -59.7518  120.744  60.9918  
-0.0635  0.558828  3.2402e+010  -59.7151  120.707  60.9918  
-0.064  0.558668  3.23927e+010  -59.6804  120.672  60.9918  
-0.0645  0.558516  3.23839e+010  -58.6477  120.64  61.9918  
-0.065  0.558375  3.23757e+010  -58.6171  120.609  61.9918  
-0.0655  0.558243  3.23681e+010  -58.5887  120.581  61.9918  
-0.066  0.558121  3.2361e+010  -58.5623  120.554  61.9918  
-0.0665  0.558009  3.23545e+010  -58.5381  120.53  61.9918  
-0.067  0.557907  3.23486e+010  -59.516  120.508  60.9918  
-0.0675  0.557814  3.23432e+010  -59.496  120.488  60.9918  
-0.068  0.55773  3.23384e+010  -59.478  120.47  60.9918  
-0.0685  0.557656  3.23341e+010  -60.462  120.454  59.9918  
-0.069  0.557592  3.23303e+010  -60.448  120.44  59.9918  
-0.0695  0.557536  3.23271e+010  -60.436  120.428  59.9918  
-0.07  0.557489  3.23244e+010  -61.4259  120.418  58.9918  
-0.0705  0.557452  3.23222e+010  -61.4177  120.41  58.9918  
-0.071  0.557422  3.23205e+010  -59.4114  120.403  60.9918  
-0.0715  0.557402  3.23193e+010  -60.4069  120.399  59.9918  
-0.072  0.557389  3.23186e+010  -60.4043  120.396  59.9918  
-0.0725  0.557385  3.23183e+010  -60.4034  120.395  59.9918  
-0.073  0.557389  3.23186e+010  -61.4042  120.396  58.9918  
-0.0735  0.5574  3.23192e+010  -61.4067  120.398  58.9918  
-0.074  0.557419  3.23203e+010  -64.4107  120.403  55.9918  
-0.0745  0.557445  3.23218e+010  -64.4162  120.408  55.9918  
-0.075  0.557476  3.23236e+010  -63.4231  120.415  56.9918  
-0.0755  0.557515  3.23258e+010  -63.4313  120.423  56.9918  
-0.076  0.557559  3.23284e+010  -63.4409  120.433  56.9918  
-0.0765  0.557608  3.23313e+010  -63.4516  120.443  56.9918  
-0.077  0.557664  3.23345e+010  -63.4635  120.455  56.9918  
-0.0775  0.557724  3.2338e+010  -63.4765  120.468  56.9918  
-0.078  0.557789  3.23417e+010  -63.4906  120.482  56.9918  
-0.0785  0.557858  3.23457e+010  -65.5055  120.497  54.9918  
-0.079  0.557931  3.235e+010  -67.5213  120.513  52.9918  
-0.0795  0.558007  3.23544e+010  -67.5377  120.529  52.9918  
-0.08  0.558086  3.2359e+010  -67.5548  120.547  52.9918  
-0.0805  0.558167  3.23637e+010  -67.5724  120.564  52.9918  
-0.081  0.558251  3.23686e+010  -66.5905  120.582  53.9918  
-0.0815  0.558337  3.23735e+010  -66.609  120.601  53.9918  
-0.082  0.558424  3.23786e+010  -66.6278  120.62  53.9918  
-0.0825  0.558512  3.23837e+010  -66.6468  120.639  53.9918  
-0.083  0.558601  3.23888e+010  -66.666  120.658  53.9918  
-0.0835  0.55869  3.2394e+010  -67.6853  120.677  52.9918  
-0.084  0.558779  3.23992e+010  -67.7046  120.696  52.9917  
-0.0845  0.558868  3.24043e+010  -66.7238  120.716  53.9917  
-0.085  0.558956  3.24094e+010  -67.7428  120.735  52.9917  
-0.0855  0.559043  3.24145e+010  -68.7616  120.753  51.9917  
-0.086  0.559129  3.24194e+010  -68.7801  120.772  51.9917  
-0.0865  0.559212  3.24243e+010  -69.7982  120.79  50.9917  
-0.087  0.559294  3.2429e+010  -69.8157  120.807  50.9917  
-0.0875  0.559372  3.24336e+010  -69.8327  120.824  50.9917  
-0.088  0.559448  3.2438e+010  -67.8491  120.841  52.9917  
-0.0885  0.559522  3.24422e+010  -67.865  120.857  52.9917  
-0.089  0.559592  3.24463e+010  -66.8802  120.872  53.9917  
-0.0895  0.55966  3.24502e+010  -66.8948  120.887  53.9917  
-0.09  0.559724  3.2454e+010  -65.9087  120.9  54.9917  
-0.0905  0.559786  3.24575e+010  -65.922  120.914  54.9917  
-0.091  0.559843  3.24609e+010  -65.9344  120.926  54.9917  
-0.0915  0.559897  3.2464e+010  -65.9461  120.938  54.9917  
-0.092  0.559947  3.24669e+010  -65.9568  120.949  54.9917  
-0.0925  0.559992  3.24695e+010  -65.9666  120.958  54.9917  
-0.093  0.560033  3.24719e+010  -66.9754  120.967  53.9917  
-0.0935  0.560069  3.24739e+010  -66.9831  120.975  53.9917  
-0.094  0.5601  3.24757e+010  -66.9898  120.981  53.9917  
-0.0945  0.560125  3.24772e+010  -66.9953  120.987  53.9917  
-0.095  0.560145  3.24784e+010  -66.9996  120.991  53.9917  
-0.0955  0.560159  3.24792e+010  -67.0027  120.994  53.9917  
-0.096  0.560168  3.24797e+010  -66.0045  120.996  54.9917  
-0.0965  0.56017  3.24798e+010  -66.0051  120.997  54.9917  
-0.097  0.560167  3.24796e+010  -66.0044  120.996  54.9917  
-0.0975  0.560157  3.24791e+010  -66.0023  120.994  54.9917  
-0.098  0.560141  3.24782e+010  -66.9989  120.991  53.9917  
-0.0985  0.560119  3.24769e+010  -66.994  120.986  53.9917  
-0.099  0.56009  3.24752e+010  -66.9877  120.979  53.9917  
-0.0995  0.560054  3.24731e+010  -64.98  120.972  55.9917  
-0.1  0.560012  3.24706e+010  -64.9708  120.963  55.9917  
-0.1005  0.559962  3.24678e+010  -66.9602  120.952  53.9917  
-0.101  0.559906  3.24645e+010  -65.9481  120.94  54.9917  
-0.1015  0.559843  3.24609e+010  -64.9344  120.926  55.9917  
-0.102  0.559773  3.24568e+010  -64.9192  120.911  55.9917  
-0.1025  0.559695  3.24523e+010  -64.9025  120.894  55.9917  
-0.103  0.559611  3.24474e+010  -65.8843  120.876  54.9917  
-0.1035  0.559519  3.24421e+010  -65.8645  120.856  54.9917  
-0.104  0.559421  3.24364e+010  -65.8431  120.835  54.9917  
-0.1045  0.559315  3.24302e+010  -65.8203  120.812  54.9917  
-0.105  0.559202  3.24237e+010  -66.7958  120.788  53.9917  
-0.1055  0.559081  3.24167e+010  -67.7699  120.762  52.9917  
-0.106  0.558954  3.24093e+010  -67.7423  120.734  52.9917  
-0.1065  0.558819  3.24015e+010  -67.7132  120.705  52.9917  
-0.107  0.558677  3.23933e+010  -67.6826  120.674  52.9917  
-0.1075  0.558528  3.23846e+010  -67.6505  120.642  52.9917  
-0.108  0.558373  3.23756e+010  -68.6168  120.608  51.9917  
-0.1085  0.55821  3.23661e+010  -68.5816  120.573  51.9917  
-0.109  0.55804  3.23563e+010  -69.5449  120.537  50.9917  
-0.1095  0.557863  3.23461e+010  -70.5068  120.498  49.9917  
-0.11  0.55768  3.23354e+010  -70.4671  120.459  49.9917  
-0.1105  0.557489  3.23244e+010  -70.426  120.418  49.9917  
-0.111  0.557292  3.23129e+010  -69.3834  120.375  50.9917  
-0.1115  0.557088  3.23011e+010  -69.3394  120.331  50.9917  
-0.112  0.556878  3.22889e+010  -69.294  120.286  50.9917  
-0.1125  0.556662  3.22764e+010  -69.2472  120.239  50.9917  
-0.113  0.556439  3.22635e+010  -69.1992  120.191  50.9917  
-0.1135  0.556211  3.22502e+010  -70.1498  120.141  49.9917  
-0.114  0.555976  3.22366e+010  -70.0992  120.091  49.9917  
-0.1145  0.555736  3.22227e+010  -69.0473  120.039  50.9917  
-0.115  0.55549  3.22085e+010  -68.9942  119.986  50.9917  
-0.1155  0.55524  3.21939e+010  -69.9401  119.932  49.9917  
-0.116  0.554984  3.21791e+010  -69.8848  119.876  49.9917  
-0.1165  0.554723  3.2164e+010  -69.8284  119.82  49.9917  
-0.117  0.554457  3.21486e+010  -70.7711  119.763  48.9917  
-0.1175  0.554187  3.21329e+010  -70.7128  119.704  48.9917  
-0.118  0.553913  3.2117e+010  -69.6535  119.645  49.9917  
-0.1185  0.553634  3.21009e+010  -70.5933  119.585  48.9917  
-0.119  0.553352  3.20845e+010  -69.5323  119.524  49.9917  
-0.1195  0.553065  3.20679e+010  -70.4705  119.462  48.9917  
-0.12  0.552775  3.20511e+010  -71.4078  119.399  47.9917  
-0.1205  0.552482  3.2034e+010  -71.3444  119.336  47.9917  
-0.121  0.552185  3.20168e+010  -71.2802  119.272  47.9917  
-0.1215  0.551884  3.19994e+010  -72.2154  119.207  46.9917  
-0.122  0.551581  3.19818e+010  -72.1498  119.141  46.9917  
-0.1225  0.551274  3.1964e+010  -72.0836  119.075  46.9917  
-0.123  0.550965  3.19461e+010  -72.0168  119.009  46.9917  
-0.1235  0.550654  3.1928e+010  -71.9496  118.941  46.9917  
-0.124  0.55034  3.19099e+010  -71.8818  118.874  46.9917  
-0.1245  0.550025  3.18916e+010  -70.8137  118.805  47.9917  
-0.125  0.549708  3.18732e+010  -70.7452  118.737  47.9917  
-0.1255  0.54939  3.18548e+010  -70.6765  118.668  47.9917  
-0.126  0.549071  3.18363e+010  -70.6076  118.599  47.9917  
-0.1265  0.548751  3.18177e+010  -70.5386  118.53  47.9917  
-0.127  0.548431  3.17992e+010  -72.4694  118.461  45.9917  
-0.1275  0.54811  3.17806e+010  -71.4001  118.392  46.9917  
-0.128  0.547789  3.1762e+010  -71.3308  118.322  46.9917  
-0.1285  0.547468  3.17433e+010  -71.2615  118.253  46.9917  
-0.129  0.547148  3.17248e+010  -71.1923  118.184  46.9917  
-0.1295  0.546828  3.17062e+010  -72.1232  118.115  45.9917  
-0.13  0.546509  3.16877e+010  -72.0543  118.046  45.9917  
-0.1305  0.546191  3.16693e+010  -71.9856  117.977  45.9917  
-0.131  0.545874  3.16509e+010  -71.9171  117.909  45.9917  
-0.1315  0.545558  3.16326e+010  -71.8489  117.841  45.9917  
-0.132  0.545244  3.16144e+010  -72.781  117.773  44.9917  
-0.1325  0.544932  3.15963e+010  -72.7135  117.705  44.9917  
-0.133  0.544621  3.15783e+010  -72.6465  117.638  44.9917  
-0.1335  0.544313  3.15604e+010  -72.5799  117.572  44.9917  
-0.134  0.544007  3.15426e+010  -72.5138  117.506  44.9917  
-0.1345  0.543704  3.15251e+010  -72.4483  117.44  44.9917  
-0.135  0.543403  3.15076e+010  -72.3834  117.375  44.9917  
-0.1355  0.543105  3.14904e+010  -72.319  117.311  44.9917  
-0.136  0.54281  3.14733e+010  -73.2554  117.247  43.9917  
-0.1365  0.542519  3.14564e+010  -73.1924  117.184  43.9917  
-0.137  0.542231  3.14396e+010  -73.1301  117.122  43.9917  
-0.1375  0.541946  3.14231e+010  -73.0685  117.06  43.9917  
-0.138  0.541664  3.14068e+010  -73.0078  116.999  43.9917  
-0.1385  0.541387  3.13907e+010  -73.9478  116.939  42.9917  
-0.139  0.541112  3.13748e+010  -73.8886  116.88  42.9917  
-0.1395  0.540842  3.13591e+010  -73.8302  116.822  42.9917  
-0.14  0.540575  3.13437e+010  -73.7726  116.764  42.9917  
-0.1405  0.540313  3.13284e+010  -71.7158  116.708  44.9917  
-0.141  0.540054  3.13134e+010  -72.6599  116.652  43.9917  
-0.1415  0.539799  3.12986e+010  -72.6048  116.597  43.9917  
-0.142  0.539548  3.12841e+010  -72.5506  116.542  43.9917  
-0.1425  0.5393  3.12698e+010  -72.4972  116.489  43.9917  
-0.143  0.539057  3.12557e+010  -71.4447  116.436  44.9917  
-0.1435  0.538819  3.12418e+010  -71.3931  116.385  44.9917  
-0.144  0.538584  3.12282e+010  -70.3424  116.334  45.9917  
-0.1445  0.538354  3.12149e+010  -70.2927  116.284  45.9917  
-0.145  0.538127  3.12017e+010  -70.2438  116.236  45.9917  
-0.1455  0.537905  3.11889e+010  -70.1958  116.188  45.9917  
-0.146  0.537687  3.11762e+010  -71.1487  116.14  44.9917  
-0.1465  0.537473  3.11638e+010  -72.1024  116.094  43.9917  
-0.147  0.537262  3.11515e+010  -71.0568  116.049  44.9917  
-0.1475  0.537055  3.11395e+010  -70.0121  116.004  45.9917  
-0.148  0.536851  3.11277e+010  -69.9681  115.96  45.9917  
-0.1485  0.536651  3.11161e+010  -68.9248  115.917  46.9917  
-0.149  0.536454  3.11047e+010  -68.8823  115.874  46.9917  
-0.1495  0.53626  3.10935e+010  -68.8404  115.832  46.9917  
-0.15  0.536069  3.10824e+010  -68.7993  115.791  46.9917  
-0.1505  0.535882  3.10715e+010  -68.7587  115.75  46.9917  
-0.151  0.535697  3.10608e+010  -68.7188  115.71  46.9917  
-0.1515  0.535514  3.10502e+010  -68.6793  115.671  46.9917  
-0.152  0.535334  3.10398e+010  -68.6404  115.632  46.9917  
-0.1525  0.535156  3.10294e+010  -68.6019  115.594  46.9917  
-0.153  0.534979  3.10192e+010  -69.5638  115.555  45.9917  
-0.1535  0.534804  3.1009e+010  -69.526  115.518  45.9917  
-0.154  0.534631  3.0999e+010  -69.4885  115.48  45.9917  
-0.1545  0.534458  3.0989e+010  -69.4512  115.443  45.9917  
-0.155  0.534286  3.0979e+010  -69.4141  115.406  45.9917  
-0.1555  0.534115  3.09691e+010  -69.3772  115.369  45.9917  
-0.156  0.533944  3.09592e+010  -70.3403  115.332  44.9917  
-0.1565  0.533773  3.09493e+010  -70.3034  115.295  44.9917  
-0.157  0.533603  3.09394e+010  -70.2665  115.258  44.9917  
-0.1575  0.533431  3.09294e+010  -70.2294  115.221  44.9917  
-0.158  0.533259  3.09195e+010  -70.1923  115.184  44.9917  
-0.1585  0.533086  3.09094e+010  -70.1549  115.147  44.9917  
-0.159  0.532912  3.08993e+010  -70.1173  115.109  44.9917  
-0.1595  0.532736  3.08891e+010  -69.0794  115.071  45.9917  
-0.16  0.532559  3.08789e+010  -69.0411  115.033  45.9917  
-0.1605  0.53238  3.08685e+010  -69.0025  114.994  45.9917  
-0.161  0.532199  3.0858e+010  -68.9634  114.955  45.9917  
-0.1615  0.532016  3.08474e+010  -68.9238  114.916  45.9917  
-0.162  0.531831  3.08366e+010  -69.8837  114.875  44.9917  
-0.1625  0.531642  3.08257e+010  -69.8431  114.835  44.9917  
-0.163  0.531451  3.08146e+010  -68.8018  114.793  45.9917  
-0.1635  0.531257  3.08034e+010  -68.7599  114.752  45.9917  
-0.164  0.53106  3.0792e+010  -68.7174  114.709  45.9917  
-0.1645  0.53086  3.07804e+010  -68.6742  114.666  45.9917  
-0.165  0.530657  3.07686e+010  -70.6302  114.622  43.9917  
-0.1655  0.53045  3.07566e+010  -70.5855  114.577  43.9917  
-0.166  0.530239  3.07444e+010  -70.54  114.532  43.9917  
-0.1665  0.530025  3.07319e+010  -69.4937  114.485  44.9917  
-0.167  0.529806  3.07193e+010  -69.4465  114.438  44.9917  
-0.1675  0.529584  3.07063e+010  -69.3984  114.39  44.9917  
-0.168  0.529357  3.06932e+010  -69.3494  114.341  44.9917  
-0.1685  0.529126  3.06798e+010  -70.2995  114.291  43.9917  
-0.169  0.52889  3.06662e+010  -70.2487  114.24  43.9917  
-0.1695  0.52865  3.06522e+010  -69.1968  114.188  44.9917  
-0.17  0.528406  3.0638e+010  -70.1439  114.136  43.9917  
-0.1705  0.528156  3.06236e+010  -71.0901  114.082  42.9917  
-0.171  0.527902  3.06088e+010  -71.0352  114.027  42.9917  
-0.1715  0.527643  3.05938e+010  -70.9792  113.971  42.9917  
-0.172  0.527379  3.05785e+010  -70.9222  113.914  42.9917  
-0.1725  0.52711  3.05629e+010  -70.8641  113.856  42.9917  
-0.173  0.526836  3.0547e+010  -71.8049  113.797  41.9917  
-0.1735  0.526557  3.05309e+010  -72.7447  113.736  40.9917  
-0.174  0.526273  3.05144e+010  -72.6833  113.675  40.9917  
-0.1745  0.525984  3.04976e+010  -72.6209  113.613  40.9917  
-0.175  0.52569  3.04806e+010  -72.5574  113.549  40.9917  
-0.1755  0.525391  3.04632e+010  -74.4927  113.484  38.9917  
-0.176  0.525086  3.04456e+010  -75.427  113.419  37.9916  
-0.1765  0.524777  3.04277e+010  -74.3602  113.352  38.9917  
-0.177  0.524463  3.04094e+010  -75.2923  113.284  37.9916  
-0.1775  0.524143  3.03909e+010  -76.2233  113.215  36.9916  
-0.178  0.523819  3.03721e+010  -76.1532  113.145  36.9916  
-0.1785  0.52349  3.0353e+010  -76.0821  113.074  36.9916  
-0.179  0.523155  3.03336e+010  -76.0099  113.002  36.9916  
-0.1795  0.522816  3.0314e+010  -75.9367  112.928  36.9916  
-0.18  0.522473  3.0294e+010  -75.8625  112.854  36.9917  
-0.1805  0.522125  3.02739e+010  -75.7873  112.779  36.9917  
-0.181  0.521772  3.02534e+010  -75.7112  112.703  36.9917  
-0.1815  0.521416  3.02328e+010  -77.6342  112.626  34.9916  
-0.182  0.521055  3.02119e+010  -77.5563  112.548  34.9916  
-0.1825  0.520691  3.01907e+010  -79.4775  112.469  32.9916  
-0.183  0.520322  3.01693e+010  -79.3979  112.39  32.9916  
-0.1835  0.51995  3.01478e+010  -79.3175  112.309  32.9917  
-0.184  0.519574  3.0126e+010  -80.2363  112.228  31.9916  
-0.1845  0.519195  3.0104e+010  -79.1545  112.146  32.9917  
-0.185  0.518813  3.00819e+010  -80.072  112.064  31.9917  
-0.1855  0.518429  3.00596e+010  -78.989  111.981  32.9917  
-0.186  0.518042  3.00371e+010  -78.9054  111.897  32.9917  
-0.1865  0.517653  3.00146e+010  -78.8214  111.813  32.9917  
-0.187  0.517262  2.99919e+010  -79.7369  111.729  31.9917  
-0.1875  0.516869  2.99691e+010  -79.652  111.644  31.9917  
-0.188  0.516473  2.99462e+010  -81.5666  111.558  29.9917  
-0.1885  0.516076  2.99231e+010  -82.4807  111.472  28.9917  
-0.189  0.515676  2.99e+010  -82.3944  111.386  28.9917  
-0.1895  0.515275  2.98767e+010  -83.3078  111.299  27.9917  
-0.19  0.514873  2.98534e+010  -83.2209  111.213  27.9917  
-0.1905  0.514469  2.983e+010  -83.1336  111.125  27.9917  
-0.191  0.514064  2.98065e+010  -83.0462  111.038  27.9917  
-0.1915  0.513659  2.9783e+010  -81.9586  110.95  28.9917  
-0.192  0.513253  2.97594e+010  -81.8709  110.863  28.9917  
-0.1925  0.512847  2.97359e+010  -81.7832  110.775  28.9917  
-0.193  0.512441  2.97124e+010  -81.6955  110.687  28.9917  
-0.1935  0.512035  2.96889e+010  -82.608  110.6  27.9917  
-0.194  0.51163  2.96654e+010  -82.5205  110.512  27.9917  
-0.1945  0.511226  2.96419e+010  -82.4332  110.425  27.9917  
-0.195  0.510823  2.96186e+010  -82.3461  110.338  27.9917  
-0.1955  0.510421  2.95952e+010  -81.2592  110.251  28.9917  
-0.196  0.51002  2.9572e+010  -81.1726  110.164  28.9917  
-0.1965  0.509621  2.95489e+010  -81.0864  110.078  28.9917  
-0.197  0.509223  2.95258e+010  -82.0005  109.992  27.9917  
-0.1975  0.508828  2.95029e+010  -81.9151  109.907  27.9917  
-0.198  0.508434  2.948e+010  -81.8301  109.822  27.9917  
-0.1985  0.508043  2.94574e+010  -81.7455  109.737  27.9917  
-0.199  0.507653  2.94348e+010  -81.6615  109.653  27.9917  
-0.1995  0.507267  2.94124e+010  -81.578  109.57  27.9917  
-0.2  0.506883  2.93901e+010  -81.495  109.487  27.9917  
-0.2005  0.506501  2.9368e+010  -81.4126  109.404  27.9917  
-0.201  0.506123  2.9346e+010  -81.3309  109.323  27.9917  
-0.2015  0.505747  2.93243e+010  -82.2497  109.241  26.9917  
-0.202  0.505375  2.93027e+010  -83.1692  109.161  25.9917  
-0.2025  0.505005  2.92812e+010  -83.0894  109.081  25.9917  
-0.203  0.504638  2.926e+010  -83.0102  109.002  25.9917  
-0.2035  0.504275  2.92389e+010  -82.9316  108.923  25.9917  
-0.204  0.503914  2.9218e+010  -82.8538  108.845  25.9917  
-0.2045  0.503557  2.91973e+010  -82.7766  108.768  25.9917  
-0.205  0.503203  2.91768e+010  -82.7002  108.692  25.9917  
-0.2055  0.502853  2.91564e+010  -82.6245  108.616  25.9917  
-0.206  0.502505  2.91363e+010  -80.5495  108.541  27.9917  
-0.2065  0.502162  2.91164e+010  -80.4752  108.467  27.9917  
-0.207  0.501821  2.90966e+010  -80.4018  108.393  27.9917  
-0.2075  0.501485  2.90771e+010  -80.3291  108.321  27.9917  
-0.208  0.501152  2.90578e+010  -80.2572  108.249  27.9917  
-0.2085  0.500823  2.90387e+010  -80.1861  108.178  27.9917  
-0.209  0.500497  2.90198e+010  -82.1157  108.107  25.9917  
-0.2095  0.500174  2.90011e+010  -81.046  108.038  26.9917  
-0.21  0.499855  2.89826e+010  -80.977  107.969  26.9917  
-0.2105  0.499539  2.89643e+010  -81.9087  107.9  25.9917  
-0.211  0.499226  2.89461e+010  -81.841  107.833  25.9917  
-0.2115  0.498915  2.89281e+010  -81.774  107.766  25.9917  
-0.212  0.498607  2.89103e+010  -81.7075  107.699  25.9917  
-0.2125  0.498302  2.88926e+010  -81.6416  107.633  25.9917  
-0.213  0.497999  2.8875e+010  -81.5762  107.568  25.9917  
-0.2135  0.497699  2.88576e+010  -81.5113  107.503  25.9917  
-0.214  0.497401  2.88403e+010  -81.4469  107.439  25.9917  
-0.2145  0.497105  2.88232e+010  -81.383  107.375  25.9917  
-0.215  0.49681  2.88061e+010  -81.3194  107.311  25.9917  
-0.2155  0.496518  2.87891e+010  -80.2562  107.248  26.9917  
-0.216  0.496227  2.87723e+010  -80.1935  107.185  26.9917  
-0.2165  0.495938  2.87555e+010  -80.131  107.123  26.9917  
-0.217  0.49565  2.87388e+010  -81.0688  107.06  25.9917  
-0.2175  0.495364  2.87222e+010  -82.0069  106.999  24.9917  
-0.218  0.495078  2.87057e+010  -81.9453  106.937  24.9916  
-0.2185  0.494794  2.86892e+010  -80.8838  106.875  25.9917  
-0.219  0.49451  2.86727e+010  -79.8225  106.814  26.9917  
-0.2195  0.494227  2.86563e+010  -79.7615  106.753  26.9917  
-0.22  0.493946  2.864e+010  -79.7007  106.692  26.9916  
-0.2205  0.493665  2.86237e+010  -79.64  106.632  26.9916  
-0.221  0.493385  2.86075e+010  -79.5795  106.571  26.9916  
-0.2215  0.493105  2.85912e+010  -79.519  106.511  26.9916  
-0.222  0.492826  2.8575e+010  -78.4587  106.45  27.9916  
-0.2225  0.492546  2.85589e+010  -79.3984  106.39  26.9916  
-0.223  0.492267  2.85427e+010  -79.3381  106.33  26.9916  
-0.2235  0.491989  2.85265e+010  -79.2779  106.27  26.9916  
-0.224  0.491709  2.85103e+010  -79.2176  106.209  26.9916  
-0.2245  0.49143  2.84941e+010  -79.1572  106.149  26.9916  
-0.225  0.49115  2.84779e+010  -79.0968  106.088  26.9916  
-0.2255  0.49087  2.84616e+010  -78.0363  106.028  27.9916  
-0.226  0.490589  2.84454e+010  -77.9756  105.967  27.9916  
-0.2265  0.490308  2.8429e+010  -78.9148  105.906  26.9916  
-0.227  0.490026  2.84127e+010  -78.8539  105.846  26.9916  
-0.2275  0.489743  2.83963e+010  -78.7928  105.784  26.9916  
-0.228  0.489459  2.83798e+010  -78.7315  105.723  26.9916  
-0.2285  0.489174  2.83633e+010  -79.67  105.662  25.9916  
-0.229  0.488889  2.83468e+010  -79.6084  105.6  25.9916  
-0.2295  0.488603  2.83302e+010  -79.5465  105.538  25.9916  
-0.23  0.488315  2.83135e+010  -79.4845  105.476  25.9916  
-0.2305  0.488027  2.82968e+010  -79.4222  105.414  25.9916  
-0.231  0.487738  2.82801e+010  -79.3598  105.351  25.9916  
-0.2315  0.487449  2.82633e+010  -79.2973  105.289  25.9916  
-0.232  0.487159  2.82465e+010  -78.2347  105.226  26.9916  
-0.2325  0.486868  2.82296e+010  -78.172  105.164  26.9916  
-0.233  0.486578  2.82128e+010  -78.1092  105.101  26.9916  
-0.2335  0.486288  2.8196e+010  -78.0465  105.038  26.9916  
-0.234  0.485997  2.81791e+010  -77.9837  104.975  26.9916  
-0.2345  0.485707  2.81623e+010  -79.921  104.913  24.9916  
-0.235  0.485417  2.81455e+010  -79.8584  104.85  24.9916  
-0.2355  0.485127  2.81287e+010  -79.7958  104.787  24.9916  
-0.236  0.484838  2.81119e+010  -79.7334  104.725  24.9917  
-0.2365  0.48455  2.80952e+010  -80.6712  104.663  23.9917  
-0.237  0.484263  2.80785e+010  -80.6091  104.601  23.9917  
-0.2375  0.483976  2.80619e+010  -81.5472  104.539  22.9917  
-0.238  0.48369  2.80453e+010  -81.4854  104.477  22.9917  
-0.2385  0.483405  2.80288e+010  -81.4238  104.415  22.9917  
-0.239  0.483121  2.80124e+010  -81.3625  104.354  22.9917  
-0.2395  0.482838  2.7996e+010  -82.3014  104.293  21.9917  
-0.24  0.482557  2.79797e+010  -82.2408  104.232  21.9917  
-0.2405  0.482278  2.79635e+010  -82.1805  104.172  21.9917  
-0.241  0.482002  2.79474e+010  -82.1207  104.112  21.9917  
-0.2415  0.481727  2.79315e+010  -83.0614  104.053  20.9917  
-0.242  0.481455  2.79157e+010  -83.0026  103.994  20.9917  
-0.2425  0.481185  2.79001e+010  -82.9443  103.936  20.9917  
-0.243  0.480918  2.78846e+010  -82.8867  103.878  20.9917  
-0.2435  0.480655  2.78694e+010  -81.8297  103.821  21.9917  
-0.244  0.480395  2.78543e+010  -81.7735  103.765  21.9917  
-0.2445  0.480138  2.78394e+010  -80.7181  103.71  22.9917  
-0.245  0.479886  2.78248e+010  -80.6637  103.655  22.9917  
-0.2455  0.479638  2.78104e+010  -80.6102  103.602  22.9917  
-0.246  0.479396  2.77963e+010  -79.5577  103.549  23.9917  
-0.2465  0.479158  2.77826e+010  -79.5064  103.498  23.9917  
-0.247  0.478926  2.77691e+010  -80.4563  103.448  22.9917  
-0.2475  0.478699  2.7756e+010  -80.4074  103.399  22.9917  
-0.248  0.478479  2.77432e+010  -79.3598  103.351  23.9917  
-0.2485  0.478265  2.77308e+010  -79.3136  103.305  23.9917  
-0.249  0.478058  2.77188e+010  -79.2689  103.261  23.9917  
-0.2495  0.477858  2.77072e+010  -79.2257  103.217  23.9917  
-0.25  0.477666  2.7696e+010  -79.1841  103.176  23.9917  
-0.2505  0.477481  2.76853e+010  -79.1441  103.136  23.9917  
-0.251  0.477303  2.7675e+010  -79.1058  103.098  23.9917  
-0.2515  0.477134  2.76652e+010  -79.0693  103.061  23.9917  
-0.252  0.476973  2.76559e+010  -79.0345  103.026  23.9917  
-0.2525  0.476821  2.76471e+010  -78.0016  102.993  24.9917  
-0.253  0.476677  2.76387e+010  -77.9706  102.962  24.9917  
-0.2535  0.476542  2.76309e+010  -77.9414  102.933  24.9917  
-0.254  0.476416  2.76236e+010  -77.9141  102.906  24.9917  
-0.2545  0.476298  2.76168e+010  -77.8888  102.88  24.9917  
-0.255  0.47619  2.76105e+010  -77.8653  102.857  24.9917  
-0.2555  0.47609  2.76047e+010  -77.8438  102.835  24.9917  
-0.256  0.476  2.75994e+010  -78.8242  102.816  23.9917  
-0.2565  0.475918  2.75947e+010  -77.8066  102.798  24.9917  
-0.257  0.475846  2.75905e+010  -77.791  102.783  24.9917  
-0.2575  0.475783  2.75868e+010  -77.7773  102.769  24.9917  
-0.258  0.475728  2.75837e+010  -77.7656  102.757  24.9917  
-0.2585  0.475684  2.75811e+010  -77.7559  102.748  24.9917  
-0.259  0.475648  2.7579e+010  -77.7482  102.74  24.9917  
-0.2595  0.475621  2.75775e+010  -78.7424  102.734  23.9917  
-0.26  0.475603  2.75765e+010  -79.7386  102.73  22.9917  
-0.2605  0.475594  2.75759e+010  -79.7366  102.728  22.9917  
-0.261  0.475594  2.75759e+010  -79.7366  102.728  22.9917  
-0.2615  0.475602  2.75764e+010  -79.7384  102.73  22.9917  
-0.262  0.475619  2.75774e+010  -79.742  102.734  22.9917  
-0.2625  0.475644  2.75788e+010  -79.7474  102.739  22.9917  
-0.263  0.475677  2.75807e+010  -79.7546  102.746  22.9917  
-0.2635  0.475718  2.75831e+010  -79.7635  102.755  22.9917  
-0.264  0.475767  2.7586e+010  -79.7741  102.766  22.9917  
-0.2645  0.475824  2.75893e+010  -79.7863  102.778  22.9917  
-0.265  0.475888  2.7593e+010  -79.8001  102.792  22.9917  
-0.2655  0.47596  2.75971e+010  -79.8156  102.807  22.9917  
-0.266  0.476038  2.76017e+010  -79.8325  102.824  22.9917  
-0.2665  0.476123  2.76066e+010  -79.8508  102.843  22.9917  
-0.267  0.476214  2.76119e+010  -79.8706  102.862  22.9917  
-0.2675  0.476312  2.76176e+010  -79.8918  102.883  22.9917  
-0.268  0.476416  2.76236e+010  -80.9142  102.906  21.9917  
-0.2685  0.476526  2.76299e+010  -80.9379  102.93  21.9917  
-0.269  0.476641  2.76366e+010  -80.9627  102.954  21.9917  
-0.2695  0.476761  2.76436e+010  -80.9887  102.98  21.9917  
-0.27  0.476886  2.76508e+010  -82.0157  103.007  20.9917  
-0.2705  0.477016  2.76583e+010  -82.0437  103.035  20.9917  
-0.271  0.477149  2.76661e+010  -81.0726  103.064  21.9917  
-0.2715  0.477287  2.76741e+010  -81.1023  103.094  21.9917  
-0.272  0.477428  2.76823e+010  -81.1329  103.125  21.9917  
-0.2725  0.477573  2.76907e+010  -81.1642  103.156  21.9917  
-0.273  0.477721  2.76993e+010  -81.1961  103.188  21.9917  
-0.2735  0.477872  2.7708e+010  -81.2287  103.22  21.9917  
-0.274  0.478025  2.77169e+010  -81.2618  103.253  21.9917  
-0.2745  0.478181  2.77259e+010  -81.2954  103.287  21.9917  
-0.275  0.478338  2.7735e+010  -81.3294  103.321  21.9917  
-0.2755  0.478497  2.77443e+010  -82.3638  103.355  20.9917  
-0.276  0.478658  2.77536e+010  -82.3985  103.39  20.9917  
-0.2765  0.47882  2.77629e+010  -82.4334  103.425  20.9917  
-0.277  0.478982  2.77724e+010  -82.4685  103.46  20.9917  
-0.2775  0.479145  2.77818e+010  -82.5037  103.495  20.9917  
-0.278  0.479308  2.77913e+010  -82.5389  103.531  20.9917  
-0.2785  0.479472  2.78008e+010  -82.5742  103.566  20.9917  
-0.279  0.479635  2.78102e+010  -83.6095  103.601  19.9917  
-0.2795  0.479797  2.78196e+010  -83.6446  103.636  19.9917  
-0.28  0.479959  2.7829e+010  -84.6795  103.671  18.9916  
-0.2805  0.48012  2.78383e+010  -84.7143  103.706  18.9916  
-0.281  0.480279  2.78476e+010  -84.7487  103.74  18.9916  
-0.2815  0.480437  2.78567e+010  -84.7828  103.774  18.9916  
-0.282  0.480593  2.78658e+010  -83.8165  103.808  19.9916  
-0.2825  0.480748  2.78747e+010  -82.8499  103.842  20.9916  
-0.283  0.480901  2.78836e+010  -82.8829  103.875  20.9916  
-0.2835  0.481052  2.78924e+010  -82.9157  103.907  20.9916  
-0.284  0.481202  2.79011e+010  -82.948  103.94  20.9916  
-0.2845  0.48135  2.79097e+010  -82.98  103.972  20.9916  
-0.285  0.481497  2.79182e+010  -83.0116  104.003  20.9916  
-0.2855  0.481641  2.79265e+010  -83.0428  104.034  20.9916  
-0.286  0.481783  2.79348e+010  -82.0735  104.065  21.9916  
-0.2865  0.481923  2.79429e+010  -83.1037  104.095  20.9916  
-0.287  0.48206  2.79508e+010  -83.1334  104.125  20.9916  
-0.2875  0.482195  2.79587e+010  -83.1625  104.154  20.9916  
-0.288  0.482328  2.79664e+010  -82.1912  104.183  21.9916  
-0.2885  0.482458  2.79739e+010  -82.2193  104.211  21.9916  
-0.289  0.482586  2.79813e+010  -83.2469  104.239  20.9916  
-0.2895  0.482711  2.79886e+010  -85.274  104.266  18.9916  
-0.29  0.482834  2.79957e+010  -84.3004  104.292  19.9916  
-0.2905  0.482953  2.80026e+010  -84.3262  104.318  19.9916  
-0.291  0.48307  2.80094e+010  -83.3514  104.343  20.9916  
-0.2915  0.483184  2.8016e+010  -83.376  104.368  20.9916  
-0.292  0.483295  2.80224e+010  -84.4001  104.392  19.9916  
-0.2925  0.483404  2.80287e+010  -83.4235  104.415  20.9916  
-0.293  0.48351  2.80349e+010  -84.4465  104.438  19.9916  
-0.2935  0.483614  2.80409e+010  -84.4689  104.461  19.9916  
-0.294  0.483715  2.80468e+010  -84.4909  104.483  19.9917  
-0.2945  0.483815  2.80526e+010  -85.5124  104.504  18.9917  
-0.295  0.483912  2.80582e+010  -84.5334  104.525  19.9917  
-0.2955  0.484007  2.80637e+010  -84.554  104.546  19.9917  
-0.296  0.484101  2.80692e+010  -84.5741  104.566  19.9917  
-0.2965  0.484193  2.80745e+010  -84.5939  104.586  19.9917  
-0.297  0.484283  2.80797e+010  -85.6134  104.605  18.9917  
-0.2975  0.484372  2.80849e+010  -84.6326  104.624  19.9917  
-0.298  0.484459  2.80899e+010  -85.6515  104.643  18.9917  
-0.2985  0.484546  2.8095e+010  -84.6702  104.662  19.9917  
-0.299  0.484632  2.80999e+010  -84.6887  104.68  19.9917  
-0.2995  0.484717  2.81049e+010  -85.7072  104.699  18.9917  
-0.3  0.484802  2.81098e+010  -83.7255  104.717  20.9917  
-0.3005  0.484887  2.81147e+010  -83.7439  104.736  20.9917  
-0.301  0.484972  2.81197e+010  -83.7623  104.754  20.9917  
-0.3015  0.485058  2.81247e+010  -84.7809  104.773  19.9917  
-0.302  0.485145  2.81297e+010  -84.7996  104.791  19.9917  
-0.3025  0.485232  2.81348e+010  -84.8185  104.81  19.9917  
-0.303  0.485321  2.81399e+010  -84.8377  104.829  19.9917  
-0.3035  0.485411  2.81452e+010  -84.8572  104.849  19.9917  
-0.304  0.485503  2.81505e+010  -83.8771  104.869  20.9917  
-0.3045  0.485598  2.8156e+010  -83.8974  104.889  20.9917  
-0.305  0.485694  2.81616e+010  -83.9183  104.91  20.9917  
-0.3055  0.485794  2.81673e+010  -83.9397  104.931  20.9917  
-0.306  0.485896  2.81733e+010  -83.9619  104.954  20.9917  
-0.3065  0.486002  2.81794e+010  -82.9847  104.976  21.9917  
-0.307  0.486111  2.81857e+010  -84.0083  105  20.9917  
-0.3075  0.486224  2.81923e+010  -84.0327  105.024  20.9917  
-0.308  0.486341  2.8199e+010  -84.0579  105.05  20.9917  
-0.3085  0.486461  2.8206e+010  -84.0839  105.076  20.9917  
-0.309  0.486586  2.82133e+010  -84.1109  105.103  20.9917  
-0.3095  0.486715  2.82208e+010  -84.1388  105.13  20.9917  
-0.31  0.486849  2.82285e+010  -84.1677  105.159  20.9917  
-0.3105  0.486988  2.82366e+010  -84.1977  105.189  20.9917  
-0.311  0.487132  2.82449e+010  -84.2288  105.22  20.9917  
-0.3115  0.487281  2.82536e+010  -84.261  105.253  20.9917  
-0.312  0.487435  2.82625e+010  -85.2943  105.286  19.9917  
-0.3125  0.487595  2.82718e+010  -86.3288  105.321  18.9917  
-0.313  0.48776  2.82813e+010  -86.3644  105.356  18.9917  
-0.3135  0.48793  2.82912e+010  -86.4011  105.393  18.9917  
-0.314  0.488105  2.83013e+010  -87.4389  105.431  17.9917  
-0.3145  0.488285  2.83117e+010  -87.4777  105.469  17.9917  
-0.315  0.488469  2.83225e+010  -88.5177  105.509  16.9917  
-0.3155  0.488659  2.83335e+010  -88.5586  105.55  16.9917  
-0.316  0.488853  2.83447e+010  -87.6006  105.592  17.9917  
-0.3165  0.489053  2.83563e+010  -86.6436  105.635  18.9917  
-0.317  0.489257  2.83681e+010  -86.6877  105.679  18.9917  
-0.3175  0.489466  2.83802e+010  -86.7329  105.725  18.9917  
-0.318  0.48968  2.83927e+010  -84.7792  105.771  20.9917  
-0.3185  0.4899  2.84054e+010  -85.8266  105.818  19.9917  
-0.319  0.490124  2.84184e+010  -85.875  105.867  19.9917  
-0.3195  0.490352  2.84316e+010  -85.9244  105.916  19.9917  
-0.32  0.490585  2.84451e+010  -85.9746  105.966  19.9917  
-0.3205  0.490822  2.84589e+010  -87.0258  106.017  18.9917  
-0.321  0.491062  2.84728e+010  -87.0777  106.069  18.9917  
-0.3215  0.491306  2.84869e+010  -87.1304  106.122  18.9917  
-0.322  0.491552  2.85012e+010  -87.1836  106.175  18.9917  
-0.3225  0.491802  2.85157e+010  -87.2375  106.229  18.9917  
-0.323  0.492054  2.85303e+010  -87.2919  106.284  18.9917  
-0.3235  0.492308  2.8545e+010  -86.3467  106.338  19.9917  
-0.324  0.492563  2.85598e+010  -86.402  106.394  19.9917  
-0.3245  0.492821  2.85748e+010  -86.4576  106.449  19.9917  
-0.325  0.493079  2.85897e+010  -86.5134  106.505  19.9917  
-0.3255  0.493338  2.86048e+010  -85.5694  106.561  20.9917  
-0.326  0.493598  2.86198e+010  -87.6254  106.617  18.9917  
-0.3265  0.493857  2.86348e+010  -87.6814  106.673  18.9917  
-0.327  0.494114  2.86498e+010  -87.7371  106.729  18.9917  
-0.3275  0.494371  2.86646e+010  -87.7924  106.784  18.9917  
-0.328  0.494625  2.86794e+010  -87.8474  106.839  18.9917  
-0.3285  0.494877  2.8694e+010  -87.9018  106.893  18.9917  
-0.329  0.495126  2.87084e+010  -87.9556  106.947  18.9917  
-0.3295  0.495372  2.87227e+010  -88.0087  107  18.9917  
-0.33  0.495614  2.87367e+010  -87.0609  107.053  19.9916  
-0.3305  0.495852  2.87505e+010  -86.1123  107.104  20.9916  
-0.331  0.496085  2.8764e+010  -86.1628  107.154  20.9916  
-0.3315  0.496315  2.87773e+010  -86.2123  107.204  20.9916  
-0.332  0.496539  2.87903e+010  -86.2607  107.252  20.9916  
-0.3325  0.496757  2.8803e+010  -86.308  107.3  20.9916  
-0.333  0.49697  2.88154e+010  -85.354  107.346  21.9916  
-0.3335  0.497177  2.88274e+010  -85.3987  107.39  21.9916  
-0.334  0.497378  2.8839e+010  -85.442  107.434  21.9916  
-0.3345  0.497571  2.88502e+010  -85.4838  107.475  21.9916  
-0.335  0.497757  2.8861e+010  -85.524  107.516  21.9916  
-0.3355  0.497936  2.88713e+010  -85.5625  107.554  21.9916  
-0.336  0.498105  2.88812e+010  -85.5991  107.591  21.9916  
-0.3365  0.498266  2.88905e+010  -86.6339  107.625  20.9916  
-0.337  0.498417  2.88993e+010  -86.6665  107.658  20.9916  
-0.3375  0.498558  2.89074e+010  -86.697  107.689  20.9916  
-0.338  0.498688  2.8915e+010  -86.725  107.717  20.9916  
-0.3385  0.498807  2.89218e+010  -87.7506  107.742  19.9916  
-0.339  0.498913  2.8928e+010  -87.7736  107.765  19.9916  
-0.3395  0.499006  2.89334e+010  -87.7938  107.785  19.9916  
-0.34  0.499087  2.89381e+010  -87.8111  107.803  19.9916  
-0.3405  0.499154  2.8942e+010  -87.8256  107.817  19.9916  
-0.341  0.499207  2.8945e+010  -87.837  107.829  19.9916  
-0.3415  0.499245  2.89473e+010  -87.8454  107.837  19.9916  
-0.342  0.499269  2.89487e+010  -88.8506  107.842  18.9916  
-0.3425  0.499278  2.89492e+010  -89.8525  107.844  17.9916  
-0.343  0.49927  2.89487e+010  -89.8509  107.842  17.9916  
-0.3435  0.499246  2.89473e+010  -90.8456  107.837  16.9916  
-0.344  0.499204  2.89449e+010  -90.8366  107.828  16.9916  
-0.3445  0.499145  2.89414e+010  -90.8237  107.815  16.9916  
-0.345  0.499067  2.89369e+010  -90.807  107.799  16.9916  
-0.3455  0.498971  2.89314e+010  -88.7862  107.778  18.9915  
-0.346  0.498857  2.89247e+010  -88.7615  107.753  18.9915  
-0.3465  0.498723  2.8917e+010  -88.7327  107.724  18.9915  
-0.347  0.498571  2.89082e+010  -87.6998  107.691  19.9915  
-0.3475  0.4984  2.88983e+010  -87.6629  107.654  19.9915  
-0.348  0.49821  2.88872e+010  -85.6218  107.613  21.9915  
-0.3485  0.498001  2.88751e+010  -85.5767  107.568  21.9915  
-0.349  0.497772  2.88618e+010  -85.5272  107.519  21.9915  
-0.3495  0.497523  2.88474e+010  -85.4735  107.465  21.9915  
-0.35  0.497254  2.88318e+010  -85.4154  107.407  21.9915  
-0.3505  0.496965  2.88151e+010  -85.353  107.345  21.9915  
-0.351  0.496656  2.87971e+010  -85.2862  107.278  21.9915  
-0.3515  0.496327  2.8778e+010  -85.215  107.207  21.9915  
-0.352  0.495977  2.87578e+010  -85.1395  107.131  21.9915  
-0.3525  0.495607  2.87363e+010  -85.0596  107.051  21.9915  
-0.353  0.495217  2.87137e+010  -84.9753  106.967  21.9915  
-0.3535  0.494806  2.86899e+010  -84.8866  106.878  21.9915  
-0.354  0.494376  2.86649e+010  -83.7936  106.785  22.9915  
-0.3545  0.493925  2.86388e+010  -83.6962  106.688  22.9915  
-0.355  0.493454  2.86115e+010  -83.5946  106.586  22.9915  
-0.3555  0.492964  2.85831e+010  -83.4886  106.48  22.9915  
-0.356  0.492454  2.85535e+010  -83.3784  106.37  22.9915  
-0.3565  0.491924  2.85228e+010  -83.264  106.256  22.9915  
-0.357  0.491375  2.84909e+010  -83.1454  106.137  22.9915  
-0.3575  0.490807  2.8458e+010  -83.0227  106.014  22.9916  
-0.358  0.49022  2.8424e+010  -82.8959  105.887  22.9916  
-0.3585  0.489614  2.83888e+010  -82.7651  105.757  22.9916  
-0.359  0.48899  2.83527e+010  -82.6303  105.622  22.9916  
-0.3595  0.488348  2.83154e+010  -82.4917  105.483  22.9916  
-0.36  0.487688  2.82772e+010  -82.3491  105.341  22.9916  
-0.3605  0.487011  2.82379e+010  -82.2029  105.194  22.9916  
-0.361  0.486317  2.81977e+010  -81.0529  105.044  23.9916  
-0.3615  0.485606  2.81564e+010  -79.8993  104.891  24.9916  
-0.362  0.484879  2.81143e+010  -79.7423  104.734  24.9916  
-0.3625  0.484137  2.80712e+010  -79.5819  104.574  24.9916  
-0.363  0.483379  2.80273e+010  -78.4183  104.41  25.9916  
-0.3635  0.482606  2.79825e+010  -78.2514  104.243  25.9916  
-0.364  0.48182  2.79369e+010  -78.0815  104.073  25.9916  
-0.3645  0.48102  2.78905e+010  -77.9086  103.9  25.9916  
-0.365  0.480206  2.78433e+010  -77.7329  103.724  25.9916  
-0.3655  0.47938  2.77954e+010  -77.5544  103.546  25.9916  
-0.366  0.478541  2.77468e+010  -77.3732  103.365  25.9916  
-0.3665  0.477691  2.76975e+010  -77.1896  103.181  25.9916  
-0.367  0.476829  2.76475e+010  -76.0035  102.995  26.9916  
-0.3675  0.475957  2.7597e+010  -74.8151  102.807  27.9916  
-0.368  0.475075  2.75458e+010  -74.6246  102.616  27.9916  
-0.3685  0.474184  2.74941e+010  -74.432  102.424  27.9916  
-0.369  0.473283  2.74419e+010  -73.2376  102.229  28.9916  
-0.3695  0.472375  2.73893e+010  -73.0415  102.033  28.9916  
-0.37  0.47146  2.73362e+010  -72.8438  101.835  28.9916  
-0.3705  0.470539  2.72828e+010  -72.6447  101.636  28.9916  
-0.371  0.469611  2.7229e+010  -72.4443  101.436  28.9917  
-0.3715  0.468678  2.71749e+010  -72.2428  101.234  28.9917  
-0.372  0.467741  2.71206e+010  -71.0404  101.032  29.9917  
-0.3725  0.4668  2.7066e+010  -69.8372  100.829  30.9917  
-0.373  0.465857  2.70113e+010  -69.6334  100.625  30.9917  
-0.3735  0.464912  2.69565e+010  -68.4292  100.421  31.9917  
-0.374  0.463965  2.69017e+010  -66.2248  100.216  33.9917  
-0.3745  0.463018  2.68468e+010  -66.0203  100.012  33.9917  
-0.375  0.462072  2.67919e+010  -64.8158  99.8075  34.9917  
-0.3755  0.461127  2.67371e+010  -64.6117  99.6034  34.9917  
-0.376  0.460184  2.66824e+010  -64.408  99.3997  34.9917  
-0.3765  0.459243  2.66279e+010  -64.2049  99.1966  34.9917  
-0.377  0.458307  2.65736e+010  -64.0026  98.9943  34.9917  
-0.3775  0.457375  2.65195e+010  -63.8012  98.7929  34.9917  
-0.378  0.456448  2.64658e+010  -63.601  98.5928  34.9917  
-0.3785  0.455527  2.64124e+010  -63.4022  98.3939  34.9917  
-0.379  0.454614  2.63594e+010  -63.2048  98.1966  34.9918  
-0.3795  0.453708  2.63069e+010  -63.0092  98.001  34.9918  
-0.38  0.452812  2.62549e+010  -62.8155  97.8073  34.9918  
-0.3805  0.451925  2.62035e+010  -62.6239  97.6157  34.9918  
-0.381  0.451048  2.61527e+010  -62.4347  97.4264  34.9918  
-0.3815  0.450184  2.61026e+010  -62.2479  97.2397  34.9918  
-0.382  0.449332  2.60532e+010  -62.0638  97.0556  34.9918  
-0.3825  0.448493  2.60045e+010  -61.8827  96.8745  34.9918  
-0.383  0.447669  2.59568e+010  -61.7047  96.6965  34.9918  
-0.3835  0.44686  2.59099e+010  -61.53  96.5218  34.9918  
-0.384  0.446068  2.58639e+010  -60.3588  96.3507  35.9918  
-0.3845  0.445293  2.5819e+010  -60.1914  96.1833  35.9918  
-0.385  0.444537  2.57751e+010  -60.0281  96.0199  35.9918  
-0.3855  0.4438  2.57324e+010  -59.8689  95.8607  35.9919  
-0.386  0.443083  2.56909e+010  -59.7141  95.706  35.9919  
-0.3865  0.442388  2.56506e+010  -58.564  95.5559  36.9919  
-0.387  0.441716  2.56116e+010  -58.4187  95.4106  36.9919  
-0.3875  0.441067  2.5574e+010  -58.2786  95.2704  36.9919  
-0.388  0.440443  2.55378e+010  -58.1437  95.1356  36.9919  
-0.3885  0.439844  2.5503e+010  -58.0144  95.0063  36.9919  
-0.389  0.439272  2.54699e+010  -57.8908  94.8827  36.9919  
-0.3895  0.438727  2.54383e+010  -57.7732  94.7651  36.9919  
-0.39  0.438212  2.54084e+010  -57.6618  94.6537  36.9919  
-0.3905  0.437726  2.53802e+010  -57.5568  94.5488  36.9919  
-0.391  0.437271  2.53539e+010  -57.4585  94.4505  36.992  
-0.3915  0.436847  2.53293e+010  -57.3671  94.359  36.992  
-0.392  0.436457  2.53067e+010  -56.2827  94.2747  37.992  
-0.3925  0.4361  2.5286e+010  -56.2057  94.1977  37.992  
-0.393  0.435779  2.52673e+010  -56.1362  94.1282  37.992  
-0.3935  0.435493  2.52508e+010  -56.0745  94.0665  37.992  
-0.394  0.435245  2.52364e+010  -54.0208  94.0128  39.992  
-0.3945  0.435034  2.52242e+010  -53.9753  93.9674  39.992  
-0.395  0.434863  2.52142e+010  -52.9384  93.9304  40.992  
-0.3955  0.434732  2.52067e+010  -51.9101  93.9021  41.992  
-0.396  0.434642  2.52015e+010  -51.8907  93.8827  41.992  
-0.3965  0.434595  2.51987e+010  -51.8805  93.8725  41.9921  
-0.397  0.434591  2.51985e+010  -51.8796  93.8717  41.9921  
-0.3975  0.434631  2.52008e+010  -51.8882  93.8803  41.9921  
-0.398  0.434716  2.52057e+010  -51.9066  93.8987  41.9921  
-0.3985  0.434847  2.52133e+010  -51.9348  93.9269  41.9921  
-0.399  0.435024  2.52236e+010  -51.9731  93.9652  41.9921  
-0.3995  0.435248  2.52366e+010  -52.0216  94.0137  41.9921  
-0.4  0.435521  2.52524e+010  -52.0804  94.0725  41.9921  
-0.4005  0.435842  2.5271e+010  -52.1498  94.1419  41.9921  
-0.401  0.436213  2.52925e+010  -52.2299  94.222  41.9921  
-0.4015  0.436633  2.53169e+010  -52.3207  94.3128  41.9921  
-0.402  0.437105  2.53442e+010  -51.4225  94.4146  42.9921  
-0.4025  0.437627  2.53745e+010  -51.5353  94.5274  42.9921  
-0.403  0.438201  2.54078e+010  -51.6593  94.6514  42.9921  
-0.4035  0.438827  2.54441e+010  -51.7945  94.7867  42.9921  
-0.404  0.439506  2.54835e+010  -51.9411  94.9333  42.9921  
-0.4045  0.440237  2.55259e+010  -52.0991  95.0913  42.9922  
-0.405  0.441022  2.55714e+010  -52.2686  95.2607  42.9922  
-0.4055  0.44186  2.562e+010  -52.4496  95.4418  42.9922  
-0.406  0.442752  2.56717e+010  -52.6422  95.6344  42.9922  
-0.4065  0.443697  2.57265e+010  -51.8464  95.8386  43.9922  
-0.407  0.444697  2.57844e+010  -52.0623  96.0545  43.9922  
-0.4075  0.44575  2.58455e+010  -52.2898  96.282  43.9922  
-0.408  0.446857  2.59097e+010  -52.529  96.5212  43.9922  
-0.4085  0.448018  2.5977e+010  -51.7798  96.7719  44.9922  
-0.409  0.449233  2.60474e+010  -52.0421  97.0343  44.9922  
-0.4095  0.450501  2.6121e+010  -52.316  97.3082  44.9922  
-0.41  0.451822  2.61976e+010  -52.6014  97.5936  44.9922  
-0.4105  0.453196  2.62772e+010  -52.8981  97.8903  44.9922  
-0.411  0.454622  2.63599e+010  -53.2061  98.1983  44.9922  
-0.4115  0.4561  2.64456e+010  -51.5253  98.5175  46.9922  
-0.412  0.457628  2.65342e+010  -51.8556  98.8477  46.9922  
-0.4125  0.459208  2.66258e+010  -51.1967  99.1889  47.9922  
-0.413  0.460837  2.67203e+010  -51.5486  99.5408  47.9922  
-0.4135  0.462515  2.68176e+010  -51.9111  99.9033  47.9922  
-0.414  0.464242  2.69177e+010  -52.2841  100.276  47.9922  
-0.4145  0.466015  2.70205e+010  -52.6672  100.659  47.9922  
-0.415  0.467835  2.71261e+010  -53.0603  101.052  47.9922  
-0.4155  0.469701  2.72342e+010  -53.4632  101.455  47.9921  
-0.416  0.47161  2.73449e+010  -53.8756  101.868  47.9921  
-0.4165  0.473562  2.74581e+010  -52.2973  102.289  49.9921  
-0.417  0.475556  2.75737e+010  -51.728  102.72  50.9921  
-0.4175  0.477591  2.76917e+010  -52.1674  103.16  50.9921  
-0.418  0.479664  2.78119e+010  -52.6154  103.608  50.9921  
-0.4185  0.481776  2.79344e+010  -53.0715  104.064  50.9921  
-0.419  0.483924  2.80589e+010  -53.5354  104.528  50.9921  
-0.4195  0.486106  2.81855e+010  -53.0069  104.999  51.9921  
-0.42  0.488323  2.83139e+010  -53.4856  105.478  51.9921  
-0.4205  0.49057  2.84443e+010  -53.9711  105.963  51.9921  
-0.421  0.492848  2.85764e+010  -54.4631  106.455  51.9921  
-0.4215  0.495155  2.87101e+010  -53.9613  106.953  52.9921  
-0.422  0.497488  2.88454e+010  -54.4653  107.457  52.9921  
-0.4225  0.499846  2.89821e+010  -54.9748  107.967  52.992  
-0.423  0.502228  2.91202e+010  -55.4892  108.481  52.992  
-0.4235  0.504632  2.92596e+010  -55.0084  109  53.992  
-0.424  0.507055  2.94001e+010  -55.5319  109.524  53.992  
-0.4245  0.509496  2.95417e+010  -55.0592  110.051  54.992  
-0.425  0.511954  2.96842e+010  -55.5901  110.582  54.992  
-0.4255  0.514427  2.98275e+010  -56.1242  111.116  54.992  
-0.426  0.516912  2.99716e+010  -56.661  111.653  54.992  
-0.4265  0.519408  3.01164e+010  -56.2002  112.192  55.992  
-0.427  0.521914  3.02616e+010  -56.7414  112.733  55.992  
-0.4275  0.524426  3.04073e+010  -57.2842  113.276  55.992  
-0.428  0.526945  3.05534e+010  -57.8282  113.82  55.9919  
-0.4285  0.529467  3.06996e+010  -58.373  114.365  55.9919  
-0.429  0.531992  3.0846e+010  -58.9184  114.91  55.9919  
-0.4295  0.534517  3.09924e+010  -59.4638  115.456  55.9919  
-0.43  0.537041  3.11387e+010  -60.0089  116.001  55.9919  
-0.4305  0.539562  3.12849e+010  -60.5535  116.545  55.9919  
-0.431  0.542078  3.14308e+010  -61.097  117.089  55.9919  
-0.4315  0.544588  3.15764e+010  -60.6392  117.631  56.9919  
-0.432  0.547091  3.17214e+010  -60.1797  118.172  57.9919  
-0.4325  0.549584  3.1866e+010  -60.7183  118.71  57.9918  
-0.433  0.552066  3.20099e+010  -61.2545  119.246  57.9918  
-0.4335  0.554536  3.21532e+010  -61.788  119.78  57.9918  
-0.434  0.556993  3.22956e+010  -62.3187  120.31  57.9918  
-0.4345  0.559434  3.24372e+010  -62.846  120.838  57.9918  
-0.435  0.56186  3.25778e+010  -63.3699  121.362  57.9918  
-0.4355  0.564267  3.27174e+010  -63.8899  121.882  57.9918  
-0.436  0.566655  3.28558e+010  -61.4058  122.398  60.9918  
-0.4365  0.569024  3.29932e+010  -61.9174  122.909  60.9918  
-0.437  0.571371  3.31293e+010  -62.4244  123.416  60.9918  
-0.4375  0.573696  3.32641e+010  -62.9265  123.918  60.9918  
-0.438  0.575997  3.33975e+010  -62.4236  124.415  61.9918  
-0.4385  0.578274  3.35295e+010  -62.9155  124.907  61.9918  
-0.439  0.580526  3.36601e+010  -63.4019  125.394  61.9918  
-0.4395  0.582752  3.37891e+010  -63.8826  125.874  61.9918  
-0.44  0.58495  3.39166e+010  -63.3574  126.349  62.9918  
-0.4405  0.58712  3.40424e+010  -63.8262  126.818  62.9917  
-0.441  0.589262  3.41666e+010  -64.2888  127.281  62.9917  
-0.4415  0.591374  3.42891e+010  -64.7451  127.737  62.9917  
-0.442  0.593456  3.44098e+010  -65.1948  128.187  62.9917  
-0.4425  0.595508  3.45288e+010  -63.6379  128.63  64.9917  
-0.443  0.597528  3.46459e+010  -64.0742  129.066  64.9917  
-0.4435  0.599516  3.47612e+010  -64.5037  129.495  64.9917  
-0.444  0.601472  3.48746e+010  -64.9262  129.918  64.9917  
-0.4445  0.603395  3.49861e+010  -65.3416  130.333  64.9917  
-0.445  0.605285  3.50957e+010  -65.7498  130.742  64.9917  
-0.4455  0.607141  3.52033e+010  -66.1508  131.142  64.9917  
-0.446  0.608964  3.5309e+010  -66.5444  131.536  64.9917  
-0.4465  0.610752  3.54126e+010  -66.9307  131.922  64.9917  
-0.447  0.612506  3.55143e+010  -65.3095  132.301  66.9917  
-0.4475  0.614225  3.5614e+010  -65.6809  132.673  66.9917  
-0.448  0.615909  3.57117e+010  -65.0447  133.036  67.9917  
-0.4485  0.617559  3.58073e+010  -65.401  133.393  67.9917  
-0.449  0.619174  3.5901e+010  -65.7498  133.742  67.9917  
-0.4495  0.620753  3.59926e+010  -64.091  134.083  69.9917  
-0.45  0.622298  3.60821e+010  -63.4246  134.416  70.9917  
-0.4505  0.623807  3.61696e+010  -62.7507  134.742  71.9917  
-0.451  0.625282  3.62551e+010  -61.0692  135.061  73.9917  
-0.4515  0.626722  3.63386e+010  -61.3802  135.372  73.9917  
-0.452  0.628127  3.64201e+010  -60.6838  135.675  74.9917  
-0.4525  0.629498  3.64996e+010  -59.9798  135.972  75.9917  
-0.453  0.630834  3.65771e+010  -59.2684  136.26  76.9917  
-0.4535  0.632136  3.66526e+010  -56.5497  136.541  79.9917  
-0.454  0.633404  3.67261e+010  -55.8236  136.815  80.9917  
-0.4545  0.634639  3.67977e+010  -53.0902  137.082  83.9917  
-0.455  0.63584  3.68673e+010  -51.3497  137.341  85.9917  
-0.4555  0.637008  3.69351e+010  -51.602  137.594  85.9917  
-0.456  0.638144  3.70009e+010  -51.8473  137.839  85.9918  
-0.4565  0.639247  3.70648e+010  -51.0856  138.077  86.9918  
-0.457  0.640318  3.71269e+010  -51.3169  138.309  86.9918  
-0.4575  0.641357  3.71872e+010  -51.5413  138.533  86.9918  
-0.458  0.642364  3.72456e+010  -50.7589  138.751  87.9918  
-0.4585  0.64334  3.73022e+010  -50.9697  138.961  87.9918  
-0.459  0.644285  3.7357e+010  -51.1738  139.166  87.9918  
-0.4595  0.6452  3.741e+010  -51.3714  139.363  87.9918  
-0.46  0.646084  3.74613e+010  -51.5624  139.554  87.9918  
-0.4605  0.646938  3.75108e+010  -50.7469  139.739  88.9918  
-0.461  0.647763  3.75586e+010  -50.925  139.917  88.9918  
-0.4615  0.648558  3.76048e+010  -51.0969  140.089  88.9918  
-0.462  0.649325  3.76492e+010  -51.2624  140.254  88.9918  
-0.4625  0.650063  3.7692e+010  -51.4219  140.414  88.9918  
-0.463  0.650773  3.77332e+010  -51.5753  140.567  88.9918  
-0.4635  0.651456  3.77727e+010  -49.7227  140.714  90.9918  
-0.464  0.652111  3.78107e+010  -49.8642  140.856  90.9918  
-0.4645  0.652739  3.78472e+010  -49.9999  140.992  90.9918  
-0.465  0.653342  3.78821e+010  -46.13  141.122  94.9918  
-0.4655  0.653918  3.79155e+010  -45.2545  141.246  95.9918  
-0.466  0.65447  3.79475e+010  -44.3736  141.365  96.9918  
-0.4665  0.654996  3.7978e+010  -44.4874  141.479  96.9918  
-0.467  0.655499  3.80072e+010  -43.596  141.588  97.9918  
-0.4675  0.655978  3.8035e+010  -42.6994  141.691  98.9918  
-0.468  0.656434  3.80614e+010  -42.7978  141.79  98.9918  
-0.4685  0.656866  3.80865e+010  -41.8913  141.883  99.9918  
-0.469  0.657277  3.81103e+010  -40.98  141.972  100.992  
-0.4695  0.657665  3.81328e+010  -40.0639  142.056  101.992  
-0.47  0.658033  3.81541e+010  -39.1432  142.135  102.992  
-0.4705  0.658379  3.81742e+010  -38.2181  142.21  103.992  
-0.471  0.658706  3.81931e+010  -38.2885  142.28  103.992  
-0.4715  0.659012  3.82109e+010  -37.3547  142.347  104.992  
-0.472  0.659299  3.82275e+010  -36.4167  142.409  105.992  
-0.4725  0.659567  3.8243e+010  -35.4746  142.466  106.992  
-0.473  0.659817  3.82575e+010  -33.5285  142.52  108.992  
-0.4735  0.660049  3.8271e+010  -31.5787  142.571  110.992  
-0.474  0.660264  3.82835e+010  -30.6251  142.617  111.992  
-0.4745  0.660462  3.8295e+010  -30.668  142.66  111.992  
-0.475  0.660645  3.83056e+010  -28.7075  142.699  113.992  
-0.4755  0.660812  3.83153e+010  -26.7436  142.735  115.992  
-0.476  0.660965  3.83241e+010  -25.7766  142.768  116.992  
-0.4765  0.661104  3.83322e+010  -25.8065  142.798  116.992  
-0.477  0.661229  3.83394e+010  -23.8335  142.825  118.992  
-0.4775  0.661341  3.83459e+010  -21.8577  142.85  120.992  
-0.478  0.661441  3.83517e+010  -16.8794  142.871  125.992  
-0.4785  0.661531  3.83569e+010  -15.8988  142.891  126.992  
-0.479  0.661611  3.83616e+010  -14.916  142.908  127.992  
-0.4795  0.661681  3.83657e+010  -13.9313  142.923  128.992  
-0.48  0.661743  3.83692e+010  -12.9446  142.936  129.992  
-0.4805  0.661796  3.83723e+010  -11.956  142.948  130.992  
-0.481  0.661842  3.83749e+010  -9.96585  142.958  132.992  
-0.4815  0.66188  3.83772e+010  -9.97414  142.966  132.992  
-0.482  0.661912  3.8379e+010  -7.98096  142.973  134.992  
-0.4825  0.661937  3.83805e+010  -5.98654  142.978  136.992  
-0.483  0.661959  3.83817e+010  -5.99109  142.983  136.992  
-0.4835  0.661975  3.83827e+010  -5.99465  142.987  136.992  
-0.484  0.661987  3.83834e+010  -5.99726  142.989  136.992  
-0.4845  0.661995  3.83838e+010  -5.99894  142.991  136.992  
-0.485  0.661999  3.83841e+010  -4.99979  142.992  137.992  
-0.4855  0.662  3.83841e+010  -0.999987  142.992  141.992  
-0.486  0.662  3.83841e+010  0  142.992  142.992  
-0.4865  0.662  3.83841e+010  0  142.992  142.992  
-0.487  0.662  3.83841e+010  0  142.992  142.992  
-0.4875  0.662  3.83841e+010  0  142.992  142.992  
-0.488  0.662  3.83841e+010  0  142.992  142.992  
-0.4885  0.662  3.83841e+010  0  142.992  142.992  
-0.489  0.662  3.83841e+010  0  142.992  142.992  
-0.4895  0.662  3.83841e+010  0  142.992  142.992  
-0.49  0.662  3.83841e+010  0  142.992  142.992  
-0.4905  0.662  3.83841e+010  0  142.992  142.992  
-0.491  0.662  3.83841e+010  0  142.992  142.992  
-0.4915  0.662  3.83841e+010  0  142.992  142.992  
-0.492  0.662  3.83841e+010  0  142.992  142.992  
-0.4925  0.662  3.83841e+010  0  142.992  142.992  
-0.493  0.662  3.83841e+010  0  142.992  142.992  
-0.4935  0.662  3.83841e+010  0  142.992  142.992  
-0.494  0.662  3.83841e+010  0  142.992  142.992  
-0.4945  0.662  3.83841e+010  0  142.992  142.992  
-0.495  0.662  3.83841e+010  0  142.992  142.992  
-0.4955  0.662  3.83841e+010  0  142.992  142.992  
-0.496  0.662  3.83841e+010  0  142.992  142.992  
-0.4965  0.662  3.83841e+010  0  142.992  142.992  
-0.497  0.662  3.83841e+010  0  142.992  142.992  
-0.4975  0.662  3.83841e+010  0  142.992  142.992  
-0.498  0.662  3.83841e+010  0  142.992  142.992  
-0.4985  0.662  3.83841e+010  0  142.992  142.992  
-0.499  0.662  3.83841e+010  0  142.992  142.992  
-0.4995  0.662  3.83841e+010  0  142.992  142.992  
