0  0.661999  3.83841e+010  0  142.992  142.992  
0.0005  0.661999  3.83841e+010  0  142.992  142.992  
0.001  0.661999  3.83841e+010  0  142.992  142.992  
0.0015  0.661999  3.83841e+010  0  142.992  142.992  
0.002  0.661999  3.83841e+010  0  142.992  142.992  
0.0025  0.661999  3.83841e+010  0  142.992  142.992  
0.003  0.661999  3.83841e+010  0  142.992  142.992  
0.0035  0.661999  3.83841e+010  0  142.992  142.992  
0.004  0.661999  3.83841e+010  0  142.992  142.992  
0.0045  0.661999  3.83841e+010  0  142.992  142.992  
0.005  0.661999  3.83841e+010  0  142.992  142.992  
0.0055  0.661999  3.83841e+010  0  142.992  142.992  
0.006  0.661999  3.83841e+010  0  142.992  142.992  
0.0065  0.661999  3.83841e+010  0  142.992  142.992  
0.007  0.661999  3.83841e+010  0  142.992  142.992  
0.0075  0.661999  3.83841e+010  0  142.992  142.992  
0.008  0.661999  3.83841e+010  0  142.992  142.992  
0.0085  0.661999  3.83841e+010  0  142.992  142.992  
0.009  0.661999  3.83841e+010  0  142.992  142.992  
0.0095  0.661999  3.83841e+010  0  142.992  142.992  
0.01  0.661999  3.83841e+010  0  142.992  142.992  
0.0105  0.661999  3.83841e+010  0  142.992  142.992  
0.011  0.661999  3.83841e+010  0  142.992  142.992  
0.0115  0.661999  3.83841e+010  0  142.992  142.992  
0.012  0.661999  3.83841e+010  0  142.992  142.992  
0.0125  0.661999  3.83841e+010  0  142.992  142.992  
0.013  0.661999  3.83841e+010  -1.99993  142.992  140.992  
0.0135  0.661998  3.8384e+010  -3.99953  142.991  138.992  
0.014  0.661994  3.83838e+010  -3.99856  142.991  138.992  
0.0145  0.661987  3.83834e+010  -4.99693  142.989  137.992  
0.015  0.661977  3.83828e+010  -5.99445  142.987  136.993  
0.0155  0.661962  3.83819e+010  -5.99103  142.984  136.993  
0.016  0.661943  3.83808e+010  -6.98663  142.98  135.993  
0.0165  0.661919  3.83794e+010  -7.98116  142.974  134.993  
0.017  0.661889  3.83777e+010  -8.97442  142.968  133.994  
0.0175  0.661853  3.83756e+010  -8.9663  142.96  133.994  
0.018  0.661811  3.83732e+010  -10.9568  142.951  131.994  
0.0185  0.661761  3.83703e+010  -10.9456  142.94  131.995  
0.019  0.661704  3.8367e+010  -11.9328  142.928  130.995  
0.0195  0.661639  3.83632e+010  -13.9182  142.914  128.996  
0.02  0.661564  3.83589e+010  -13.9017  142.898  128.996  
0.0205  0.661481  3.8354e+010  -15.8831  142.88  126.997  
0.021  0.661388  3.83486e+010  -19.8624  142.86  122.997  
0.0215  0.661283  3.83426e+010  -22.8392  142.837  119.998  
0.022  0.661167  3.83358e+010  -22.8132  142.812  119.999  
0.0225  0.661037  3.83283e+010  -23.7845  142.784  119  
0.023  0.660894  3.832e+010  -25.7529  142.753  117  
0.0235  0.660737  3.83109e+010  -26.7182  142.719  116.001  
0.024  0.660566  3.8301e+010  -29.6802  142.682  113.002  
0.0245  0.660379  3.82901e+010  -31.6389  142.642  111.003  
0.025  0.660176  3.82784e+010  -31.5941  142.598  111.004  
0.0255  0.659956  3.82656e+010  -33.5456  142.551  109.005  
0.026  0.659719  3.82519e+010  -33.4933  142.499  109.006  
0.0265  0.659464  3.82371e+010  -34.4371  142.444  108.007  
0.027  0.65919  3.82212e+010  -34.377  142.385  108.008  
0.0275  0.658898  3.82043e+010  -35.3128  142.322  107.009  
0.028  0.658587  3.81862e+010  -36.2445  142.255  106.01  
0.0285  0.658256  3.81671e+010  -38.1719  142.183  104.012  
0.029  0.657905  3.81467e+010  -39.0948  142.108  103.013  
0.0295  0.657533  3.81251e+010  -39.0132  142.027  103.014  
0.03  0.65714  3.81023e+010  -39.927  141.942  102.015  
0.0305  0.656725  3.80783e+010  -39.836  141.853  102.017  
0.031  0.656288  3.80529e+010  -41.7403  141.758  100.018  
0.0315  0.655828  3.80262e+010  -41.6396  141.659  100.019  
0.032  0.655345  3.79982e+010  -42.5338  141.554  99.0206  
0.0325  0.654838  3.79689e+010  -42.423  141.445  99.022  
0.033  0.654307  3.79381e+010  -43.3069  141.33  98.0235  
0.0335  0.653752  3.79059e+010  -43.1854  141.21  98.025  
0.034  0.653171  3.78722e+010  -45.0586  141.085  96.0265  
0.0345  0.652566  3.78371e+010  -47.9262  140.954  93.028  
0.035  0.651934  3.78004e+010  -48.7881  140.818  92.0296  
0.0355  0.651275  3.77623e+010  -49.6441  140.675  91.0312  
0.036  0.650589  3.77225e+010  -49.4943  140.527  91.0328  
0.0365  0.649875  3.76811e+010  -51.3385  140.373  89.0345  
0.037  0.649133  3.76381e+010  -51.1766  140.213  89.0362  
0.0375  0.648363  3.75934e+010  -51.0085  140.046  89.0379  
0.038  0.647564  3.75471e+010  -50.8342  139.874  89.0396  
0.0385  0.646736  3.74991e+010  -50.6535  139.695  89.0414  
0.039  0.645878  3.74493e+010  -50.4664  139.51  89.0431  
0.0395  0.64499  3.73978e+010  -51.2729  139.318  88.0449  
0.04  0.644072  3.73446e+010  -51.0727  139.119  88.0467  
0.0405  0.643123  3.72896e+010  -50.866  138.915  88.0485  
0.041  0.642143  3.72328e+010  -50.6525  138.703  88.0503  
0.0415  0.641132  3.71741e+010  -51.4323  138.484  87.0522  
0.042  0.640089  3.71137e+010  -51.2052  138.259  87.054  
0.0425  0.639014  3.70514e+010  -51.9713  138.027  86.0558  
0.043  0.637908  3.69872e+010  -52.7304  137.788  85.0577  
0.0435  0.636768  3.69211e+010  -52.4824  137.542  85.0596  
0.044  0.635596  3.68532e+010  -52.2274  137.289  85.0615  
0.0445  0.634391  3.67833e+010  -54.9652  137.029  82.0634  
0.045  0.633153  3.67115e+010  -54.6958  136.761  82.0653  
0.0455  0.631882  3.66378e+010  -58.4192  136.486  78.0672  
0.046  0.630576  3.65621e+010  -59.1353  136.204  77.0692  
0.0465  0.629237  3.64844e+010  -58.844  135.915  77.0712  
0.047  0.627863  3.64048e+010  -59.5453  135.618  76.0731  
0.0475  0.626455  3.63231e+010  -59.2392  135.314  76.0751  
0.048  0.625012  3.62395e+010  -58.9256  135.003  76.077  
0.0485  0.623535  3.61538e+010  -60.6046  134.684  74.0789  
0.049  0.622023  3.60662e+010  -64.2762  134.357  70.0809  
0.0495  0.620477  3.59765e+010  -64.9402  134.023  69.0829  
0.05  0.618896  3.58849e+010  -64.5967  133.682  69.0848  
0.0505  0.61728  3.57912e+010  -64.2457  133.332  69.0867  
0.051  0.615629  3.56955e+010  -65.8873  132.976  67.0886  
0.0515  0.613944  3.55977e+010  -65.5214  132.612  67.0905  
0.052  0.612224  3.5498e+010  -65.1481  132.24  67.0924  
0.0525  0.610471  3.53963e+010  -65.7674  131.862  66.0942  
0.053  0.608682  3.52927e+010  -65.3794  131.475  66.0961  
0.0535  0.606861  3.5187e+010  -64.9841  131.082  66.0978  
0.054  0.605005  3.50794e+010  -64.5816  130.681  66.0995  
0.0545  0.603117  3.49699e+010  -64.172  130.273  66.1012  
0.055  0.601195  3.48585e+010  -63.7553  129.858  66.1029  
0.0555  0.599242  3.47453e+010  -63.3318  129.436  66.1044  
0.056  0.597256  3.46301e+010  -62.9014  129.007  66.106  
0.0565  0.595239  3.45132e+010  -63.4642  128.572  65.1074  
0.057  0.593192  3.43945e+010  -63.0205  128.129  65.1089  
0.0575  0.591114  3.4274e+010  -62.5704  127.681  65.1102  
0.058  0.589006  3.41518e+010  -63.1139  127.225  64.1115  
0.0585  0.58687  3.40279e+010  -63.6512  126.764  63.1128  
0.059  0.584706  3.39024e+010  -63.1825  126.296  63.1139  
0.0595  0.582514  3.37754e+010  -62.708  125.823  63.115  
0.06  0.580296  3.36467e+010  -64.2279  125.344  61.116  
0.0605  0.578052  3.35166e+010  -63.7422  124.859  61.117  
0.061  0.575783  3.33851e+010  -63.2514  124.369  61.1178  
0.0615  0.573491  3.32522e+010  -62.7554  123.874  61.1186  
0.062  0.571175  3.31179e+010  -62.2547  123.374  61.1192  
0.0625  0.568838  3.29824e+010  -61.7493  122.869  61.1198  
0.063  0.566481  3.28457e+010  -62.2396  122.36  60.1203  
0.0635  0.564104  3.27079e+010  -62.7258  121.846  59.1206  
0.064  0.561709  3.2569e+010  -62.2082  121.329  59.1209  
0.0645  0.559297  3.24292e+010  -61.6871  120.808  59.1211  
0.065  0.556869  3.22884e+010  -61.1626  120.284  59.1211  
0.0655  0.554427  3.21468e+010  -61.6352  119.756  58.1211  
0.066  0.551972  3.20045e+010  -62.1051  119.226  57.1209  
0.0665  0.549506  3.18615e+010  -61.5727  118.693  57.1206  
0.067  0.54703  3.17179e+010  -61.0382  118.158  57.1202  
0.0675  0.544545  3.15738e+010  -60.5019  117.622  57.1197  
0.068  0.542053  3.14293e+010  -59.9643  117.083  57.119  
0.0685  0.539555  3.12845e+010  -60.4256  116.544  56.1182  
0.069  0.537054  3.11395e+010  -60.8863  116.004  55.1173  
0.0695  0.53455  3.09943e+010  -60.3465  115.463  55.1163  
0.07  0.532046  3.08491e+010  -59.8068  114.922  55.1151  
0.0705  0.529542  3.0704e+010  -59.2674  114.381  55.1137  
0.071  0.527042  3.0559e+010  -58.7288  113.841  55.1123  
0.0715  0.524546  3.04142e+010  -58.1912  113.302  55.1106  
0.072  0.522056  3.02699e+010  -57.6552  112.764  55.1089  
0.0725  0.519574  3.0126e+010  -57.121  112.228  55.107  
0.073  0.517102  2.99826e+010  -56.5891  111.694  55.1049  
0.0735  0.514641  2.984e+010  -56.0597  111.163  55.1028  
0.074  0.512194  2.9698e+010  -55.5334  110.634  55.1004  
0.0745  0.509761  2.9557e+010  -56.0105  110.108  54.098  
0.075  0.507346  2.94169e+010  -56.4913  109.587  53.0954  
0.0755  0.504948  2.92779e+010  -55.9762  109.069  53.0926  
0.076  0.502571  2.91401e+010  -55.4656  108.555  53.0897  
0.0765  0.500216  2.90036e+010  -54.9599  108.047  53.0867  
0.077  0.497884  2.88684e+010  -54.4595  107.543  53.0836  
0.0775  0.495578  2.87346e+010  -54.9646  107.045  52.0803  
0.078  0.493299  2.86025e+010  -54.4757  106.553  52.0769  
0.0785  0.491048  2.8472e+010  -53.993  106.066  52.0733  
0.079  0.488827  2.83432e+010  -53.517  105.587  52.0697  
0.0795  0.486638  2.82163e+010  -54.048  105.114  51.0659  
0.08  0.484483  2.80913e+010  -53.5863  104.648  51.062  
0.0805  0.482362  2.79683e+010  -53.1322  104.19  51.058  
0.081  0.480277  2.78475e+010  -53.686  103.74  50.0539  
0.0815  0.47823  2.77288e+010  -53.248  103.298  50.0497  
0.082  0.476222  2.76123e+010  -52.8185  102.864  50.0454  
0.0825  0.474254  2.74982e+010  -53.3978  102.439  49.041  
0.083  0.472327  2.73865e+010  -52.9861  102.023  49.0366  
0.0835  0.470443  2.72772e+010  -52.5836  101.616  49.032  
0.084  0.468602  2.71705e+010  -52.1907  101.218  49.0274  
0.0845  0.466806  2.70664e+010  -52.8075  100.83  48.0227  
0.085  0.465056  2.69649e+010  -52.4342  100.452  48.0179  
0.0855  0.463353  2.68661e+010  -53.0711  100.084  47.0131  
0.086  0.461697  2.67701e+010  -52.7183  99.7265  47.0082  
0.0865  0.460089  2.66769e+010  -53.376  99.3792  46.0032  
0.087  0.45853  2.65865e+010  -53.0443  99.0425  45.9982  
0.0875  0.457021  2.6499e+010  -52.7234  98.7166  45.9932  
0.088  0.455563  2.64145e+010  -52.4134  98.4015  45.9881  
0.0885  0.454155  2.63328e+010  -52.1144  98.0974  45.983  
0.089  0.452798  2.62542e+010  -51.8266  97.8044  45.9779  
0.0895  0.451494  2.61785e+010  -51.5499  97.5226  45.9727  
0.09  0.450241  2.61059e+010  -52.2845  97.252  44.9675  
0.0905  0.449041  2.60363e+010  -52.0304  96.9928  44.9623  
0.091  0.447893  2.59698e+010  -51.7878  96.7449  44.9571  
0.0915  0.446798  2.59063e+010  -52.5565  96.5084  43.9519  
0.092  0.445756  2.58459e+010  -52.3366  96.2833  43.9468  
0.0925  0.444767  2.57885e+010  -52.1281  96.0697  43.9416  
0.093  0.443831  2.57342e+010  -51.9309  95.8674  43.9365  
0.0935  0.442947  2.5683e+010  -52.7452  95.6765  42.9313  
0.094  0.442116  2.56348e+010  -52.5707  95.497  42.9263  
0.0945  0.441337  2.55896e+010  -52.4076  95.3287  42.9212  
0.095  0.44061  2.55475e+010  -52.2556  95.1717  42.9161  
0.0955  0.439935  2.55083e+010  -52.1148  95.0259  42.9111  
0.096  0.439311  2.54722e+010  -52.985  94.8912  41.9062  
0.0965  0.438738  2.5439e+010  -52.8662  94.7675  41.9013  
0.097  0.438216  2.54087e+010  -52.7583  94.6547  41.8964  
0.0975  0.437744  2.53813e+010  -52.6611  94.5527  41.8916  
0.098  0.437321  2.53568e+010  -52.5746  94.4614  41.8868  
0.0985  0.436948  2.53351e+010  -52.4985  94.3807  41.8821  
0.099  0.436622  2.53162e+010  -52.4329  94.3104  41.8775  
0.0995  0.436344  2.53001e+010  -52.3774  94.2504  41.8729  
0.1  0.436113  2.52868e+010  -52.3321  94.2005  41.8684  
0.1005  0.435929  2.5276e+010  -52.2967  94.1606  41.864  
0.101  0.43579  2.5268e+010  -52.271  94.1306  41.8596  
0.1015  0.435695  2.52625e+010  -52.2549  94.1102  41.8553  
0.102  0.435645  2.52596e+010  -52.2483  94.0993  41.8511  
0.1025  0.435638  2.52592e+010  -52.2509  94.0978  41.8469  
0.103  0.435673  2.52612e+010  -52.2625  94.1054  41.8428  
0.1035  0.435749  2.52657e+010  -52.283  94.1219  41.8388  
0.104  0.435867  2.52724e+010  -53.3122  94.1472  40.835  
0.1045  0.436023  2.52815e+010  -53.3498  94.181  40.8311  
0.105  0.436218  2.52928e+010  -55.3956  94.2231  38.8274  
0.1055  0.43645  2.53063e+010  -55.4494  94.2732  38.8238  
0.106  0.436719  2.53218e+010  -55.5109  94.3312  38.8203  
0.1065  0.437022  2.53395e+010  -55.5799  94.3968  38.8169  
0.107  0.43736  2.53591e+010  -56.6562  94.4698  37.8136  
0.1075  0.437732  2.53806e+010  -56.7396  94.55  37.8104  
0.108  0.438135  2.5404e+010  -56.8299  94.6372  37.8072  
0.1085  0.43857  2.54292e+010  -56.9269  94.7311  37.8042  
0.109  0.439035  2.54561e+010  -58.0302  94.8315  36.8013  
0.1095  0.439529  2.54848e+010  -58.1398  94.9382  36.7984  
0.11  0.440051  2.55151e+010  -58.2554  95.0511  36.7956  
0.1105  0.440601  2.55469e+010  -58.3768  95.1698  36.793  
0.111  0.441176  2.55803e+010  -58.5037  95.2941  36.7904  
0.1115  0.441777  2.56152e+010  -58.636  95.4239  36.7879  
0.112  0.442402  2.56514e+010  -58.7734  95.5589  36.7855  
0.1125  0.44305  2.5689e+010  -58.9157  95.6989  36.7832  
0.113  0.443721  2.57278e+010  -59.0627  95.8437  36.781  
0.1135  0.444412  2.57679e+010  -59.2141  95.993  36.7789  
0.114  0.445124  2.58092e+010  -60.3699  96.1468  35.7769  
0.1145  0.445855  2.58516e+010  -60.5297  96.3046  35.7749  
0.115  0.446604  2.5895e+010  -61.6933  96.4664  34.7731  
0.1155  0.44737  2.59394e+010  -61.8606  96.6319  34.7714  
0.116  0.448152  2.59848e+010  -62.0312  96.8009  34.7697  
0.1165  0.44895  2.6031e+010  -62.2051  96.9732  34.7681  
0.117  0.449762  2.60781e+010  -62.3819  97.1486  34.7667  
0.1175  0.450587  2.6126e+010  -62.5616  97.3269  34.7653  
0.118  0.451425  2.61746e+010  -62.7439  97.5078  34.764  
0.1185  0.452274  2.62238e+010  -62.9285  97.6913  34.7627  
0.119  0.453134  2.62737e+010  -63.1154  97.877  34.7616  
0.1195  0.454004  2.63241e+010  -63.3043  98.0648  34.7605  
0.12  0.454882  2.6375e+010  -63.495  98.2545  34.7595  
0.1205  0.455768  2.64264e+010  -63.6873  98.446  34.7586  
0.121  0.456662  2.64782e+010  -63.8811  98.6389  34.7578  
0.1215  0.457561  2.65303e+010  -64.0762  98.8332  34.7571  
0.122  0.458466  2.65828e+010  -66.2723  99.0287  32.7564  
0.1225  0.459376  2.66356e+010  -66.4693  99.2252  32.7558  
0.123  0.460289  2.66885e+010  -66.6671  99.4224  32.7553  
0.1235  0.461205  2.67416e+010  -66.8654  99.6203  32.7549  
0.124  0.462124  2.67949e+010  -68.0641  99.8187  31.7546  
0.1245  0.463043  2.68482e+010  -68.2631  100.017  31.7543  
0.125  0.463963  2.69016e+010  -69.462  100.216  30.7541  
0.1255  0.464884  2.69549e+010  -69.6609  100.415  30.754  
0.126  0.465803  2.70082e+010  -69.8595  100.613  30.7539  
0.1265  0.46672  2.70614e+010  -71.0576  100.811  29.7539  
0.127  0.467634  2.71144e+010  -72.255  101.009  28.754  
0.1275  0.468546  2.71672e+010  -72.4517  101.206  28.7542  
0.128  0.469453  2.72198e+010  -72.6474  101.402  28.7544  
0.1285  0.470355  2.72721e+010  -73.8419  101.597  27.7547  
0.129  0.471251  2.73241e+010  -74.0352  101.79  27.755  
0.1295  0.472141  2.73757e+010  -74.227  101.983  27.7555  
0.13  0.473024  2.74269e+010  -75.4173  102.173  26.756  
0.1305  0.4739  2.74777e+010  -75.6059  102.362  26.7565  
0.131  0.474767  2.7528e+010  -75.7925  102.55  26.7572  
0.1315  0.475625  2.75777e+010  -75.9772  102.735  26.7578  
0.132  0.476474  2.76269e+010  -77.1597  102.918  25.7586  
0.1325  0.477312  2.76755e+010  -77.34  103.099  25.7594  
0.133  0.478139  2.77235e+010  -77.5178  103.278  25.7602  
0.1335  0.478955  2.77708e+010  -77.6932  103.454  25.7611  
0.134  0.479759  2.78174e+010  -77.8659  103.628  25.762  
0.1345  0.480551  2.78633e+010  -78.0359  103.799  25.763  
0.135  0.481329  2.79085e+010  -78.2031  103.967  25.7641  
0.1355  0.482095  2.79528e+010  -78.3673  104.132  25.7651  
0.136  0.482846  2.79964e+010  -78.5286  104.295  25.7663  
0.1365  0.483584  2.80392e+010  -79.6867  104.454  24.7674  
0.137  0.484306  2.80811e+010  -79.8415  104.61  24.7686  
0.1375  0.485014  2.81221e+010  -79.9931  104.763  24.7699  
0.138  0.485705  2.81622e+010  -82.1412  104.912  22.7711  
0.1385  0.486381  2.82014e+010  -82.2858  105.058  22.7725  
0.139  0.48704  2.82396e+010  -82.4268  105.201  22.7738  
0.1395  0.487682  2.82768e+010  -82.5641  105.339  22.7752  
0.14  0.488307  2.8313e+010  -82.6975  105.474  22.7767  
0.1405  0.488914  2.83482e+010  -82.8272  105.605  22.7781  
0.141  0.489503  2.83824e+010  -82.953  105.733  22.7796  
0.1415  0.490074  2.84155e+010  -83.0748  105.856  22.7811  
0.142  0.490626  2.84475e+010  -83.1926  105.975  22.7826  
0.1425  0.49116  2.84785e+010  -83.3063  106.091  22.7842  
0.143  0.491675  2.85083e+010  -83.416  106.202  22.7858  
0.1435  0.492171  2.85371e+010  -83.5215  106.309  22.7874  
0.144  0.492648  2.85647e+010  -83.6229  106.412  22.789  
0.1445  0.493105  2.85912e+010  -84.7201  106.511  21.7906  
0.145  0.493543  2.86166e+010  -84.813  106.605  21.7922  
0.1455  0.493961  2.86409e+010  -84.9017  106.696  21.7939  
0.146  0.49436  2.8664e+010  -84.9862  106.782  21.7955  
0.1465  0.494739  2.8686e+010  -85.0664  106.864  21.7972  
0.147  0.495098  2.87068e+010  -85.1422  106.941  21.7989  
0.1475  0.495437  2.87265e+010  -85.2139  107.014  21.8005  
0.148  0.495757  2.8745e+010  -85.2812  107.083  21.8022  
0.1485  0.496056  2.87624e+010  -85.3442  107.148  21.8039  
0.149  0.496336  2.87786e+010  -85.4031  107.209  21.8056  
0.1495  0.496597  2.87937e+010  -85.4576  107.265  21.8072  
0.15  0.496837  2.88077e+010  -85.5079  107.317  21.8089  
0.1505  0.497059  2.88205e+010  -84.5542  107.365  22.8105  
0.151  0.497262  2.88323e+010  -84.5964  107.409  22.8122  
0.1515  0.497446  2.88429e+010  -86.6346  107.448  20.8138  
0.152  0.497612  2.88526e+010  -88.6688  107.484  18.8154  
0.1525  0.497759  2.88611e+010  -88.699  107.516  18.817  
0.153  0.497888  2.88686e+010  -88.7253  107.544  18.8186  
0.1535  0.497999  2.8875e+010  -89.7476  107.568  17.8202  
0.154  0.498091  2.88804e+010  -89.7659  107.588  17.8218  
0.1545  0.498166  2.88847e+010  -89.7805  107.604  17.8234  
0.155  0.498223  2.8888e+010  -89.7912  107.616  17.8249  
0.1555  0.498262  2.88903e+010  -90.7981  107.625  16.8265  
0.156  0.498284  2.88915e+010  -89.8015  107.629  17.8279  
0.1565  0.49829  2.88919e+010  -88.8013  107.631  18.8294  
0.157  0.49828  2.88913e+010  -88.7977  107.629  18.8308  
0.1575  0.498255  2.88899e+010  -87.791  107.623  19.8322  
0.158  0.498216  2.88876e+010  -87.7812  107.615  19.8335  
0.1585  0.498163  2.88845e+010  -87.7684  107.603  19.8348  
0.159  0.498096  2.88806e+010  -87.7527  107.589  19.836  
0.1595  0.498016  2.8876e+010  -87.7342  107.572  19.8373  
0.16  0.497924  2.88706e+010  -87.713  107.552  19.8385  
0.1605  0.497819  2.88646e+010  -87.6892  107.529  19.8397  
0.161  0.497702  2.88578e+010  -87.6628  107.504  19.8408  
0.1615  0.497574  2.88503e+010  -86.634  107.476  20.8419  
0.162  0.497435  2.88423e+010  -86.603  107.446  20.8429  
0.1625  0.497286  2.88337e+010  -86.5698  107.414  20.8439  
0.163  0.497127  2.88245e+010  -86.5346  107.38  20.8449  
0.1635  0.49696  2.88148e+010  -85.4975  107.343  21.8458  
0.164  0.496784  2.88046e+010  -85.4587  107.305  21.8467  
0.1645  0.496601  2.87939e+010  -85.4183  107.266  21.8475  
0.165  0.49641  2.87829e+010  -85.3764  107.225  21.8483  
0.1655  0.496213  2.87715e+010  -85.333  107.182  21.849  
0.166  0.49601  2.87597e+010  -85.2884  107.138  21.8498  
0.1665  0.495801  2.87476e+010  -86.2426  107.093  20.8504  
0.167  0.495586  2.87351e+010  -86.1956  107.047  20.8511  
0.1675  0.495367  2.87224e+010  -86.1475  106.999  20.8517  
0.168  0.495142  2.87094e+010  -86.0984  106.951  20.8523  
0.1685  0.494913  2.86961e+010  -86.0484  106.901  20.8529  
0.169  0.494681  2.86826e+010  -86.9976  106.851  19.8534  
0.1695  0.494444  2.86689e+010  -87.946  106.8  18.8539  
0.17  0.494204  2.8655e+010  -87.8936  106.748  18.8544  
0.1705  0.493961  2.86408e+010  -87.8406  106.695  18.8548  
0.171  0.493715  2.86266e+010  -87.7871  106.642  18.8553  
0.1715  0.493466  2.86122e+010  -87.7331  106.589  18.8556  
0.172  0.493216  2.85977e+010  -87.6788  106.535  18.856  
0.1725  0.492965  2.85831e+010  -86.6242  106.48  19.8563  
0.173  0.492713  2.85685e+010  -86.5694  106.426  19.8565  
0.1735  0.492461  2.85539e+010  -86.5147  106.371  19.8567  
0.174  0.492209  2.85393e+010  -86.4602  106.317  19.8569  
0.1745  0.491958  2.85247e+010  -87.4058  106.263  18.8571  
0.175  0.491708  2.85102e+010  -87.3518  106.209  18.8572  
0.1755  0.49146  2.84959e+010  -87.2981  106.155  18.8573  
0.176  0.491214  2.84816e+010  -87.2449  106.102  18.8573  
0.1765  0.49097  2.84674e+010  -87.1921  106.049  18.8574  
0.177  0.490728  2.84534e+010  -87.1399  105.997  18.8574  
0.1775  0.49049  2.84396e+010  -87.0884  105.946  18.8574  
0.178  0.490254  2.84259e+010  -87.0375  105.895  18.8574  
0.1785  0.490022  2.84125e+010  -86.9874  105.845  18.8573  
0.179  0.489793  2.83992e+010  -85.9381  105.795  19.8572  
0.1795  0.489569  2.83862e+010  -85.8897  105.747  19.8571  
0.18  0.489348  2.83734e+010  -85.8422  105.699  19.857  
0.1805  0.489132  2.83609e+010  -85.7957  105.653  19.8569  
0.181  0.488921  2.83487e+010  -84.7502  105.607  20.8568  
0.1815  0.488715  2.83367e+010  -86.7058  105.562  18.8566  
0.182  0.488514  2.8325e+010  -86.6625  105.519  18.8564  
0.1825  0.488317  2.83137e+010  -87.6203  105.477  17.8562  
0.183  0.488126  2.83026e+010  -88.5791  105.435  16.8561  
0.1835  0.487939  2.82917e+010  -87.539  105.395  17.8559  
0.184  0.487758  2.82812e+010  -87.4999  105.356  17.8558  
0.1845  0.487581  2.82709e+010  -87.4618  105.317  17.8556  
0.185  0.487409  2.8261e+010  -87.4249  105.28  17.8554  
0.1855  0.487242  2.82513e+010  -86.389  105.244  18.8552  
0.186  0.48708  2.82419e+010  -86.3542  105.209  18.855  
0.1865  0.486923  2.82328e+010  -84.3205  105.175  20.8549  
0.187  0.486771  2.8224e+010  -84.2879  105.143  20.8546  
0.1875  0.486625  2.82155e+010  -84.2566  105.111  20.8544  
0.188  0.486484  2.82074e+010  -84.2263  105.081  20.8542  
0.1885  0.486348  2.81995e+010  -84.1972  105.051  20.8541  
0.189  0.486218  2.81919e+010  -84.1692  105.023  20.8539  
0.1895  0.486092  2.81846e+010  -84.1421  104.996  20.8537  
0.19  0.48597  2.81776e+010  -84.116  104.97  20.8536  
0.1905  0.485853  2.81708e+010  -84.0909  104.944  20.8535  
0.191  0.48574  2.81642e+010  -84.0666  104.92  20.8534  
0.1915  0.485631  2.81579e+010  -83.0431  104.896  21.8532  
0.192  0.485526  2.81518e+010  -83.0205  104.874  21.8531  
0.1925  0.485425  2.81459e+010  -82.9987  104.852  21.8531  
0.193  0.485327  2.81402e+010  -82.9776  104.831  21.853  
0.1935  0.485232  2.81347e+010  -82.9572  104.81  21.853  
0.194  0.48514  2.81294e+010  -82.9373  104.79  21.8529  
0.1945  0.485051  2.81242e+010  -83.918  104.771  20.8529  
0.195  0.484964  2.81192e+010  -83.8992  104.752  20.853  
0.1955  0.484879  2.81143e+010  -83.8808  104.734  20.853  
0.196  0.484796  2.81095e+010  -84.8628  104.716  19.8531  
0.1965  0.484714  2.81047e+010  -84.8451  104.698  19.8531  
0.197  0.484634  2.81001e+010  -85.8276  104.681  18.8533  
0.1975  0.484554  2.80954e+010  -85.8102  104.664  18.8534  
0.198  0.484474  2.80908e+010  -85.7928  104.646  18.8536  
0.1985  0.484394  2.80862e+010  -84.7755  104.629  19.8537  
0.199  0.484315  2.80816e+010  -84.7581  104.612  19.8539  
0.1995  0.484235  2.8077e+010  -84.7407  104.595  19.8542  
0.2  0.484155  2.80723e+010  -84.7232  104.578  19.8544  
0.2005  0.484075  2.80677e+010  -84.7055  104.56  19.8546  
0.201  0.483993  2.80629e+010  -84.6877  104.543  19.8549  
0.2015  0.483911  2.80581e+010  -84.6696  104.525  19.8552  
0.202  0.483827  2.80533e+010  -83.6512  104.507  20.8555  
0.2025  0.483742  2.80484e+010  -84.6326  104.488  19.8557  
0.203  0.483656  2.80434e+010  -85.6137  104.47  18.8561  
0.2035  0.483568  2.80383e+010  -85.5943  104.451  18.8564  
0.204  0.483478  2.80331e+010  -85.5745  104.431  18.8568  
0.2045  0.483386  2.80277e+010  -85.5542  104.411  18.8572  
0.205  0.483292  2.80222e+010  -85.5335  104.391  18.8576  
0.2055  0.483195  2.80166e+010  -85.5121  104.37  18.858  
0.206  0.483095  2.80109e+010  -84.4903  104.349  19.8584  
0.2065  0.482993  2.8005e+010  -84.4678  104.327  19.8587  
0.207  0.482889  2.79989e+010  -84.4449  104.304  19.8592  
0.2075  0.482782  2.79927e+010  -84.4213  104.281  19.8596  
0.208  0.482672  2.79863e+010  -83.3972  104.257  20.86  
0.2085  0.48256  2.79798e+010  -83.3725  104.233  20.8604  
0.209  0.482444  2.79731e+010  -84.3471  104.208  19.8608  
0.2095  0.482326  2.79663e+010  -84.3212  104.182  19.8612  
0.21  0.482205  2.79592e+010  -83.2946  104.156  20.8617  
0.2105  0.482081  2.7952e+010  -83.2674  104.129  20.8621  
0.211  0.481954  2.79447e+010  -83.2396  104.102  20.8625  
0.2115  0.481825  2.79372e+010  -83.2113  104.074  20.8629  
0.212  0.481693  2.79296e+010  -83.1825  104.046  20.8633  
0.2125  0.481559  2.79218e+010  -83.1531  104.017  20.8637  
0.213  0.481422  2.79139e+010  -83.1231  103.987  20.8641  
0.2135  0.481283  2.79058e+010  -84.0927  103.957  19.8645  
0.214  0.481142  2.78976e+010  -82.0618  103.927  21.8649  
0.2145  0.480999  2.78893e+010  -82.0305  103.896  21.8653  
0.215  0.480853  2.78809e+010  -81.9987  103.864  21.8656  
0.2155  0.480706  2.78723e+010  -81.9666  103.833  21.866  
0.216  0.480558  2.78637e+010  -82.9341  103.8  20.8663  
0.2165  0.480407  2.7855e+010  -83.9013  103.768  19.8667  
0.217  0.480255  2.78462e+010  -83.8682  103.735  19.867  
0.2175  0.480102  2.78373e+010  -84.8347  103.702  18.8673  
0.218  0.479947  2.78283e+010  -84.8009  103.669  18.8677  
0.2185  0.479791  2.78193e+010  -84.7668  103.635  18.868  
0.219  0.479633  2.78101e+010  -83.7324  103.601  19.8683  
0.2195  0.479474  2.78009e+010  -83.6978  103.566  19.8686  
0.22  0.479314  2.77916e+010  -83.663  103.532  19.8688  
0.2205  0.479153  2.77823e+010  -83.6281  103.497  19.869  
0.221  0.478993  2.7773e+010  -82.5932  103.462  20.8692  
0.2215  0.478832  2.77637e+010  -82.5582  103.428  20.8694  
0.222  0.478671  2.77543e+010  -82.5234  103.393  20.8696  
0.2225  0.478511  2.77451e+010  -82.4887  103.358  20.8697  
0.223  0.478352  2.77358e+010  -82.4542  103.324  20.8698  
0.2235  0.478194  2.77267e+010  -82.4199  103.29  20.8699  
0.224  0.478037  2.77176e+010  -82.3859  103.256  20.87  
0.2245  0.477881  2.77085e+010  -82.3523  103.222  20.8701  
0.225  0.477728  2.76997e+010  -82.3191  103.189  20.8701  
0.2255  0.477577  2.76909e+010  -81.2865  103.157  21.8701  
0.226  0.477428  2.76823e+010  -81.2543  103.124  21.8701  
0.2265  0.477282  2.76738e+010  -81.2229  103.093  21.8701  
0.227  0.477139  2.76655e+010  -81.1921  103.062  21.87  
0.2275  0.477  2.76574e+010  -81.162  103.032  21.8699  
0.228  0.476864  2.76496e+010  -82.1328  103.003  20.8698  
0.2285  0.476732  2.76419e+010  -82.1044  102.974  20.8697  
0.229  0.476604  2.76345e+010  -82.077  102.947  20.8695  
0.2295  0.476481  2.76273e+010  -82.0505  102.92  20.8694  
0.23  0.476362  2.76205e+010  -81.0251  102.894  21.8692  
0.2305  0.476249  2.76139e+010  -81.0008  102.87  21.869  
0.231  0.476141  2.76076e+010  -79.9776  102.846  22.8687  
0.2315  0.476038  2.76017e+010  -79.9558  102.824  22.8685  
0.232  0.475942  2.75961e+010  -79.9352  102.803  22.8682  
0.2325  0.475851  2.75908e+010  -79.916  102.784  22.8679  
0.233  0.475768  2.7586e+010  -79.8983  102.766  22.8676  
0.2335  0.475691  2.75815e+010  -79.882  102.749  22.8672  
0.234  0.475621  2.75775e+010  -79.8673  102.734  22.8669  
0.2345  0.475558  2.75739e+010  -78.8541  102.721  23.8665  
0.235  0.475503  2.75706e+010  -78.8426  102.709  23.8661  
0.2355  0.475455  2.75679e+010  -78.8327  102.698  23.8656  
0.236  0.475416  2.75656e+010  -78.8246  102.69  23.8652  
0.2365  0.475384  2.75637e+010  -78.8182  102.683  23.8647  
0.237  0.475361  2.75624e+010  -78.8136  102.678  23.8643  
0.2375  0.475346  2.75615e+010  -79.8108  102.675  22.8638  
0.238  0.475339  2.75611e+010  -78.8099  102.673  23.8633  
0.2385  0.475341  2.75613e+010  -78.8109  102.674  23.8628  
0.239  0.475352  2.75619e+010  -78.8138  102.676  23.8623  
0.2395  0.475372  2.75631e+010  -78.8186  102.68  23.8618  
0.24  0.475401  2.75647e+010  -78.8254  102.687  23.8613  
0.2405  0.475439  2.75669e+010  -77.8341  102.695  24.8607  
0.241  0.475486  2.75697e+010  -77.8448  102.705  24.8602  
0.2415  0.475543  2.75729e+010  -77.8576  102.717  24.8596  
0.242  0.475608  2.75767e+010  -77.8723  102.731  24.8591  
0.2425  0.475683  2.75811e+010  -77.889  102.748  24.8586  
0.243  0.475767  2.7586e+010  -77.9077  102.766  24.858  
0.2435  0.475861  2.75914e+010  -76.9284  102.786  25.8575  
0.244  0.475963  2.75973e+010  -77.9511  102.808  24.8569  
0.2445  0.476075  2.76038e+010  -77.9757  102.832  24.8564  
0.245  0.476195  2.76108e+010  -78.0023  102.858  24.8559  
0.2455  0.476325  2.76183e+010  -78.0308  102.886  24.8554  
0.246  0.476463  2.76263e+010  -78.0611  102.916  24.8549  
0.2465  0.47661  2.76348e+010  -78.0934  102.948  24.8544  
0.247  0.476766  2.76439e+010  -78.1275  102.981  24.8539  
0.2475  0.47693  2.76534e+010  -79.1635  103.017  23.8535  
0.248  0.477103  2.76634e+010  -79.2013  103.054  23.853  
0.2485  0.477284  2.76739e+010  -79.2408  103.093  23.8526  
0.249  0.477474  2.76849e+010  -79.2821  103.134  23.8522  
0.2495  0.47767  2.76963e+010  -79.325  103.177  23.8518  
0.25  0.477875  2.77082e+010  -79.3695  103.221  23.8514  
0.2505  0.478086  2.77204e+010  -79.4155  103.267  23.8511  
0.251  0.478305  2.77331e+010  -80.463  103.314  22.8508  
0.2515  0.478529  2.77461e+010  -80.5118  103.362  22.8505  
0.252  0.478761  2.77595e+010  -80.562  103.412  22.8503  
0.2525  0.478997  2.77733e+010  -79.6134  103.463  23.85  
0.253  0.47924  2.77873e+010  -79.666  103.516  23.8498  
0.2535  0.479488  2.78017e+010  -79.7197  103.569  23.8496  
0.254  0.47974  2.78163e+010  -79.7745  103.624  23.8495  
0.2545  0.479998  2.78313e+010  -79.8302  103.68  23.8493  
0.255  0.48026  2.78465e+010  -80.8869  103.736  22.8492  
0.2555  0.480526  2.78619e+010  -80.9445  103.794  22.8491  
0.256  0.480796  2.78775e+010  -82.0028  103.852  21.8491  
0.2565  0.481069  2.78934e+010  -82.0617  103.911  21.8491  
0.257  0.481345  2.79094e+010  -83.1213  103.97  20.8491  
0.2575  0.481623  2.79255e+010  -83.1815  104.031  20.8492  
0.258  0.481904  2.79418e+010  -82.2421  104.091  21.8492  
0.2585  0.482188  2.79582e+010  -82.3032  104.153  21.8493  
0.259  0.482473  2.79748e+010  -82.3648  104.214  21.8494  
0.2595  0.482761  2.79915e+010  -82.4268  104.276  21.8495  
0.26  0.48305  2.80082e+010  -81.4892  104.339  22.8497  
0.2605  0.483341  2.80251e+010  -81.5518  104.402  22.8498  
0.261  0.483633  2.8042e+010  -81.6147  104.465  22.85  
0.2615  0.483926  2.8059e+010  -81.6778  104.528  22.8502  
0.262  0.484219  2.8076e+010  -81.741  104.591  22.8504  
0.2625  0.484513  2.80931e+010  -81.8042  104.655  22.8507  
0.263  0.484808  2.81102e+010  -80.8676  104.719  23.8509  
0.2635  0.485103  2.81273e+010  -79.9311  104.782  24.8512  
0.264  0.485399  2.81444e+010  -79.9947  104.846  24.8515  
0.2645  0.485695  2.81616e+010  -80.0583  104.91  24.8518  
0.265  0.485991  2.81788e+010  -79.122  104.974  25.8521  
0.2655  0.486287  2.81959e+010  -78.1856  105.038  26.8524  
0.266  0.486584  2.82131e+010  -78.2493  105.102  26.8527  
0.2665  0.48688  2.82303e+010  -78.313  105.166  26.8531  
0.267  0.487176  2.82475e+010  -79.3766  105.23  25.8534  
0.2675  0.487471  2.82646e+010  -79.44  105.294  25.8538  
0.268  0.487766  2.82817e+010  -79.5033  105.358  25.8542  
0.2685  0.488061  2.82988e+010  -79.5665  105.421  25.8546  
0.269  0.488354  2.83158e+010  -79.6295  105.484  25.855  
0.2695  0.488647  2.83327e+010  -79.6923  105.548  25.8554  
0.27  0.488938  2.83496e+010  -78.7548  105.611  26.8558  
0.2705  0.489229  2.83665e+010  -78.8172  105.673  26.8562  
0.271  0.489518  2.83833e+010  -78.8793  105.736  26.8567  
0.2715  0.489807  2.84e+010  -78.9413  105.798  26.8571  
0.272  0.490095  2.84167e+010  -79.003  105.86  26.8575  
0.2725  0.490382  2.84333e+010  -79.0645  105.922  26.8579  
0.273  0.490668  2.84499e+010  -80.1258  105.984  25.8583  
0.2735  0.490952  2.84664e+010  -80.187  106.046  25.8588  
0.274  0.491237  2.84829e+010  -80.2479  106.107  25.8592  
0.2745  0.49152  2.84993e+010  -79.3087  106.168  26.8596  
0.275  0.491803  2.85157e+010  -79.3693  106.229  26.86  
0.2755  0.492085  2.85321e+010  -79.4299  106.29  26.8604  
0.276  0.492366  2.85484e+010  -79.4904  106.351  26.8608  
0.2765  0.492648  2.85647e+010  -79.5508  106.412  26.8611  
0.277  0.492929  2.8581e+010  -79.6111  106.473  26.8615  
0.2775  0.49321  2.85973e+010  -79.6714  106.533  26.8619  
0.278  0.493491  2.86136e+010  -79.7318  106.594  26.8622  
0.2785  0.493772  2.86299e+010  -79.7921  106.655  26.8626  
0.279  0.494053  2.86462e+010  -80.8525  106.715  25.8629  
0.2795  0.494334  2.86625e+010  -81.913  106.776  24.8633  
0.28  0.494616  2.86789e+010  -81.9735  106.837  24.8636  
0.2805  0.494898  2.86952e+010  -82.034  106.898  24.8639  
0.281  0.49518  2.87115e+010  -82.0946  106.959  24.8643  
0.2815  0.495462  2.87279e+010  -82.1553  107.02  24.8646  
0.282  0.495745  2.87443e+010  -82.2161  107.081  24.8649  
0.2825  0.496029  2.87608e+010  -81.2771  107.142  25.8652  
0.283  0.496314  2.87773e+010  -80.3383  107.204  26.8655  
0.2835  0.4966  2.87939e+010  -80.3998  107.266  26.8657  
0.284  0.496887  2.88105e+010  -80.4616  107.328  26.866  
0.2845  0.497176  2.88273e+010  -80.5237  107.39  26.8662  
0.285  0.497466  2.88441e+010  -80.5861  107.453  26.8664  
0.2855  0.497758  2.8861e+010  -81.649  107.516  25.8667  
0.286  0.498052  2.88781e+010  -81.7123  107.579  25.8669  
0.2865  0.498347  2.88952e+010  -81.776  107.643  25.8671  
0.287  0.498645  2.89125e+010  -81.8401  107.707  25.8673  
0.2875  0.498946  2.89299e+010  -81.9048  107.772  25.8675  
0.288  0.499248  2.89474e+010  -81.9699  107.838  25.8676  
0.2885  0.499553  2.89651e+010  -82.0356  107.903  25.8678  
0.289  0.49986  2.89829e+010  -82.1019  107.97  25.868  
0.2895  0.500171  2.90009e+010  -80.1687  108.037  27.8681  
0.29  0.500484  2.90191e+010  -80.2363  108.104  27.8682  
0.2905  0.5008  2.90374e+010  -79.3045  108.173  28.8684  
0.291  0.50112  2.90559e+010  -80.3734  108.242  27.8685  
0.2915  0.501442  2.90747e+010  -80.443  108.312  27.8686  
0.292  0.501769  2.90936e+010  -80.5133  108.382  27.8687  
0.2925  0.502098  2.91127e+010  -80.5844  108.453  27.8688  
0.293  0.502431  2.9132e+010  -80.6562  108.525  27.8689  
0.2935  0.502767  2.91515e+010  -81.7287  108.598  26.869  
0.294  0.503106  2.91711e+010  -81.8019  108.671  26.8691  
0.2945  0.503449  2.9191e+010  -81.8757  108.745  26.8692  
0.295  0.503794  2.9211e+010  -82.9502  108.82  25.8694  
0.2955  0.504143  2.92313e+010  -83.0254  108.895  25.8695  
0.296  0.504495  2.92516e+010  -83.1012  108.971  25.8696  
0.2965  0.504849  2.92722e+010  -83.1777  109.047  25.8698  
0.297  0.505207  2.92929e+010  -83.2548  109.125  25.8699  
0.2975  0.505567  2.93138e+010  -83.3324  109.202  25.8701  
0.298  0.50593  2.93349e+010  -83.4107  109.281  25.8702  
0.2985  0.506296  2.93561e+010  -82.4896  109.36  26.8704  
0.299  0.506664  2.93774e+010  -82.569  109.44  26.8705  
0.2995  0.507036  2.9399e+010  -82.649  109.52  26.8707  
0.3  0.507409  2.94206e+010  -82.7295  109.6  26.8708  
0.3005  0.507785  2.94424e+010  -82.8106  109.682  26.871  
0.301  0.508164  2.94644e+010  -82.8921  109.763  26.8712  
0.3015  0.508544  2.94864e+010  -82.9741  109.846  26.8714  
0.302  0.508926  2.95086e+010  -83.0565  109.928  26.8716  
0.3025  0.509311  2.95309e+010  -82.1393  110.011  27.8718  
0.303  0.509697  2.95533e+010  -81.2225  110.095  28.872  
0.3035  0.510085  2.95758e+010  -81.306  110.178  28.8722  
0.304  0.510474  2.95983e+010  -82.3899  110.262  27.8725  
0.3045  0.510864  2.9621e+010  -82.4739  110.347  27.8728  
0.305  0.511256  2.96437e+010  -82.5582  110.431  27.873  
0.3055  0.511648  2.96664e+010  -82.6426  110.516  27.8733  
0.306  0.512041  2.96892e+010  -81.7272  110.601  28.8736  
0.3065  0.512434  2.9712e+010  -81.8118  110.686  28.874  
0.307  0.512828  2.97348e+010  -81.8966  110.771  28.8743  
0.3075  0.513222  2.97577e+010  -81.9813  110.856  28.8746  
0.308  0.513615  2.97805e+010  -82.066  110.941  28.875  
0.3085  0.514009  2.98033e+010  -83.1505  111.026  27.8754  
0.309  0.514401  2.9826e+010  -83.2349  111.111  27.8758  
0.3095  0.514793  2.98487e+010  -83.3191  111.195  27.8762  
0.31  0.515183  2.98714e+010  -84.4029  111.28  26.8766  
0.3105  0.515572  2.98939e+010  -82.4865  111.364  28.8771  
0.311  0.515959  2.99164e+010  -81.5697  111.447  29.8775  
0.3115  0.516345  2.99387e+010  -81.6525  111.53  29.878  
0.312  0.516728  2.9961e+010  -81.7348  111.613  29.8785  
0.3125  0.51711  2.99831e+010  -79.8167  111.696  31.879  
0.313  0.517489  3.00051e+010  -79.8982  111.778  31.8795  
0.3135  0.517867  3.0027e+010  -79.9792  111.859  31.88  
0.314  0.518242  3.00487e+010  -80.0598  111.94  31.8805  
0.3145  0.518615  3.00704e+010  -80.1399  112.021  31.881  
0.315  0.518986  3.00919e+010  -80.2193  112.101  31.8816  
0.3155  0.519353  3.01132e+010  -79.2982  112.18  32.8822  
0.316  0.519718  3.01343e+010  -79.3763  112.259  32.8827  
0.3165  0.520079  3.01552e+010  -78.4537  112.337  33.8833  
0.317  0.520436  3.0176e+010  -78.5303  112.414  33.8839  
0.3175  0.52079  3.01965e+010  -77.6061  112.491  34.8845  
0.318  0.52114  3.02168e+010  -76.6811  112.566  35.8851  
0.3185  0.521486  3.02368e+010  -75.7552  112.641  36.8858  
0.319  0.521828  3.02567e+010  -75.8285  112.715  36.8864  
0.3195  0.522166  3.02763e+010  -75.9009  112.788  36.887  
0.32  0.5225  3.02957e+010  -75.9724  112.86  36.8877  
0.3205  0.52283  3.03148e+010  -76.043  112.931  36.8883  
0.321  0.523155  3.03336e+010  -77.1126  113.002  35.889  
0.3215  0.523476  3.03522e+010  -77.1811  113.071  35.8897  
0.322  0.523792  3.03705e+010  -76.2486  113.139  36.8904  
0.3225  0.524103  3.03886e+010  -76.3151  113.206  36.891  
0.323  0.524409  3.04063e+010  -76.3806  113.272  36.8917  
0.3235  0.524711  3.04238e+010  -75.445  113.337  37.8924  
0.324  0.525007  3.0441e+010  -73.5084  113.402  39.8931  
0.3245  0.525299  3.04579e+010  -73.5708  113.465  39.8938  
0.325  0.525586  3.04746e+010  -72.6322  113.527  40.8945  
0.3255  0.525868  3.04909e+010  -72.6925  113.588  40.8951  
0.326  0.526146  3.0507e+010  -71.7518  113.648  41.8958  
0.3265  0.526419  3.05229e+010  -71.8101  113.707  41.8964  
0.327  0.526688  3.05384e+010  -71.8675  113.765  41.897  
0.3275  0.526952  3.05537e+010  -70.9238  113.822  42.8977  
0.328  0.527211  3.05688e+010  -70.9793  113.878  42.8983  
0.3285  0.527466  3.05836e+010  -71.0337  113.933  42.8989  
0.329  0.527716  3.05981e+010  -70.0871  113.987  43.8996  
0.3295  0.527962  3.06123e+010  -70.1396  114.04  43.9002  
0.33  0.528204  3.06263e+010  -70.1913  114.092  43.9007  
0.3305  0.528441  3.06401e+010  -70.242  114.143  43.9013  
0.331  0.528675  3.06536e+010  -70.2918  114.194  43.9019  
0.3315  0.528904  3.06669e+010  -69.3408  114.243  44.9025  
0.332  0.52913  3.068e+010  -69.3889  114.292  44.903  
0.3325  0.529351  3.06929e+010  -69.4363  114.34  44.9036  
0.333  0.52957  3.07055e+010  -69.483  114.387  44.9041  
0.3335  0.529785  3.0718e+010  -69.5289  114.434  44.9046  
0.334  0.529997  3.07303e+010  -69.5741  114.479  44.9052  
0.3345  0.530205  3.07424e+010  -67.6187  114.524  46.9057  
0.335  0.530411  3.07543e+010  -67.6627  114.569  46.9061  
0.3355  0.530614  3.07661e+010  -67.706  114.613  46.9066  
0.336  0.530815  3.07777e+010  -67.7489  114.656  46.9071  
0.3365  0.531013  3.07892e+010  -68.7912  114.699  45.9075  
0.337  0.531209  3.08006e+010  -68.8331  114.741  45.908  
0.3375  0.531402  3.08118e+010  -67.8745  114.783  46.9084  
0.338  0.531594  3.08229e+010  -67.9154  114.824  46.9088  
0.3385  0.531783  3.08339e+010  -68.956  114.865  45.9092  
0.339  0.531972  3.08448e+010  -68.9963  114.906  45.9096  
0.3395  0.532158  3.08556e+010  -69.0363  114.946  45.91  
0.34  0.532344  3.08664e+010  -68.076  114.986  46.9103  
0.3405  0.532529  3.08771e+010  -68.1156  115.026  46.9107  
0.341  0.532713  3.08878e+010  -68.155  115.066  46.911  
0.3415  0.532896  3.08984e+010  -68.1944  115.106  46.9113  
0.342  0.53308  3.09091e+010  -68.2337  115.145  46.9116  
0.3425  0.533263  3.09197e+010  -68.273  115.185  46.9118  
0.343  0.533447  3.09303e+010  -68.3124  115.225  46.9121  
0.3435  0.533631  3.0941e+010  -68.3519  115.264  46.9123  
0.344  0.533816  3.09517e+010  -68.3916  115.304  46.9126  
0.3445  0.534001  3.09625e+010  -68.4315  115.344  46.9128  
0.345  0.534188  3.09733e+010  -69.4717  115.385  45.913  
0.3455  0.534377  3.09843e+010  -69.5122  115.425  45.9131  
0.346  0.534566  3.09953e+010  -69.5531  115.466  45.9133  
0.3465  0.534758  3.10064e+010  -68.5943  115.508  46.9134  
0.347  0.534952  3.10176e+010  -68.6361  115.55  46.9135  
0.3475  0.535148  3.1029e+010  -68.6783  115.592  46.9136  
0.348  0.535346  3.10405e+010  -68.7211  115.635  46.9137  
0.3485  0.535548  3.10522e+010  -68.7645  115.678  46.9138  
0.349  0.535752  3.1064e+010  -68.8085  115.722  46.9139  
0.3495  0.535959  3.1076e+010  -68.8533  115.767  46.9139  
0.35  0.53617  3.10882e+010  -68.8987  115.813  46.9139  
0.3505  0.536384  3.11006e+010  -70.9449  115.859  44.914  
0.351  0.536601  3.11132e+010  -69.9918  115.906  45.914  
0.3515  0.536822  3.1126e+010  -70.0395  115.954  45.914  
0.352  0.537046  3.1139e+010  -71.0879  116.002  44.9141  
0.3525  0.537274  3.11523e+010  -71.1371  116.051  44.9141  
0.353  0.537506  3.11657e+010  -71.1872  116.101  44.9141  
0.3535  0.537741  3.11794e+010  -70.238  116.152  45.9142  
0.354  0.537981  3.11932e+010  -70.2897  116.204  45.9142  
0.3545  0.538224  3.12073e+010  -70.3422  116.256  45.9142  
0.355  0.538472  3.12217e+010  -70.3957  116.31  45.9142  
0.3555  0.538723  3.12363e+010  -71.45  116.364  44.9142  
0.356  0.538979  3.12511e+010  -71.5053  116.419  44.9142  
0.3565  0.539239  3.12662e+010  -71.5614  116.476  44.9142  
0.357  0.539503  3.12815e+010  -72.6185  116.533  43.9142  
0.3575  0.539771  3.12971e+010  -72.6764  116.591  43.9142  
0.358  0.540043  3.13128e+010  -71.7351  116.649  44.9142  
0.3585  0.540319  3.13288e+010  -72.7946  116.709  43.9143  
0.359  0.540598  3.1345e+010  -72.855  116.769  43.9143  
0.3595  0.540881  3.13614e+010  -73.9161  116.83  42.9143  
0.36  0.541168  3.1378e+010  -73.9779  116.892  42.9144  
0.3605  0.541458  3.13948e+010  -73.0405  116.955  43.9144  
0.361  0.541751  3.14119e+010  -73.1039  117.018  43.9144  
0.3615  0.542048  3.14291e+010  -73.168  117.082  43.9145  
0.362  0.542348  3.14465e+010  -72.2327  117.147  44.9145  
0.3625  0.542652  3.14641e+010  -73.2982  117.213  43.9146  
0.363  0.542958  3.14818e+010  -73.3643  117.279  43.9147  
0.3635  0.543268  3.14998e+010  -73.4311  117.346  43.9148  
0.364  0.54358  3.15179e+010  -72.4983  117.413  44.9149  
0.3645  0.543894  3.15361e+010  -72.5661  117.481  44.915  
0.365  0.544211  3.15545e+010  -72.6344  117.55  44.9151  
0.3655  0.54453  3.15729e+010  -72.7032  117.618  44.9152  
0.366  0.54485  3.15915e+010  -72.7723  117.688  44.9154  
0.3665  0.545173  3.16102e+010  -72.8418  117.757  44.9155  
0.367  0.545497  3.1629e+010  -72.9116  117.827  44.9157  
0.3675  0.545822  3.16479e+010  -71.9817  117.898  45.9159  
0.368  0.546149  3.16668e+010  -72.052  117.968  45.9161  
0.3685  0.546476  3.16858e+010  -72.1225  118.039  45.9164  
0.369  0.546804  3.17048e+010  -72.1931  118.11  45.9166  
0.3695  0.547132  3.17239e+010  -72.2637  118.181  45.9169  
0.37  0.547461  3.17429e+010  -72.3344  118.252  45.9171  
0.3705  0.54779  3.1762e+010  -72.4051  118.323  45.9174  
0.371  0.548118  3.1781e+010  -72.4757  118.393  45.9177  
0.3715  0.548446  3.18e+010  -72.5462  118.464  45.9181  
0.372  0.548773  3.1819e+010  -72.6165  118.535  45.9184  
0.3725  0.549099  3.18379e+010  -72.6865  118.605  45.9188  
0.373  0.549423  3.18567e+010  -71.7562  118.675  46.9192  
0.3735  0.549746  3.18754e+010  -70.8256  118.745  47.9196  
0.374  0.550068  3.18941e+010  -71.8947  118.815  46.92  
0.3745  0.550388  3.19126e+010  -71.9634  118.884  46.9204  
0.375  0.550706  3.1931e+010  -72.0316  118.952  46.9208  
0.3755  0.551021  3.19493e+010  -72.0993  119.021  46.9213  
0.376  0.551334  3.19675e+010  -72.1664  119.088  46.9218  
0.3765  0.551644  3.19855e+010  -72.2329  119.155  46.9223  
0.377  0.551951  3.20033e+010  -72.2987  119.221  46.9228  
0.3775  0.552255  3.20209e+010  -72.3637  119.287  46.9233  
0.378  0.552555  3.20383e+010  -72.428  119.352  46.9239  
0.3785  0.552851  3.20555e+010  -71.4914  119.416  47.9244  
0.379  0.553144  3.20724e+010  -71.554  119.479  47.925  
0.3795  0.553432  3.20891e+010  -70.6157  119.541  48.9256  
0.38  0.553716  3.21056e+010  -69.6764  119.603  49.9262  
0.3805  0.553995  3.21218e+010  -69.7362  119.663  49.9267  
0.381  0.55427  3.21377e+010  -70.7951  119.722  48.9273  
0.3815  0.554541  3.21534e+010  -69.8529  119.781  49.9279  
0.382  0.554807  3.21688e+010  -68.9097  119.838  50.9285  
0.3825  0.555068  3.2184e+010  -68.9655  119.895  50.9291  
0.383  0.555324  3.21988e+010  -69.0202  119.95  50.9298  
0.3835  0.555575  3.22134e+010  -69.0738  120.004  50.9304  
0.384  0.555821  3.22276e+010  -70.1262  120.057  49.9311  
0.3845  0.556061  3.22415e+010  -70.1774  120.109  49.9317  
0.385  0.556295  3.22551e+010  -70.2273  120.16  49.9324  
0.3855  0.556523  3.22684e+010  -69.276  120.209  50.9331  
0.386  0.556746  3.22813e+010  -69.3233  120.257  50.9337  
0.3865  0.556962  3.22938e+010  -69.3694  120.304  50.9344  
0.387  0.557172  3.2306e+010  -69.414  120.349  50.9351  
0.3875  0.557375  3.23178e+010  -69.4572  120.393  50.9358  
0.388  0.557572  3.23292e+010  -70.4991  120.436  49.9365  
0.3885  0.557762  3.23402e+010  -70.5394  120.477  49.9372  
0.389  0.557945  3.23508e+010  -70.5782  120.516  49.938  
0.3895  0.558121  3.2361e+010  -70.6155  120.554  49.9387  
0.39  0.55829  3.23708e+010  -69.6513  120.591  50.9394  
0.3905  0.558452  3.23802e+010  -68.6855  120.626  51.9402  
0.391  0.558607  3.23892e+010  -68.7182  120.659  51.9409  
0.3915  0.558755  3.23978e+010  -67.7494  120.691  52.9416  
0.392  0.558895  3.24059e+010  -67.7791  120.721  52.9423  
0.3925  0.559029  3.24136e+010  -67.8072  120.75  52.943  
0.393  0.559155  3.2421e+010  -66.8338  120.778  53.9437  
0.3935  0.559274  3.24279e+010  -66.8588  120.803  53.9444  
0.394  0.559386  3.24343e+010  -65.8822  120.827  54.9451  
0.3945  0.55949  3.24404e+010  -65.9041  120.85  54.9458  
0.395  0.559588  3.24461e+010  -64.9245  120.871  55.9465  
0.3955  0.559678  3.24513e+010  -64.9433  120.89  55.9471  
0.396  0.559761  3.24561e+010  -64.9606  120.908  55.9478  
0.3965  0.559837  3.24605e+010  -64.9763  120.925  55.9485  
0.397  0.559906  3.24645e+010  -64.9905  120.94  55.9491  
0.3975  0.559968  3.24681e+010  -66.0032  120.953  54.9498  
0.398  0.560022  3.24712e+010  -66.0144  120.965  54.9504  
0.3985  0.56007  3.2474e+010  -66.024  120.975  54.9511  
0.399  0.560111  3.24764e+010  -65.0322  120.984  55.9517  
0.3995  0.560144  3.24783e+010  -65.0388  120.991  55.9524  
0.4  0.560171  3.24799e+010  -65.044  120.997  55.953  
0.4005  0.560192  3.24811e+010  -65.0478  121.001  55.9536  
0.401  0.560205  3.24819e+010  -65.0502  121.004  55.9542  
0.4015  0.560213  3.24823e+010  -65.0512  121.006  55.9548  
0.402  0.560214  3.24824e+010  -64.0509  121.006  56.9553  
0.4025  0.560209  3.24821e+010  -64.0493  121.005  56.9559  
0.403  0.560199  3.24815e+010  -64.0465  121.003  56.9565  
0.4035  0.560182  3.24805e+010  -65.0424  120.999  55.957  
0.404  0.560161  3.24793e+010  -65.0371  120.995  55.9575  
0.4045  0.560133  3.24777e+010  -66.0307  120.989  54.9581  
0.405  0.5601  3.24758e+010  -66.0231  120.982  54.9586  
0.4055  0.560062  3.24736e+010  -66.0144  120.973  54.959  
0.406  0.56002  3.24711e+010  -65.0047  120.964  55.9595  
0.4065  0.559972  3.24683e+010  -65.994  120.954  54.9599  
0.407  0.55992  3.24653e+010  -65.9824  120.943  54.9604  
0.4075  0.559864  3.24621e+010  -65.9699  120.931  54.9608  
0.408  0.559804  3.24586e+010  -65.9566  120.918  54.9611  
0.4085  0.55974  3.24549e+010  -65.9424  120.904  54.9615  
0.409  0.559673  3.2451e+010  -65.9276  120.889  54.9618  
0.4095  0.559603  3.24469e+010  -66.9121  120.874  53.9621  
0.41  0.55953  3.24427e+010  -66.8961  120.858  53.9624  
0.4105  0.559454  3.24383e+010  -69.8794  120.842  50.9627  
0.411  0.559375  3.24337e+010  -69.862  120.825  50.963  
0.4115  0.559293  3.2429e+010  -69.844  120.807  50.9633  
0.412  0.559209  3.24241e+010  -69.8255  120.789  50.9636  
0.4125  0.559121  3.2419e+010  -68.8064  120.77  51.9638  
0.413  0.559032  3.24138e+010  -66.7869  120.751  53.964  
0.4135  0.558941  3.24086e+010  -66.7671  120.731  53.9642  
0.414  0.558849  3.24032e+010  -65.7471  120.711  54.9643  
0.4145  0.558756  3.23978e+010  -65.7269  120.691  54.9644  
0.415  0.558662  3.23924e+010  -65.7066  120.671  54.9645  
0.4155  0.558569  3.2387e+010  -65.6863  120.651  54.9645  
0.416  0.558476  3.23816e+010  -64.6662  120.631  55.9646  
0.4165  0.558383  3.23762e+010  -65.6462  120.611  54.9645  
0.417  0.558291  3.23709e+010  -65.6264  120.591  54.9645  
0.4175  0.558201  3.23656e+010  -65.607  120.571  54.9644  
0.418  0.558112  3.23605e+010  -65.588  120.552  54.9643  
0.4185  0.558026  3.23555e+010  -65.5694  120.534  54.9641  
0.419  0.557942  3.23506e+010  -66.5515  120.515  53.964  
0.4195  0.557861  3.23459e+010  -66.5341  120.498  53.9638  
0.42  0.557782  3.23414e+010  -66.5174  120.481  53.9636  
0.4205  0.557708  3.2337e+010  -62.5015  120.465  57.9633  
0.421  0.557637  3.23329e+010  -62.4866  120.45  57.963  
0.4215  0.55757  3.23291e+010  -62.4726  120.435  57.9626  
0.422  0.557509  3.23255e+010  -62.4598  120.422  57.9622  
0.4225  0.557453  3.23223e+010  -62.4481  120.41  57.9618  
0.423  0.557403  3.23193e+010  -62.4376  120.399  57.9613  
0.4235  0.557358  3.23168e+010  -63.4284  120.389  56.9609  
0.424  0.55732  3.23145e+010  -64.4206  120.381  55.9604  
0.4245  0.557287  3.23127e+010  -63.4141  120.374  56.9599  
0.425  0.557262  3.23112e+010  -63.4091  120.369  56.9594  
0.4255  0.557243  3.23101e+010  -63.4056  120.364  56.9589  
0.426  0.557231  3.23094e+010  -62.4037  120.362  57.9583  
0.4265  0.557227  3.23092e+010  -61.4034  120.361  58.9577  
0.427  0.557231  3.23094e+010  -61.4049  120.362  58.9571  
0.4275  0.557244  3.23101e+010  -61.4082  120.365  58.9564  
0.428  0.557264  3.23113e+010  -61.4134  120.369  58.9558  
0.4285  0.557294  3.2313e+010  -61.4204  120.375  58.9551  
0.429  0.557332  3.23153e+010  -61.4294  120.384  58.9544  
0.4295  0.55738  3.2318e+010  -60.4403  120.394  59.9537  
0.43  0.557436  3.23213e+010  -60.4532  120.406  59.953  
0.4305  0.557502  3.23251e+010  -60.4682  120.42  59.9522  
0.431  0.557577  3.23295e+010  -60.4852  120.437  59.9515  
0.4315  0.557662  3.23344e+010  -60.5042  120.455  59.9508  
0.432  0.557756  3.23399e+010  -58.5254  120.475  61.95  
0.4325  0.55786  3.23459e+010  -57.5486  120.498  62.9493  
0.433  0.557975  3.23525e+010  -57.574  120.522  62.9485  
0.4335  0.558099  3.23597e+010  -57.6016  120.549  62.9477  
0.434  0.558233  3.23675e+010  -58.6313  120.578  61.947  
0.4345  0.558377  3.23758e+010  -59.6631  120.609  60.9462  
0.435  0.55853  3.23847e+010  -59.697  120.642  60.9455  
0.4355  0.558693  3.23942e+010  -58.7329  120.678  61.9448  
0.436  0.558866  3.24042e+010  -58.7708  120.715  61.9441  
0.4365  0.559047  3.24147e+010  -58.8108  120.754  61.9434  
0.437  0.559238  3.24258e+010  -58.8528  120.795  61.9427  
0.4375  0.559438  3.24374e+010  -58.8966  120.839  61.9421  
0.438  0.559647  3.24495e+010  -58.9424  120.884  61.9414  
0.4385  0.559865  3.24621e+010  -58.99  120.931  61.9408  
0.439  0.560091  3.24752e+010  -59.0395  120.98  61.9401  
0.4395  0.560326  3.24888e+010  -58.0908  121.03  62.9395  
0.44  0.560569  3.25029e+010  -58.1439  121.083  62.9389  
0.4405  0.56082  3.25175e+010  -59.1986  121.137  61.9384  
0.441  0.561078  3.25325e+010  -60.255  121.193  60.9379  
0.4415  0.561344  3.25479e+010  -60.3129  121.25  60.9374  
0.442  0.561616  3.25637e+010  -59.3722  121.309  61.9369  
0.4425  0.561895  3.25798e+010  -60.4329  121.369  60.9365  
0.443  0.56218  3.25964e+010  -61.4948  121.431  59.9361  
0.4435  0.562471  3.26132e+010  -61.558  121.494  59.9358  
0.444  0.562767  3.26304e+010  -61.6222  121.558  59.9354  
0.4445  0.563068  3.26478e+010  -60.6875  121.623  60.9352  
0.445  0.563373  3.26655e+010  -60.7537  121.689  60.9349  
0.4455  0.563683  3.26835e+010  -60.8208  121.755  60.9347  
0.446  0.563996  3.27016e+010  -60.8886  121.823  60.9345  
0.4465  0.564312  3.272e+010  -60.9571  121.891  60.9343  
0.447  0.564632  3.27385e+010  -61.0262  121.96  60.9342  
0.4475  0.564954  3.27572e+010  -61.0958  122.03  60.9341  
0.448  0.565277  3.27759e+010  -60.1658  122.1  61.9341  
0.4485  0.565603  3.27948e+010  -60.2361  122.17  61.9341  
0.449  0.565929  3.28138e+010  -59.3067  122.241  62.9341  
0.4495  0.566257  3.28328e+010  -59.3774  122.312  62.9341  
0.45  0.566585  3.28518e+010  -59.4482  122.382  62.9342  
0.4505  0.566913  3.28708e+010  -59.5189  122.453  62.9344  
0.451  0.567241  3.28898e+010  -59.5896  122.524  62.9345  
0.4515  0.567568  3.29088e+010  -59.66  122.595  62.9347  
0.452  0.567894  3.29276e+010  -59.7301  122.665  62.935  
0.4525  0.568218  3.29464e+010  -57.7998  122.735  64.9352  
0.453  0.568539  3.29651e+010  -57.869  122.805  64.9355  
0.4535  0.568859  3.29836e+010  -56.9376  122.873  65.9358  
0.454  0.569175  3.30019e+010  -57.0056  122.942  65.9362  
0.4545  0.569488  3.30201e+010  -56.0729  123.009  66.9366  
0.455  0.569798  3.30381e+010  -56.1395  123.076  66.9369  
0.4555  0.570104  3.30558e+010  -57.2051  123.142  65.9374  
0.456  0.570406  3.30733e+010  -58.2698  123.208  64.9378  
0.4565  0.570703  3.30905e+010  -58.3335  123.272  64.9383  
0.457  0.570995  3.31075e+010  -58.396  123.335  64.9389  
0.4575  0.571282  3.31241e+010  -58.4574  123.397  64.9394  
0.458  0.571563  3.31404e+010  -58.5175  123.458  64.94  
0.4585  0.571838  3.31563e+010  -58.5763  123.517  64.9406  
0.459  0.572106  3.31719e+010  -58.6337  123.575  64.9412  
0.4595  0.572369  3.31871e+010  -58.6898  123.632  64.9419  
0.46  0.572624  3.32019e+010  -58.7443  123.687  64.9425  
0.4605  0.572873  3.32164e+010  -57.7974  123.741  65.9432  
0.461  0.573115  3.32304e+010  -57.849  123.793  65.9439  
0.4615  0.57335  3.3244e+010  -56.899  123.844  66.9446  
0.462  0.573578  3.32572e+010  -56.9475  123.893  66.9453  
0.4625  0.573798  3.327e+010  -56.9944  123.94  66.946  
0.463  0.574011  3.32824e+010  -57.0397  123.986  66.9467  
0.4635  0.574217  3.32943e+010  -58.0834  124.031  65.9475  
0.464  0.574415  3.33058e+010  -58.1254  124.074  65.9483  
0.4645  0.574605  3.33168e+010  -58.1657  124.115  65.949  
0.465  0.574788  3.33274e+010  -58.2043  124.154  65.9498  
0.4655  0.574962  3.33375e+010  -58.2411  124.192  65.9506  
0.466  0.575128  3.33471e+010  -57.2762  124.228  66.9514  
0.4665  0.575285  3.33562e+010  -56.3095  124.262  67.9522  
0.467  0.575435  3.33649e+010  -56.3411  124.294  67.953  
0.4675  0.575577  3.33732e+010  -56.3709  124.325  67.9537  
0.468  0.575711  3.33809e+010  -58.399  124.354  65.9545  
0.4685  0.575837  3.33882e+010  -58.4253  124.381  65.9553  
0.469  0.575954  3.3395e+010  -58.4498  124.406  65.9562  
0.4695  0.576062  3.34013e+010  -58.4725  124.429  65.957  
0.47  0.576162  3.34071e+010  -58.4933  124.451  65.9578  
0.4705  0.576254  3.34124e+010  -59.5124  124.471  64.9586  
0.471  0.576338  3.34173e+010  -59.5297  124.489  64.9594  
0.4715  0.576414  3.34216e+010  -59.5452  124.505  64.9602  
0.472  0.576481  3.34255e+010  -58.5589  124.52  65.9609  
0.4725  0.57654  3.3429e+010  -59.5711  124.533  64.9617  
0.473  0.576592  3.3432e+010  -59.5816  124.544  64.9624  
0.4735  0.576637  3.34346e+010  -59.5904  124.554  64.9632  
0.474  0.576674  3.34368e+010  -58.5977  124.562  65.9639  
0.4745  0.576704  3.34385e+010  -59.6035  124.568  64.9646  
0.475  0.576727  3.34398e+010  -59.6077  124.573  64.9653  
0.4755  0.576743  3.34408e+010  -59.6105  124.577  64.966  
0.476  0.576752  3.34413e+010  -59.6118  124.579  64.9667  
0.4765  0.576755  3.34415e+010  -59.6117  124.579  64.9674  
0.477  0.576752  3.34413e+010  -59.6103  124.578  64.9681  
0.4775  0.576742  3.34407e+010  -59.6075  124.576  64.9687  
0.478  0.576726  3.34398e+010  -59.6035  124.573  64.9693  
0.4785  0.576705  3.34385e+010  -60.5982  124.568  63.97  
0.479  0.576677  3.34369e+010  -61.5917  124.562  62.9706  
0.4795  0.576645  3.3435e+010  -62.584  124.555  61.9712  
0.48  0.576606  3.34328e+010  -62.5751  124.547  61.9719  
0.4805  0.576562  3.34303e+010  -62.565  124.537  61.9725  
0.481  0.576513  3.34274e+010  -63.5538  124.527  60.9731  
0.4815  0.576459  3.34243e+010  -63.5416  124.515  60.9736  
0.482  0.576401  3.34209e+010  -62.5284  124.503  61.9742  
0.4825  0.576337  3.34172e+010  -62.5141  124.489  61.9747  
0.483  0.57627  3.34133e+010  -62.499  124.474  61.9752  
0.4835  0.576198  3.34091e+010  -61.483  124.459  62.9757  
0.484  0.576122  3.34048e+010  -60.4662  124.442  63.9762  
0.4845  0.576043  3.34002e+010  -60.4487  124.425  63.9766  
0.485  0.575961  3.33954e+010  -59.4305  124.408  64.977  
0.4855  0.575875  3.33904e+010  -59.4116  124.389  64.9774  
0.486  0.575786  3.33853e+010  -59.392  124.37  64.9778  
0.4865  0.575695  3.338e+010  -59.3718  124.35  64.9782  
0.487  0.5756  3.33745e+010  -59.3511  124.33  64.9786  
0.4875  0.575503  3.33689e+010  -60.3298  124.309  63.9789  
0.488  0.575404  3.33631e+010  -60.308  124.287  63.9793  
0.4885  0.575302  3.33572e+010  -61.2857  124.265  62.9796  
0.489  0.575199  3.33512e+010  -61.263  124.243  62.9799  
0.4895  0.575093  3.33451e+010  -60.2398  124.22  63.9802  
0.49  0.574985  3.33388e+010  -61.2162  124.197  62.9805  
0.4905  0.574875  3.33324e+010  -61.1922  124.173  62.9808  
0.491  0.574763  3.3326e+010  -61.1678  124.149  62.981  
0.4915  0.57465  3.33194e+010  -61.1431  124.124  62.9813  
0.492  0.574536  3.33128e+010  -61.1181  124.1  62.9815  
0.4925  0.57442  3.3306e+010  -61.0929  124.075  62.9818  
0.493  0.574303  3.32993e+010  -61.0674  124.049  62.982  
0.4935  0.574185  3.32924e+010  -61.0417  124.024  62.9822  
0.494  0.574066  3.32855e+010  -61.0158  123.998  62.9824  
0.4945  0.573946  3.32786e+010  -60.9897  123.972  62.9826  
0.495  0.573825  3.32716e+010  -61.9634  123.946  61.9828  
0.4955  0.573704  3.32645e+010  -61.937  123.92  61.983  
0.496  0.573582  3.32574e+010  -61.9105  123.894  61.9832  
0.4965  0.573459  3.32503e+010  -61.8838  123.867  61.9833  
0.497  0.573336  3.32432e+010  -62.8571  123.841  60.9835  
0.4975  0.573213  3.3236e+010  -63.8303  123.814  59.9837  
0.498  0.573089  3.32289e+010  -62.8033  123.787  60.9838  
0.4985  0.572964  3.32216e+010  -62.7762  123.76  60.984  
0.499  0.572839  3.32144e+010  -62.749  123.733  60.9842  
0.4995  0.572713  3.32071e+010  -65.7216  123.706  57.9844  
