-0  0.572858  3.32155e+010  -62.7508  123.737  60.9866  
-0.0005  0.573002  3.32239e+010  -62.7817  123.769  60.9868  
-0.001  0.573146  3.32322e+010  -62.8125  123.8  60.987  
-0.0015  0.573289  3.32405e+010  -63.8431  123.83  59.9872  
-0.002  0.573431  3.32487e+010  -62.8736  123.861  60.9874  
-0.0025  0.573572  3.32569e+010  -61.904  123.892  61.9876  
-0.003  0.573713  3.32651e+010  -61.9343  123.922  61.9878  
-0.0035  0.573854  3.32732e+010  -61.9644  123.952  61.988  
-0.004  0.573993  3.32813e+010  -61.9944  123.983  61.9881  
-0.0045  0.574132  3.32894e+010  -61.0243  124.013  62.9883  
-0.005  0.574271  3.32974e+010  -61.0539  124.042  62.9885  
-0.0055  0.574408  3.33053e+010  -61.0833  124.072  62.9887  
-0.006  0.574544  3.33132e+010  -61.1125  124.102  62.989  
-0.0065  0.574679  3.33211e+010  -61.1415  124.131  62.9892  
-0.007  0.574813  3.33288e+010  -61.1702  124.16  62.9894  
-0.0075  0.574945  3.33365e+010  -61.1985  124.188  62.9897  
-0.008  0.575076  3.33441e+010  -61.2265  124.216  62.9899  
-0.0085  0.575206  3.33516e+010  -61.2542  124.244  62.9902  
-0.009  0.575333  3.3359e+010  -61.2814  124.272  62.9905  
-0.0095  0.575459  3.33663e+010  -60.3083  124.299  63.9908  
-0.01  0.575582  3.33734e+010  -61.3346  124.326  62.9911  
-0.0105  0.575703  3.33805e+010  -61.3605  124.352  62.9914  
-0.011  0.575822  3.33874e+010  -60.3858  124.378  63.9918  
-0.0115  0.575939  3.33941e+010  -60.4106  124.403  63.9921  
-0.012  0.576052  3.34007e+010  -59.4348  124.427  64.9925  
-0.0125  0.576164  3.34072e+010  -59.4585  124.451  64.9929  
-0.013  0.576272  3.34134e+010  -59.4815  124.475  64.9933  
-0.0135  0.576377  3.34195e+010  -59.5038  124.497  64.9937  
-0.014  0.576479  3.34255e+010  -59.5255  124.52  64.9941  
-0.0145  0.576578  3.34312e+010  -60.5464  124.541  63.9945  
-0.015  0.576673  3.34367e+010  -60.5665  124.561  63.995  
-0.0155  0.576765  3.3442e+010  -61.5858  124.581  62.9954  
-0.016  0.576853  3.34471e+010  -62.6043  124.6  61.9959  
-0.0165  0.576936  3.3452e+010  -62.6218  124.618  61.9965  
-0.017  0.577016  3.34566e+010  -62.6384  124.635  61.997  
-0.0175  0.57709  3.34609e+010  -63.6539  124.651  60.9976  
-0.018  0.57716  3.34649e+010  -63.6683  124.667  60.9982  
-0.0185  0.577224  3.34686e+010  -62.6816  124.68  61.9988  
-0.019  0.577283  3.34721e+010  -62.6938  124.693  61.9994  
-0.0195  0.577337  3.34752e+010  -62.7047  124.705  62.0001  
-0.02  0.577385  3.34779e+010  -61.7144  124.715  63.0007  
-0.0205  0.577427  3.34804e+010  -60.7228  124.724  64.0014  
-0.021  0.577462  3.34825e+010  -59.7298  124.732  65.002  
-0.0215  0.577492  3.34842e+010  -59.7356  124.738  65.0027  
-0.022  0.577516  3.34855e+010  -59.74  124.743  65.0034  
-0.0225  0.577533  3.34865e+010  -59.7431  124.747  65.004  
-0.023  0.577544  3.34872e+010  -59.7447  124.749  65.0047  
-0.0235  0.577548  3.34874e+010  -59.7448  124.75  65.0055  
-0.024  0.577545  3.34872e+010  -59.7435  124.75  65.0062  
-0.0245  0.577535  3.34867e+010  -59.7406  124.748  65.0069  
-0.025  0.577518  3.34857e+010  -58.7361  124.744  66.0077  
-0.0255  0.577493  3.34842e+010  -59.7301  124.738  65.0084  
-0.026  0.577461  3.34824e+010  -59.7224  124.732  65.0092  
-0.0265  0.577421  3.34801e+010  -59.713  124.723  65.0099  
-0.027  0.577373  3.34773e+010  -58.7019  124.713  66.0107  
-0.0275  0.577318  3.34741e+010  -59.6891  124.701  65.0115  
-0.028  0.577254  3.34704e+010  -59.6746  124.687  65.0123  
-0.0285  0.577182  3.34662e+010  -59.6582  124.671  65.0131  
-0.029  0.577101  3.34615e+010  -58.64  124.654  66.014  
-0.0295  0.577012  3.34564e+010  -58.6199  124.635  66.0148  
-0.03  0.576915  3.34507e+010  -58.598  124.614  66.0156  
-0.0305  0.576809  3.34446e+010  -58.5743  124.591  66.0164  
-0.031  0.576694  3.34379e+010  -58.5486  124.566  66.0173  
-0.0315  0.57657  3.34307e+010  -56.5211  124.539  68.0181  
-0.032  0.576439  3.34231e+010  -56.4919  124.511  68.0189  
-0.0325  0.576299  3.3415e+010  -56.4609  124.481  68.0197  
-0.033  0.576151  3.34064e+010  -57.4281  124.449  67.0205  
-0.0335  0.575994  3.33973e+010  -58.3935  124.415  66.0213  
-0.034  0.57583  3.33878e+010  -58.3571  124.379  66.0221  
-0.0345  0.575657  3.33778e+010  -58.319  124.342  66.0229  
-0.035  0.575476  3.33673e+010  -58.2791  124.303  66.0237  
-0.0355  0.575287  3.33563e+010  -58.2375  124.262  66.0245  
-0.036  0.57509  3.33449e+010  -57.1942  124.219  67.0253  
-0.0365  0.574885  3.3333e+010  -57.1492  124.175  67.026  
-0.037  0.574673  3.33207e+010  -57.1026  124.129  67.0267  
-0.0375  0.574453  3.3308e+010  -57.0544  124.082  67.0275  
-0.038  0.574226  3.32948e+010  -58.0047  124.033  66.0282  
-0.0385  0.573992  3.32813e+010  -57.9535  123.982  66.0289  
-0.039  0.573751  3.32673e+010  -58.9007  123.93  65.0296  
-0.0395  0.573503  3.32529e+010  -58.8464  123.877  65.0303  
-0.04  0.573248  3.32381e+010  -58.7906  123.822  65.0309  
-0.0405  0.572986  3.32229e+010  -58.7335  123.765  65.0316  
-0.041  0.572718  3.32074e+010  -58.6749  123.707  65.0322  
-0.0415  0.572444  3.31915e+010  -58.6151  123.648  65.0328  
-0.042  0.572164  3.31752e+010  -58.554  123.587  65.0334  
-0.0425  0.571878  3.31587e+010  -58.4918  123.526  65.0339  
-0.043  0.571587  3.31418e+010  -58.4284  123.463  65.0345  
-0.0435  0.571291  3.31246e+010  -56.364  123.399  67.0349  
-0.044  0.570991  3.31072e+010  -56.2986  123.334  67.0354  
-0.0445  0.570686  3.30896e+010  -56.2324  123.268  67.0358  
-0.045  0.570378  3.30717e+010  -56.1655  123.202  67.0362  
-0.0455  0.570067  3.30536e+010  -57.0978  123.134  66.0366  
-0.046  0.569752  3.30354e+010  -58.0296  123.066  65.0369  
-0.0465  0.569435  3.3017e+010  -58.9608  122.998  64.0372  
-0.047  0.569116  3.29985e+010  -59.8915  122.929  63.0375  
-0.0475  0.568794  3.29799e+010  -59.8218  122.86  63.0378  
-0.048  0.568472  3.29612e+010  -59.7519  122.79  63.038  
-0.0485  0.568148  3.29424e+010  -59.6817  122.72  63.0382  
-0.049  0.567823  3.29235e+010  -59.6114  122.65  63.0383  
-0.0495  0.567498  3.29047e+010  -59.5412  122.58  63.0384  
-0.05  0.567174  3.28859e+010  -59.471  122.51  63.0385  
-0.0505  0.56685  3.28671e+010  -60.4011  122.44  62.0385  
-0.051  0.566527  3.28484e+010  -60.3313  122.37  62.0386  
-0.0515  0.566206  3.28298e+010  -61.262  122.301  61.0385  
-0.052  0.565887  3.28113e+010  -61.193  122.232  61.0385  
-0.0525  0.565569  3.27929e+010  -61.1246  122.163  61.0384  
-0.053  0.565254  3.27746e+010  -61.0567  122.095  61.0383  
-0.0535  0.564943  3.27565e+010  -60.9895  122.028  61.0381  
-0.054  0.564634  3.27387e+010  -60.9231  121.961  61.0379  
-0.0545  0.56433  3.2721e+010  -60.8576  121.895  61.0377  
-0.055  0.56403  3.27036e+010  -61.7931  121.831  60.0374  
-0.0555  0.563735  3.26865e+010  -61.7296  121.767  60.0372  
-0.056  0.563444  3.26697e+010  -61.6671  121.704  60.0368  
-0.0565  0.563159  3.26531e+010  -60.6059  121.642  61.0365  
-0.057  0.56288  3.2637e+010  -59.546  121.582  62.0361  
-0.0575  0.562607  3.26211e+010  -60.4875  121.523  61.0357  
-0.058  0.562341  3.26057e+010  -59.4304  121.466  62.0353  
-0.0585  0.562081  3.25906e+010  -58.3748  121.41  63.0348  
-0.059  0.561829  3.2576e+010  -58.3208  121.355  63.0343  
-0.0595  0.561585  3.25618e+010  -59.2686  121.302  62.0337  
-0.06  0.561348  3.25481e+010  -59.2181  121.251  62.0332  
-0.0605  0.56112  3.25349e+010  -59.1693  121.202  62.0326  
-0.061  0.5609  3.25222e+010  -59.1224  121.154  62.032  
-0.0615  0.560689  3.25099e+010  -60.0774  121.109  61.0314  
-0.062  0.560487  3.24982e+010  -60.0343  121.065  61.0308  
-0.0625  0.560293  3.24869e+010  -59.993  121.023  61.0302  
-0.063  0.560108  3.24762e+010  -59.9537  120.983  61.0296  
-0.0635  0.559932  3.2466e+010  -59.9164  120.945  61.029  
-0.064  0.559766  3.24564e+010  -60.8811  120.909  60.0283  
-0.0645  0.559609  3.24473e+010  -60.8479  120.876  60.0276  
-0.065  0.559461  3.24387e+010  -59.8166  120.844  61.027  
-0.0655  0.559323  3.24307e+010  -58.7875  120.814  62.0263  
-0.066  0.559195  3.24233e+010  -58.7604  120.786  62.0256  
-0.0665  0.559076  3.24164e+010  -58.7355  120.76  62.0249  
-0.067  0.558967  3.24101e+010  -59.7127  120.737  61.0242  
-0.0675  0.558868  3.24043e+010  -60.6919  120.715  60.0235  
-0.068  0.558778  3.23991e+010  -60.6732  120.696  60.0229  
-0.0685  0.558698  3.23944e+010  -60.6565  120.679  60.0222  
-0.069  0.558626  3.23903e+010  -60.6417  120.663  60.0215  
-0.0695  0.558564  3.23867e+010  -60.629  120.65  60.0209  
-0.07  0.558511  3.23836e+010  -61.6182  120.638  59.0202  
-0.0705  0.558467  3.23811e+010  -61.6093  120.629  59.0196  
-0.071  0.558432  3.2379e+010  -61.6023  120.621  59.019  
-0.0715  0.558405  3.23775e+010  -61.5971  120.615  59.0184  
-0.072  0.558386  3.23764e+010  -61.5937  120.611  59.0178  
-0.0725  0.558376  3.23758e+010  -61.592  120.609  59.0172  
-0.073  0.558374  3.23757e+010  -62.5921  120.609  58.0166  
-0.0735  0.558379  3.2376e+010  -63.5938  120.61  57.0161  
-0.074  0.558392  3.23767e+010  -63.597  120.613  57.0156  
-0.0745  0.558411  3.23778e+010  -64.6017  120.617  56.0151  
-0.075  0.558437  3.23793e+010  -63.6077  120.622  57.0147  
-0.0755  0.558469  3.23812e+010  -62.6151  120.629  58.0142  
-0.076  0.558507  3.23834e+010  -62.6238  120.638  58.0138  
-0.0765  0.558551  3.23859e+010  -62.6337  120.647  58.0134  
-0.077  0.558601  3.23888e+010  -62.6448  120.658  58.013  
-0.0775  0.558656  3.2392e+010  -62.657  120.67  58.0126  
-0.078  0.558715  3.23955e+010  -62.6702  120.683  58.0123  
-0.0785  0.55878  3.23992e+010  -62.6845  120.696  58.012  
-0.079  0.558849  3.24032e+010  -66.6995  120.711  54.0118  
-0.0795  0.558921  3.24074e+010  -66.7153  120.727  54.0116  
-0.08  0.558996  3.24118e+010  -66.7318  120.743  54.0114  
-0.0805  0.559075  3.24163e+010  -65.7488  120.76  55.0113  
-0.081  0.559155  3.2421e+010  -65.7664  120.778  55.0112  
-0.0815  0.559238  3.24258e+010  -65.7843  120.795  55.0111  
-0.082  0.559323  3.24307e+010  -66.8027  120.814  54.0111  
-0.0825  0.559409  3.24357e+010  -66.8213  120.832  54.0111  
-0.083  0.559496  3.24407e+010  -65.8401  120.851  55.0111  
-0.0835  0.559584  3.24458e+010  -66.8591  120.87  54.0111  
-0.084  0.559672  3.2451e+010  -66.8781  120.889  54.0112  
-0.0845  0.559761  3.24561e+010  -66.8971  120.908  54.0113  
-0.085  0.559849  3.24612e+010  -67.916  120.927  53.0114  
-0.0855  0.559936  3.24663e+010  -67.9347  120.946  53.0116  
-0.086  0.560022  3.24713e+010  -68.9531  120.965  52.0118  
-0.0865  0.560107  3.24762e+010  -68.9711  120.983  52.012  
-0.087  0.56019  3.24809e+010  -68.9887  121.001  52.0123  
-0.0875  0.56027  3.24856e+010  -69.0057  121.018  52.0126  
-0.088  0.560348  3.24901e+010  -70.0222  121.035  51.0129  
-0.0885  0.560423  3.24945e+010  -68.0381  121.051  53.0132  
-0.089  0.560494  3.24986e+010  -67.0533  121.067  54.0135  
-0.0895  0.560564  3.25026e+010  -66.068  121.082  55.0138  
-0.09  0.560631  3.25065e+010  -66.0821  121.096  55.0142  
-0.0905  0.560694  3.25102e+010  -66.0955  121.11  55.0145  
-0.091  0.560755  3.25137e+010  -66.1081  121.123  55.0149  
-0.0915  0.560812  3.2517e+010  -66.12  121.135  55.0153  
-0.092  0.560865  3.25201e+010  -66.1311  121.147  55.0157  
-0.0925  0.560914  3.25229e+010  -66.1412  121.157  55.0162  
-0.093  0.560959  3.25255e+010  -65.1504  121.167  56.0166  
-0.0935  0.560999  3.25279e+010  -66.1587  121.176  55.0171  
-0.094  0.561035  3.25299e+010  -66.1658  121.183  55.0176  
-0.0945  0.561065  3.25317e+010  -65.1719  121.19  56.0182  
-0.095  0.561091  3.25332e+010  -65.1769  121.196  56.0187  
-0.0955  0.561111  3.25343e+010  -64.1806  121.2  57.0193  
-0.096  0.561125  3.25352e+010  -64.1832  121.203  57.0198  
-0.0965  0.561134  3.25357e+010  -65.1846  121.205  56.0204  
-0.097  0.561137  3.25359e+010  -65.1847  121.206  56.021  
-0.0975  0.561134  3.25357e+010  -66.1835  121.205  55.0216  
-0.098  0.561125  3.25352e+010  -65.1809  121.203  56.0222  
-0.0985  0.56111  3.25343e+010  -65.177  121.2  56.0228  
-0.099  0.561088  3.25331e+010  -65.1717  121.195  56.0235  
-0.0995  0.56106  3.25314e+010  -65.1649  121.189  56.0241  
-0.1  0.561026  3.25294e+010  -65.1568  121.182  56.0247  
-0.1005  0.560984  3.2527e+010  -66.1472  121.173  55.0254  
-0.101  0.560936  3.25242e+010  -65.1361  121.162  56.0261  
-0.1015  0.560881  3.2521e+010  -66.1235  121.15  55.0268  
-0.102  0.560818  3.25174e+010  -65.1094  121.137  56.0274  
-0.1025  0.560749  3.25134e+010  -65.0937  121.122  56.0281  
-0.103  0.560673  3.2509e+010  -65.0766  121.105  56.0288  
-0.1035  0.56059  3.25042e+010  -65.058  121.087  56.0295  
-0.104  0.5605  3.2499e+010  -65.0379  121.068  56.0302  
-0.1045  0.560403  3.24933e+010  -66.0162  121.047  55.0309  
-0.105  0.560299  3.24873e+010  -65.993  121.025  55.0316  
-0.1055  0.560188  3.24808e+010  -66.9683  121.001  54.0323  
-0.106  0.56007  3.2474e+010  -67.9421  120.975  53.033  
-0.1065  0.559945  3.24667e+010  -67.9143  120.948  53.0337  
-0.107  0.559812  3.24591e+010  -67.885  120.919  53.0345  
-0.1075  0.559673  3.2451e+010  -68.8542  120.889  52.0352  
-0.108  0.559527  3.24425e+010  -68.8218  120.858  52.036  
-0.1085  0.559374  3.24336e+010  -68.788  120.825  52.0367  
-0.109  0.559214  3.24244e+010  -70.7527  120.79  50.0375  
-0.1095  0.559047  3.24147e+010  -70.7159  120.754  50.0382  
-0.11  0.558873  3.24046e+010  -70.6775  120.717  50.039  
-0.1105  0.558692  3.23941e+010  -70.6377  120.677  50.0398  
-0.111  0.558504  3.23832e+010  -70.5964  120.637  50.0405  
-0.1115  0.55831  3.2372e+010  -70.5537  120.595  50.0412  
-0.112  0.558109  3.23603e+010  -69.5096  120.552  51.042  
-0.1125  0.557902  3.23483e+010  -69.4641  120.507  51.0427  
-0.113  0.557688  3.23359e+010  -70.4173  120.461  50.0434  
-0.1135  0.557469  3.23232e+010  -69.3692  120.413  51.0441  
-0.114  0.557243  3.23101e+010  -69.3198  120.365  51.0448  
-0.1145  0.557012  3.22967e+010  -70.2692  120.315  50.0454  
-0.115  0.556776  3.2283e+010  -69.2174  120.264  51.0461  
-0.1155  0.556534  3.2269e+010  -69.1645  120.211  51.0468  
-0.116  0.556286  3.22546e+010  -69.1104  120.158  51.0475  
-0.1165  0.556034  3.224e+010  -69.0552  120.103  51.0481  
-0.117  0.555777  3.22251e+010  -68.9991  120.048  51.0487  
-0.1175  0.555515  3.22099e+010  -70.9419  119.991  49.0494  
-0.118  0.555249  3.21945e+010  -70.8837  119.934  49.05  
-0.1185  0.554978  3.21787e+010  -71.8245  119.875  48.0506  
-0.119  0.554702  3.21628e+010  -70.7645  119.816  49.0512  
-0.1195  0.554423  3.21466e+010  -70.7035  119.755  49.0518  
-0.12  0.554139  3.21301e+010  -71.6417  119.694  48.0525  
-0.1205  0.553852  3.21135e+010  -71.579  119.632  48.0531  
-0.121  0.553561  3.20966e+010  -71.5155  119.569  48.0536  
-0.1215  0.553266  3.20795e+010  -72.4512  119.505  47.0542  
-0.122  0.552968  3.20622e+010  -72.3862  119.441  47.0548  
-0.1225  0.552666  3.20447e+010  -72.3205  119.376  47.0553  
-0.123  0.552361  3.2027e+010  -72.2542  119.31  47.0558  
-0.1235  0.552054  3.20092e+010  -72.1873  119.244  47.0563  
-0.124  0.551744  3.19913e+010  -72.1199  119.177  47.0568  
-0.1245  0.551432  3.19732e+010  -72.052  119.109  47.0573  
-0.125  0.551118  3.19549e+010  -70.9837  119.041  48.0577  
-0.1255  0.550802  3.19366e+010  -70.9151  118.973  48.0582  
-0.126  0.550485  3.19183e+010  -71.8462  118.905  47.0586  
-0.1265  0.550167  3.18998e+010  -72.777  118.836  46.059  
-0.127  0.549847  3.18813e+010  -72.7076  118.767  46.0594  
-0.1275  0.549527  3.18627e+010  -72.638  118.698  46.0598  
-0.128  0.549205  3.18441e+010  -73.5682  118.628  45.0601  
-0.1285  0.548883  3.18254e+010  -72.4983  118.559  46.0605  
-0.129  0.548561  3.18067e+010  -72.4284  118.489  46.0608  
-0.1295  0.548239  3.1788e+010  -72.3584  118.42  46.0611  
-0.13  0.547917  3.17693e+010  -72.2886  118.35  46.0614  
-0.1305  0.547595  3.17507e+010  -72.2188  118.281  46.0617  
-0.131  0.547274  3.17321e+010  -72.1492  118.211  46.0619  
-0.1315  0.546954  3.17135e+010  -72.0799  118.142  46.0622  
-0.132  0.546635  3.1695e+010  -72.0107  118.073  46.0624  
-0.1325  0.546317  3.16766e+010  -72.9419  118.005  45.0626  
-0.133  0.546001  3.16583e+010  -72.8734  117.936  45.0628  
-0.1335  0.545687  3.164e+010  -72.8053  117.868  45.063  
-0.134  0.545374  3.16219e+010  -72.7376  117.801  45.0632  
-0.1345  0.545064  3.16039e+010  -72.6704  117.734  45.0634  
-0.135  0.544756  3.1586e+010  -73.6037  117.667  44.0635  
-0.1355  0.54445  3.15683e+010  -73.5375  117.601  44.0636  
-0.136  0.544147  3.15507e+010  -73.4719  117.536  44.0638  
-0.1365  0.543846  3.15333e+010  -73.4069  117.471  44.0639  
-0.137  0.543549  3.15161e+010  -73.3425  117.407  44.064  
-0.1375  0.543254  3.1499e+010  -73.2788  117.343  44.0641  
-0.138  0.542963  3.14821e+010  -73.2157  117.28  44.0642  
-0.1385  0.542674  3.14654e+010  -73.1534  117.218  44.0643  
-0.139  0.54239  3.14489e+010  -74.0918  117.156  43.0644  
-0.1395  0.542108  3.14326e+010  -74.031  117.095  43.0644  
-0.14  0.541831  3.14165e+010  -71.9709  117.035  45.0645  
-0.1405  0.541556  3.14005e+010  -71.9116  116.976  45.0646  
-0.141  0.541285  3.13848e+010  -72.853  116.918  44.0646  
-0.1415  0.541018  3.13694e+010  -72.7953  116.86  44.0647  
-0.142  0.540755  3.13541e+010  -71.7383  116.803  45.0648  
-0.1425  0.540495  3.1339e+010  -71.6822  116.747  45.0648  
-0.143  0.54024  3.13242e+010  -71.6269  116.692  45.0649  
-0.1435  0.539988  3.13096e+010  -71.5726  116.638  45.0649  
-0.144  0.539741  3.12953e+010  -71.5191  116.584  45.065  
-0.1445  0.539498  3.12812e+010  -71.4664  116.531  45.0651  
-0.145  0.539258  3.12673e+010  -71.4146  116.48  45.0651  
-0.1455  0.539022  3.12536e+010  -71.3637  116.429  45.0652  
-0.146  0.53879  3.12402e+010  -71.3135  116.379  45.0653  
-0.1465  0.538562  3.12269e+010  -70.2641  116.329  46.0653  
-0.147  0.538337  3.12139e+010  -71.2155  116.281  45.0654  
-0.1475  0.538116  3.12011e+010  -70.1676  116.233  46.0655  
-0.148  0.537898  3.11884e+010  -70.1204  116.186  46.0656  
-0.1485  0.537683  3.1176e+010  -71.0739  116.14  45.0657  
-0.149  0.537472  3.11637e+010  -71.0281  116.094  45.0658  
-0.1495  0.537263  3.11516e+010  -70.9829  116.049  45.0659  
-0.15  0.537058  3.11397e+010  -68.9384  116.004  47.0661  
-0.1505  0.536855  3.11279e+010  -68.8945  115.961  47.0662  
-0.151  0.536655  3.11163e+010  -68.8511  115.917  47.0663  
-0.1515  0.536457  3.11049e+010  -68.8083  115.875  47.0664  
-0.152  0.536262  3.10936e+010  -68.7661  115.833  47.0666  
-0.1525  0.536069  3.10824e+010  -69.7242  115.791  46.0668  
-0.153  0.535879  3.10713e+010  -69.6828  115.75  46.067  
-0.1535  0.53569  3.10604e+010  -69.6418  115.709  46.0672  
-0.154  0.535502  3.10495e+010  -69.601  115.668  46.0674  
-0.1545  0.535316  3.10387e+010  -68.5606  115.628  47.0676  
-0.155  0.535131  3.1028e+010  -68.5203  115.588  47.0679  
-0.1555  0.534946  3.10173e+010  -68.4802  115.548  47.0682  
-0.156  0.534763  3.10066e+010  -68.4403  115.509  47.0685  
-0.1565  0.53458  3.0996e+010  -68.4004  115.469  47.0688  
-0.157  0.534397  3.09854e+010  -68.3606  115.43  47.0691  
-0.1575  0.534214  3.09748e+010  -68.3208  115.39  47.0694  
-0.158  0.534031  3.09642e+010  -68.2808  115.351  47.0698  
-0.1585  0.533847  3.09536e+010  -69.2408  115.311  46.0702  
-0.159  0.533663  3.09429e+010  -69.2006  115.271  46.0706  
-0.1595  0.533478  3.09321e+010  -69.1602  115.231  46.071  
-0.16  0.533291  3.09213e+010  -69.1195  115.191  46.0714  
-0.1605  0.533104  3.09104e+010  -69.0785  115.15  46.0718  
-0.161  0.532914  3.08995e+010  -69.0372  115.109  46.0723  
-0.1615  0.532723  3.08884e+010  -68.9955  115.068  46.0727  
-0.162  0.53253  3.08772e+010  -69.9534  115.027  45.0732  
-0.1625  0.532335  3.08659e+010  -68.9108  114.984  46.0737  
-0.163  0.532138  3.08545e+010  -67.8677  114.942  47.0742  
-0.1635  0.531938  3.08429e+010  -67.824  114.899  47.0747  
-0.164  0.531736  3.08312e+010  -68.7799  114.855  46.0752  
-0.1645  0.531532  3.08193e+010  -68.7351  114.811  46.0757  
-0.165  0.531324  3.08073e+010  -68.6898  114.766  46.0762  
-0.1655  0.531114  3.07951e+010  -68.6438  114.721  46.0768  
-0.166  0.5309  3.07827e+010  -69.5971  114.674  45.0774  
-0.1665  0.530683  3.07701e+010  -70.5497  114.628  44.0779  
-0.167  0.530463  3.07573e+010  -70.5015  114.58  44.0785  
-0.1675  0.530239  3.07444e+010  -70.4526  114.532  44.0791  
-0.168  0.530012  3.07312e+010  -70.4028  114.483  44.0798  
-0.1685  0.52978  3.07177e+010  -70.3521  114.433  44.0804  
-0.169  0.529545  3.07041e+010  -70.3007  114.382  44.081  
-0.1695  0.529305  3.06902e+010  -70.2483  114.33  44.0816  
-0.17  0.529062  3.06761e+010  -70.195  114.277  44.0823  
-0.1705  0.528814  3.06617e+010  -71.1409  114.224  43.0829  
-0.171  0.528562  3.06471e+010  -72.0857  114.169  42.0836  
-0.1715  0.528305  3.06322e+010  -71.0297  114.114  43.0843  
-0.172  0.528044  3.06171e+010  -71.9727  114.058  42.0849  
-0.1725  0.527779  3.06017e+010  -71.9147  114  42.0856  
-0.173  0.52751  3.05861e+010  -71.8559  113.942  42.0863  
-0.1735  0.527236  3.05702e+010  -72.796  113.883  41.087  
-0.174  0.526958  3.05541e+010  -72.7352  113.823  41.0877  
-0.1745  0.526675  3.05377e+010  -73.6734  113.762  40.0884  
-0.175  0.526387  3.0521e+010  -74.6106  113.7  39.0891  
-0.1755  0.526095  3.05041e+010  -74.5468  113.637  39.0898  
-0.176  0.525799  3.04869e+010  -76.482  113.573  37.0905  
-0.1765  0.525498  3.04694e+010  -76.4163  113.508  37.0912  
-0.177  0.525192  3.04517e+010  -76.3496  113.442  37.0919  
-0.1775  0.524882  3.04337e+010  -76.2819  113.375  37.0927  
-0.178  0.524568  3.04155e+010  -75.2133  113.307  38.0934  
-0.1785  0.524249  3.0397e+010  -76.1438  113.238  37.0941  
-0.179  0.523926  3.03783e+010  -76.0733  113.168  37.0947  
-0.1795  0.523599  3.03594e+010  -76.002  113.097  37.0954  
-0.18  0.523268  3.03402e+010  -76.9298  113.026  36.0961  
-0.1805  0.522933  3.03207e+010  -76.8568  112.954  36.0968  
-0.181  0.522594  3.03011e+010  -77.783  112.88  35.0974  
-0.1815  0.522252  3.02812e+010  -77.7083  112.806  35.0981  
-0.182  0.521906  3.02612e+010  -77.6329  112.732  35.0987  
-0.1825  0.521556  3.02409e+010  -77.5567  112.656  35.0994  
-0.183  0.521203  3.02204e+010  -78.4798  112.58  34.1  
-0.1835  0.520846  3.01997e+010  -78.4022  112.503  34.1006  
-0.184  0.520487  3.01789e+010  -79.324  112.425  33.1012  
-0.1845  0.520125  3.01579e+010  -79.2452  112.347  33.1018  
-0.185  0.51976  3.01368e+010  -79.1658  112.268  33.1024  
-0.1855  0.519393  3.01155e+010  -79.0859  112.189  33.1029  
-0.186  0.519024  3.00941e+010  -80.0057  112.109  32.1035  
-0.1865  0.518652  3.00725e+010  -80.9249  112.029  31.104  
-0.187  0.518279  3.00509e+010  -80.8436  111.948  31.1046  
-0.1875  0.517903  3.00291e+010  -80.7619  111.867  31.1051  
-0.188  0.517525  3.00072e+010  -80.6797  111.785  31.1057  
-0.1885  0.517145  2.99852e+010  -82.5973  111.703  29.1062  
-0.189  0.516764  2.99631e+010  -82.5144  111.621  29.1067  
-0.1895  0.516382  2.99409e+010  -83.4313  111.538  28.1072  
-0.19  0.515998  2.99186e+010  -83.3479  111.456  28.1076  
-0.1905  0.515613  2.98963e+010  -83.2643  111.372  28.1081  
-0.191  0.515227  2.98739e+010  -82.1805  111.289  29.1085  
-0.1915  0.514841  2.98515e+010  -82.0967  111.206  29.109  
-0.192  0.514454  2.98291e+010  -82.0128  111.122  29.1094  
-0.1925  0.514068  2.98067e+010  -82.9289  111.039  28.1097  
-0.193  0.513681  2.97843e+010  -82.8451  110.955  28.1101  
-0.1935  0.513296  2.97619e+010  -83.7613  110.872  27.1105  
-0.194  0.51291  2.97396e+010  -82.6777  110.789  28.1109  
-0.1945  0.512525  2.97173e+010  -82.5942  110.705  28.1112  
-0.195  0.512141  2.9695e+010  -82.5109  110.622  28.1115  
-0.1955  0.511758  2.96728e+010  -82.4279  110.54  28.1119  
-0.196  0.511376  2.96507e+010  -82.3451  110.457  28.1122  
-0.1965  0.510996  2.96286e+010  -82.2627  110.375  28.1125  
-0.197  0.510617  2.96066e+010  -82.1805  110.293  28.1127  
-0.1975  0.51024  2.95848e+010  -82.0988  110.212  28.113  
-0.198  0.509865  2.9563e+010  -82.0175  110.131  28.1133  
-0.1985  0.509491  2.95414e+010  -81.9366  110.05  28.1135  
-0.199  0.50912  2.95198e+010  -82.8562  109.97  27.1138  
-0.1995  0.508751  2.94984e+010  -82.7762  109.89  27.114  
-0.2  0.508384  2.94772e+010  -82.6968  109.811  27.1142  
-0.2005  0.50802  2.94561e+010  -82.6179  109.732  27.1144  
-0.201  0.507659  2.94351e+010  -83.5396  109.654  26.1147  
-0.2015  0.5073  2.94143e+010  -83.4618  109.577  26.1149  
-0.202  0.506943  2.93936e+010  -83.3846  109.5  26.1151  
-0.2025  0.506589  2.93731e+010  -83.308  109.423  26.1153  
-0.203  0.506238  2.93527e+010  -83.2319  109.347  26.1155  
-0.2035  0.50589  2.93325e+010  -83.1565  109.272  26.1157  
-0.204  0.505544  2.93125e+010  -83.0816  109.198  26.1159  
-0.2045  0.505202  2.92926e+010  -83.0074  109.124  26.1161  
-0.205  0.504862  2.92729e+010  -82.9338  109.05  26.1163  
-0.2055  0.504525  2.92534e+010  -82.8608  108.977  26.1165  
-0.206  0.504191  2.9234e+010  -81.7884  108.905  27.1167  
-0.2065  0.503859  2.92148e+010  -80.7167  108.834  28.1169  
-0.207  0.503531  2.91958e+010  -80.6456  108.763  28.1171  
-0.2075  0.503206  2.91769e+010  -80.5753  108.693  28.1173  
-0.208  0.502885  2.91583e+010  -80.5056  108.623  28.1175  
-0.2085  0.502566  2.91398e+010  -81.4366  108.554  27.1177  
-0.209  0.502251  2.91215e+010  -80.3683  108.486  28.1179  
-0.2095  0.501938  2.91034e+010  -80.3005  108.419  28.1181  
-0.21  0.501628  2.90854e+010  -81.2334  108.352  27.1183  
-0.2105  0.501321  2.90676e+010  -82.1669  108.285  26.1185  
-0.211  0.501017  2.905e+010  -82.1009  108.22  26.1188  
-0.2115  0.500715  2.90325e+010  -82.0353  108.154  26.119  
-0.212  0.500415  2.90151e+010  -81.9703  108.09  26.1193  
-0.2125  0.500117  2.89978e+010  -81.9057  108.025  26.1195  
-0.213  0.499821  2.89807e+010  -81.8415  107.961  26.1198  
-0.2135  0.499527  2.89636e+010  -81.7778  107.898  26.1201  
-0.214  0.499235  2.89467e+010  -81.7144  107.835  26.1204  
-0.2145  0.498944  2.89298e+010  -80.6513  107.772  27.1207  
-0.215  0.498655  2.89131e+010  -80.5886  107.71  27.121  
-0.2155  0.498368  2.88964e+010  -80.5261  107.647  27.1213  
-0.216  0.498081  2.88798e+010  -80.464  107.586  27.1216  
-0.2165  0.497796  2.88633e+010  -81.402  107.524  26.122  
-0.217  0.497512  2.88468e+010  -81.3403  107.463  26.1223  
-0.2175  0.497229  2.88304e+010  -81.2788  107.401  26.1227  
-0.218  0.496946  2.8814e+010  -81.2174  107.34  26.1231  
-0.2185  0.496664  2.87976e+010  -81.1561  107.28  26.1235  
-0.219  0.496383  2.87813e+010  -82.0948  107.219  25.1239  
-0.2195  0.496102  2.8765e+010  -81.0337  107.158  26.1243  
-0.22  0.49582  2.87487e+010  -79.9725  107.097  27.1247  
-0.2205  0.49554  2.87324e+010  -79.9115  107.037  27.1251  
-0.221  0.495259  2.87161e+010  -79.8505  106.976  27.1255  
-0.2215  0.494979  2.86999e+010  -79.7895  106.915  27.1259  
-0.222  0.494699  2.86836e+010  -79.7286  106.855  27.1263  
-0.2225  0.494419  2.86674e+010  -80.6676  106.794  26.1267  
-0.223  0.494138  2.86511e+010  -79.6067  106.734  27.1272  
-0.2235  0.493858  2.86349e+010  -79.5456  106.673  27.1276  
-0.224  0.493577  2.86186e+010  -79.4845  106.613  27.1281  
-0.2245  0.493296  2.86023e+010  -79.4234  106.552  27.1286  
-0.225  0.493014  2.8586e+010  -79.3621  106.491  27.129  
-0.2255  0.492732  2.85696e+010  -79.3007  106.43  27.1295  
-0.226  0.49245  2.85533e+010  -80.2392  106.369  26.13  
-0.2265  0.492167  2.85368e+010  -80.1775  106.308  26.1305  
-0.227  0.491882  2.85204e+010  -80.1157  106.247  26.131  
-0.2275  0.491597  2.85038e+010  -79.0536  106.185  27.1314  
-0.228  0.491312  2.84873e+010  -79.9914  106.123  26.1319  
-0.2285  0.491025  2.84707e+010  -79.9291  106.061  26.1324  
-0.229  0.490738  2.8454e+010  -79.8666  105.999  26.1329  
-0.2295  0.49045  2.84373e+010  -79.8039  105.937  26.1334  
-0.23  0.490161  2.84206e+010  -78.741  105.875  27.1338  
-0.2305  0.489872  2.84038e+010  -79.6781  105.812  26.1343  
-0.231  0.489582  2.8387e+010  -79.615  105.75  26.1347  
-0.2315  0.489292  2.83701e+010  -79.5518  105.687  26.1352  
-0.232  0.489001  2.83533e+010  -79.4886  105.624  26.1356  
-0.2325  0.48871  2.83364e+010  -78.4253  105.561  27.136  
-0.233  0.488419  2.83195e+010  -78.3621  105.498  27.1364  
-0.2335  0.488128  2.83027e+010  -78.2989  105.436  27.1368  
-0.234  0.487837  2.82858e+010  -78.2357  105.373  27.1371  
-0.2345  0.487547  2.8269e+010  -79.1727  105.31  26.1375  
-0.235  0.487257  2.82522e+010  -80.1098  105.248  25.1378  
-0.2355  0.486968  2.82354e+010  -80.047  105.185  25.1382  
-0.236  0.48668  2.82187e+010  -81.9843  105.123  23.1385  
-0.2365  0.486392  2.8202e+010  -81.9217  105.061  23.1388  
-0.237  0.486104  2.81853e+010  -81.8594  104.999  23.1392  
-0.2375  0.485818  2.81687e+010  -81.7971  104.937  23.1394  
-0.238  0.485532  2.81521e+010  -81.7351  104.875  23.1397  
-0.2385  0.485247  2.81356e+010  -81.6734  104.813  23.14  
-0.239  0.484963  2.81192e+010  -81.6119  104.752  23.1402  
-0.2395  0.484682  2.81028e+010  -82.5509  104.691  22.1404  
-0.24  0.484402  2.80866e+010  -82.4902  104.631  22.1406  
-0.2405  0.484124  2.80705e+010  -83.43  104.571  21.1407  
-0.241  0.483848  2.80545e+010  -83.3703  104.511  21.1409  
-0.2415  0.483574  2.80386e+010  -83.311  104.452  21.141  
-0.242  0.483303  2.80229e+010  -83.2523  104.393  21.1412  
-0.2425  0.483034  2.80073e+010  -83.1942  104.335  21.1412  
-0.243  0.482769  2.79919e+010  -82.1367  104.278  22.1413  
-0.2435  0.482506  2.79767e+010  -82.08  104.221  22.1414  
-0.244  0.482247  2.79617e+010  -81.024  104.165  23.1414  
-0.2445  0.481992  2.79469e+010  -80.969  104.11  23.1414  
-0.245  0.481742  2.79324e+010  -80.9148  104.056  23.1413  
-0.2455  0.481495  2.79181e+010  -81.8617  104.003  22.1413  
-0.246  0.481254  2.79041e+010  -81.8097  103.951  22.1412  
-0.2465  0.481018  2.78904e+010  -80.7587  103.9  23.1411  
-0.247  0.480787  2.7877e+010  -80.709  103.85  23.141  
-0.2475  0.480561  2.78639e+010  -80.6605  103.801  23.1408  
-0.248  0.480342  2.78512e+010  -79.6132  103.754  24.1406  
-0.2485  0.480129  2.78389e+010  -79.5674  103.708  24.1404  
-0.249  0.479922  2.78269e+010  -79.5231  103.663  24.1401  
-0.2495  0.479723  2.78153e+010  -79.4802  103.62  24.1399  
-0.25  0.47953  2.78041e+010  -79.4389  103.579  24.1396  
-0.2505  0.479345  2.77934e+010  -79.3993  103.539  24.1393  
-0.251  0.479168  2.77831e+010  -79.3613  103.5  24.139  
-0.2515  0.478998  2.77733e+010  -79.3249  103.464  24.1386  
-0.252  0.478836  2.77639e+010  -78.2904  103.429  25.1383  
-0.2525  0.478683  2.7755e+010  -78.2576  103.396  25.1379  
-0.253  0.478538  2.77466e+010  -78.2267  103.364  25.1375  
-0.2535  0.478401  2.77387e+010  -78.1976  103.335  25.1371  
-0.254  0.478273  2.77313e+010  -78.1702  103.307  25.1367  
-0.2545  0.478153  2.77243e+010  -78.1447  103.281  25.1363  
-0.255  0.478042  2.77178e+010  -78.1211  103.257  25.1359  
-0.2555  0.477939  2.77119e+010  -79.0993  103.235  24.1355  
-0.256  0.477845  2.77064e+010  -78.0794  103.215  25.1351  
-0.2565  0.47776  2.77015e+010  -78.0614  103.196  25.1347  
-0.257  0.477683  2.7697e+010  -78.0453  103.18  25.1343  
-0.2575  0.477615  2.76931e+010  -78.0311  103.165  25.1338  
-0.258  0.477556  2.76897e+010  -78.0187  103.152  25.1334  
-0.2585  0.477506  2.76868e+010  -78.0083  103.141  25.133  
-0.259  0.477464  2.76843e+010  -78.9997  103.132  24.1326  
-0.2595  0.477431  2.76824e+010  -78.9929  103.125  24.1322  
-0.26  0.477407  2.7681e+010  -78.9881  103.12  24.1318  
-0.2605  0.477391  2.76801e+010  -78.985  103.116  24.1314  
-0.261  0.477383  2.76796e+010  -79.9837  103.115  23.131  
-0.2615  0.477383  2.76797e+010  -79.9841  103.115  23.1307  
-0.262  0.477392  2.76802e+010  -80.9863  103.117  22.1303  
-0.2625  0.477408  2.76811e+010  -79.9902  103.12  23.13  
-0.263  0.477432  2.76825e+010  -79.9958  103.125  23.1296  
-0.2635  0.477464  2.76844e+010  -80.003  103.132  23.1293  
-0.264  0.477503  2.76866e+010  -80.0117  103.141  23.129  
-0.2645  0.47755  2.76893e+010  -80.022  103.151  23.1287  
-0.265  0.477603  2.76924e+010  -80.0339  103.162  23.1284  
-0.2655  0.477664  2.76959e+010  -80.0472  103.175  23.1282  
-0.266  0.477731  2.76998e+010  -80.0619  103.19  23.1279  
-0.2665  0.477804  2.77041e+010  -81.078  103.206  22.1277  
-0.267  0.477884  2.77087e+010  -81.0954  103.223  22.1275  
-0.2675  0.47797  2.77137e+010  -81.1141  103.241  22.1273  
-0.268  0.478061  2.7719e+010  -81.134  103.261  22.1272  
-0.2685  0.478158  2.77246e+010  -81.1551  103.282  22.1271  
-0.269  0.47826  2.77305e+010  -81.1773  103.304  22.1269  
-0.2695  0.478368  2.77367e+010  -81.2005  103.327  22.1268  
-0.27  0.478479  2.77432e+010  -82.2248  103.352  21.1268  
-0.2705  0.478596  2.775e+010  -82.25  103.377  21.1267  
-0.271  0.478716  2.77569e+010  -83.276  103.403  20.1267  
-0.2715  0.47884  2.77641e+010  -82.3028  103.429  21.1267  
-0.272  0.478968  2.77715e+010  -82.3304  103.457  21.1267  
-0.2725  0.479099  2.77791e+010  -82.3586  103.485  21.1267  
-0.273  0.479233  2.77869e+010  -82.3875  103.514  21.1268  
-0.2735  0.47937  2.77948e+010  -82.417  103.544  21.1268  
-0.274  0.479509  2.78029e+010  -82.447  103.574  21.1269  
-0.2745  0.47965  2.78111e+010  -82.4775  103.605  21.127  
-0.275  0.479794  2.78194e+010  -82.5083  103.636  21.1272  
-0.2755  0.479939  2.78279e+010  -82.5396  103.667  21.1273  
-0.276  0.480086  2.78364e+010  -82.5711  103.699  21.1275  
-0.2765  0.480234  2.7845e+010  -82.6029  103.731  21.1277  
-0.277  0.480383  2.78536e+010  -82.6348  103.763  21.1279  
-0.2775  0.480533  2.78623e+010  -82.6669  103.795  21.1281  
-0.278  0.480683  2.7871e+010  -82.6991  103.827  21.1284  
-0.2785  0.480833  2.78797e+010  -83.7313  103.86  20.1286  
-0.279  0.480984  2.78884e+010  -83.7635  103.892  20.1289  
-0.2795  0.481134  2.78971e+010  -83.7957  103.925  20.1292  
-0.28  0.481284  2.79058e+010  -83.8277  103.957  20.1295  
-0.2805  0.481433  2.79145e+010  -83.8596  103.989  20.1299  
-0.281  0.481581  2.7923e+010  -83.8912  104.021  20.1302  
-0.2815  0.481728  2.79316e+010  -84.9227  104.053  19.1306  
-0.282  0.481874  2.794e+010  -84.9538  104.085  19.131  
-0.2825  0.482018  2.79484e+010  -83.9846  104.116  20.1314  
-0.283  0.482161  2.79567e+010  -83.0151  104.147  21.1318  
-0.2835  0.482303  2.79649e+010  -83.0454  104.178  21.1322  
-0.284  0.482444  2.79731e+010  -83.0754  104.208  21.1326  
-0.2845  0.482584  2.79812e+010  -82.1051  104.238  22.133  
-0.285  0.482722  2.79892e+010  -83.1345  104.268  21.1334  
-0.2855  0.482858  2.79971e+010  -83.1636  104.297  21.1338  
-0.286  0.482993  2.80049e+010  -83.1923  104.327  21.1342  
-0.2865  0.483126  2.80127e+010  -83.2206  104.355  21.1347  
-0.287  0.483258  2.80203e+010  -83.2485  104.384  21.1351  
-0.2875  0.483387  2.80278e+010  -82.276  104.412  22.1356  
-0.288  0.483514  2.80352e+010  -82.3031  104.439  22.136  
-0.2885  0.48364  2.80424e+010  -83.3298  104.466  21.1364  
-0.289  0.483764  2.80496e+010  -83.3561  104.493  21.1368  
-0.2895  0.483885  2.80567e+010  -83.3819  104.519  21.1373  
-0.29  0.484005  2.80636e+010  -84.4074  104.545  20.1377  
-0.2905  0.484122  2.80704e+010  -84.4323  104.57  20.1381  
-0.291  0.484238  2.80771e+010  -85.4568  104.595  19.1386  
-0.2915  0.484351  2.80837e+010  -84.4808  104.62  20.139  
-0.292  0.484462  2.80901e+010  -84.5044  104.644  20.1395  
-0.2925  0.484572  2.80965e+010  -83.5276  104.667  21.1399  
-0.293  0.484679  2.81027e+010  -83.5503  104.691  21.1403  
-0.2935  0.484784  2.81088e+010  -83.5728  104.713  21.1406  
-0.294  0.484888  2.81148e+010  -84.5949  104.736  20.141  
-0.2945  0.484991  2.81208e+010  -84.6167  104.758  20.1414  
-0.295  0.485092  2.81266e+010  -83.6382  104.78  21.1417  
-0.2955  0.485192  2.81324e+010  -84.6594  104.801  20.1421  
-0.296  0.48529  2.81381e+010  -84.6803  104.823  20.1425  
-0.2965  0.485388  2.81438e+010  -85.7009  104.844  19.1428  
-0.297  0.485484  2.81494e+010  -86.7214  104.865  18.1431  
-0.2975  0.485579  2.81549e+010  -85.7416  104.885  19.1435  
-0.298  0.485673  2.81603e+010  -85.7616  104.905  19.1438  
-0.2985  0.485767  2.81658e+010  -84.7816  104.926  20.1441  
-0.299  0.485861  2.81712e+010  -84.8016  104.946  20.1444  
-0.2995  0.485955  2.81767e+010  -85.8216  104.966  19.1446  
-0.3  0.486049  2.81821e+010  -84.8417  104.987  20.1449  
-0.3005  0.486143  2.81876e+010  -84.8619  105.007  20.1451  
-0.301  0.486239  2.81931e+010  -84.8823  105.028  20.1452  
-0.3015  0.486335  2.81987e+010  -84.9029  105.048  20.1454  
-0.302  0.486432  2.82044e+010  -85.9238  105.069  19.1456  
-0.3025  0.486531  2.82101e+010  -85.945  105.091  19.1457  
-0.303  0.486631  2.82159e+010  -84.9665  105.112  20.1459  
-0.3035  0.486733  2.82218e+010  -83.9885  105.134  21.146  
-0.304  0.486838  2.82279e+010  -84.011  105.157  21.146  
-0.3045  0.486945  2.82341e+010  -84.034  105.18  21.1461  
-0.305  0.487055  2.82404e+010  -83.0577  105.204  22.1461  
-0.3055  0.487168  2.8247e+010  -84.0821  105.228  21.1461  
-0.306  0.487284  2.82537e+010  -84.1072  105.253  21.1462  
-0.3065  0.487404  2.82607e+010  -84.133  105.279  21.1462  
-0.307  0.487527  2.82678e+010  -84.1596  105.306  21.1462  
-0.3075  0.487653  2.82751e+010  -84.187  105.333  21.1462  
-0.308  0.487784  2.82827e+010  -84.2152  105.361  21.1461  
-0.3085  0.487919  2.82905e+010  -84.2444  105.39  21.1461  
-0.309  0.488058  2.82986e+010  -85.2745  105.42  20.146  
-0.3095  0.488201  2.83069e+010  -85.3055  105.451  20.146  
-0.31  0.488349  2.83155e+010  -85.3375  105.483  20.1459  
-0.3105  0.488501  2.83243e+010  -85.3704  105.516  20.1458  
-0.311  0.488658  2.83334e+010  -85.4044  105.55  20.1457  
-0.3115  0.48882  2.83428e+010  -85.4394  105.585  20.1457  
-0.312  0.488986  2.83524e+010  -85.4755  105.621  20.1456  
-0.3125  0.489158  2.83624e+010  -85.5127  105.658  20.1455  
-0.313  0.489335  2.83727e+010  -85.551  105.696  20.1453  
-0.3135  0.489517  2.83832e+010  -85.5904  105.736  20.1452  
-0.314  0.489704  2.83941e+010  -85.631  105.776  20.1451  
-0.3145  0.489897  2.84052e+010  -87.6727  105.818  18.145  
-0.315  0.490095  2.84167e+010  -88.7155  105.86  17.1449  
-0.3155  0.490297  2.84284e+010  -87.7592  105.904  18.1449  
-0.316  0.490504  2.84404e+010  -87.8039  105.949  18.1448  
-0.3165  0.490715  2.84526e+010  -87.8496  105.994  18.1448  
-0.317  0.49093  2.84651e+010  -86.8961  106.041  19.1448  
-0.3175  0.49115  2.84779e+010  -86.9437  106.088  19.1447  
-0.318  0.491374  2.84909e+010  -85.9922  106.137  20.1447  
-0.3185  0.491603  2.85042e+010  -86.0416  106.186  20.1447  
-0.319  0.491836  2.85177e+010  -86.0919  106.237  20.1447  
-0.3195  0.492073  2.85314e+010  -86.1431  106.288  20.1447  
-0.32  0.492314  2.85454e+010  -86.195  106.34  20.1447  
-0.3205  0.492558  2.85595e+010  -87.2477  106.392  19.1448  
-0.321  0.492805  2.85738e+010  -87.3009  106.446  19.1449  
-0.3215  0.493054  2.85883e+010  -87.3547  106.5  19.145  
-0.322  0.493306  2.86029e+010  -87.409  106.554  19.1451  
-0.3225  0.49356  2.86176e+010  -87.4637  106.609  19.1453  
-0.323  0.493816  2.86325e+010  -86.5188  106.664  20.1455  
-0.3235  0.494074  2.86474e+010  -86.5742  106.72  20.1457  
-0.324  0.494332  2.86624e+010  -86.6298  106.776  20.1459  
-0.3245  0.494592  2.86774e+010  -86.6856  106.832  20.1462  
-0.325  0.494852  2.86925e+010  -88.7415  106.888  18.1465  
-0.3255  0.495111  2.87076e+010  -87.7972  106.944  19.1469  
-0.326  0.49537  2.87226e+010  -87.8526  107  19.1473  
-0.3265  0.495627  2.87375e+010  -87.9078  107.055  19.1477  
-0.327  0.495883  2.87523e+010  -87.9625  107.111  19.1481  
-0.3275  0.496136  2.8767e+010  -88.0168  107.165  19.1486  
-0.328  0.496387  2.87815e+010  -88.0705  107.22  19.1491  
-0.3285  0.496635  2.87959e+010  -88.1235  107.273  19.1497  
-0.329  0.49688  2.88101e+010  -88.1757  107.326  19.1503  
-0.3295  0.49712  2.88241e+010  -87.227  107.378  20.1509  
-0.33  0.497357  2.88378e+010  -87.2775  107.429  20.1516  
-0.3305  0.497589  2.88513e+010  -87.3271  107.479  20.1522  
-0.331  0.497817  2.88645e+010  -86.3756  107.529  21.1529  
-0.3315  0.49804  2.88774e+010  -86.423  107.577  21.1537  
-0.332  0.498257  2.889e+010  -86.4692  107.624  21.1544  
-0.3325  0.498469  2.89023e+010  -86.514  107.669  21.1552  
-0.333  0.498674  2.89141e+010  -86.5575  107.714  21.1561  
-0.3335  0.498872  2.89256e+010  -86.5994  107.756  21.157  
-0.334  0.499063  2.89367e+010  -86.6397  107.798  21.1579  
-0.3345  0.499246  2.89473e+010  -85.6784  107.837  22.1588  
-0.335  0.499422  2.89575e+010  -85.7153  107.875  22.1598  
-0.3355  0.499589  2.89672e+010  -85.7504  107.911  22.1608  
-0.336  0.499747  2.89764e+010  -86.7837  107.945  21.1618  
-0.3365  0.499897  2.89851e+010  -86.8149  107.978  21.1629  
-0.337  0.500036  2.89931e+010  -86.8439  108.008  21.164  
-0.3375  0.500166  2.90006e+010  -87.8706  108.036  20.1652  
-0.338  0.500284  2.90075e+010  -87.8949  108.061  20.1664  
-0.3385  0.50039  2.90136e+010  -87.9166  108.084  20.1676  
-0.339  0.500484  2.90191e+010  -87.9356  108.104  20.1689  
-0.3395  0.500565  2.90238e+010  -87.9518  108.122  20.1702  
-0.34  0.500633  2.90278e+010  -87.9653  108.137  20.1716  
-0.3405  0.500688  2.90309e+010  -87.9758  108.149  20.1729  
-0.341  0.50073  2.90334e+010  -88.9833  108.158  19.1743  
-0.3415  0.500757  2.90349e+010  -89.9878  108.164  18.1758  
-0.342  0.500769  2.90356e+010  -89.9888  108.166  18.1773  
-0.3425  0.500765  2.90354e+010  -89.9865  108.165  18.1788  
-0.343  0.500745  2.90343e+010  -90.9807  108.161  17.1803  
-0.3435  0.500709  2.90321e+010  -90.9712  108.153  17.1819  
-0.344  0.500656  2.9029e+010  -90.9581  108.142  17.1835  
-0.3445  0.500585  2.90249e+010  -90.9411  108.126  17.1852  
-0.345  0.500496  2.90198e+010  -90.9203  108.107  17.1868  
-0.3455  0.500389  2.90136e+010  -89.8956  108.084  18.1885  
-0.346  0.500265  2.90064e+010  -89.867  108.057  18.1902  
-0.3465  0.500122  2.89981e+010  -89.8345  108.026  18.1918  
-0.347  0.499961  2.89888e+010  -89.798  107.992  18.1935  
-0.3475  0.499781  2.89783e+010  -86.7575  107.953  21.1952  
-0.348  0.499583  2.89668e+010  -86.713  107.91  21.1969  
-0.3485  0.499366  2.89543e+010  -85.6644  107.863  22.1986  
-0.349  0.49913  2.89406e+010  -85.6117  107.812  22.2003  
-0.3495  0.498874  2.89258e+010  -85.5548  107.757  22.202  
-0.35  0.4986  2.89098e+010  -85.4937  107.697  22.2038  
-0.3505  0.498305  2.88928e+010  -85.4285  107.634  22.2055  
-0.351  0.497992  2.88746e+010  -85.3591  107.566  22.2072  
-0.3515  0.497659  2.88553e+010  -85.2855  107.494  22.2089  
-0.352  0.497307  2.88349e+010  -85.2076  107.418  22.2106  
-0.3525  0.496935  2.88133e+010  -85.1256  107.338  22.2124  
-0.353  0.496544  2.87906e+010  -84.0394  107.254  23.2141  
-0.3535  0.496134  2.87668e+010  -83.9491  107.165  23.2157  
-0.354  0.495704  2.87419e+010  -83.8546  107.072  23.2174  
-0.3545  0.495255  2.87159e+010  -83.756  106.975  23.2191  
-0.355  0.494787  2.86888e+010  -83.6533  106.874  23.2207  
-0.3555  0.494301  2.86606e+010  -83.5465  106.769  23.2224  
-0.356  0.493795  2.86313e+010  -83.4358  106.66  23.224  
-0.3565  0.493271  2.86009e+010  -83.321  106.547  23.2256  
-0.357  0.492729  2.85694e+010  -83.2023  106.429  23.2272  
-0.3575  0.492169  2.85369e+010  -83.0797  106.308  23.2287  
-0.358  0.49159  2.85034e+010  -82.9533  106.183  23.2302  
-0.3585  0.490994  2.84689e+010  -82.823  106.055  23.2317  
-0.359  0.490381  2.84333e+010  -82.6891  105.922  23.2332  
-0.3595  0.489751  2.83968e+010  -82.5515  105.786  23.2347  
-0.36  0.489104  2.83593e+010  -82.4104  105.646  23.2361  
-0.3605  0.488441  2.83208e+010  -82.2657  105.503  23.2374  
-0.361  0.487761  2.82814e+010  -81.1176  105.356  24.2388  
-0.3615  0.487066  2.82411e+010  -80.9662  105.206  24.2401  
-0.362  0.486356  2.81999e+010  -80.8115  105.053  24.2413  
-0.3625  0.485631  2.81579e+010  -80.6537  104.896  24.2426  
-0.363  0.484892  2.8115e+010  -79.4929  104.737  25.2438  
-0.3635  0.484139  2.80714e+010  -78.3291  104.574  26.2449  
-0.364  0.483373  2.80269e+010  -78.1625  104.408  26.246  
-0.3645  0.482594  2.79818e+010  -77.9932  104.24  26.247  
-0.365  0.481802  2.79359e+010  -77.8213  104.069  26.248  
-0.3655  0.481  2.78893e+010  -77.647  103.896  26.2489  
-0.366  0.480185  2.78421e+010  -77.4702  103.72  26.2498  
-0.3665  0.479361  2.77943e+010  -77.2912  103.542  26.2507  
-0.367  0.478526  2.77459e+010  -75.1101  103.362  28.2515  
-0.3675  0.477681  2.76969e+010  -73.927  103.179  29.2522  
-0.368  0.476828  2.76475e+010  -73.742  102.995  29.2528  
-0.3685  0.475966  2.75975e+010  -73.5552  102.809  29.2535  
-0.369  0.475096  2.75471e+010  -72.3668  102.621  30.254  
-0.3695  0.47422  2.74962e+010  -72.177  102.431  30.2545  
-0.37  0.473337  2.7445e+010  -71.9859  102.241  30.2549  
-0.3705  0.472448  2.73935e+010  -71.7936  102.049  30.2552  
-0.371  0.471555  2.73417e+010  -71.6004  101.856  30.2555  
-0.3715  0.470657  2.72897e+010  -71.4062  101.662  30.2557  
-0.372  0.469756  2.72374e+010  -70.2114  101.467  31.2559  
-0.3725  0.468852  2.7185e+010  -70.0161  101.272  31.256  
-0.373  0.467946  2.71325e+010  -69.8204  101.076  31.256  
-0.3735  0.467039  2.70799e+010  -69.6245  100.88  31.2559  
-0.374  0.466132  2.70273e+010  -69.4286  100.684  31.2558  
-0.3745  0.465224  2.69747e+010  -68.2329  100.488  32.2556  
-0.375  0.464318  2.69221e+010  -66.0374  100.293  34.2553  
-0.3755  0.463414  2.68697e+010  -65.8425  100.097  34.255  
-0.376  0.462513  2.68174e+010  -65.6482  99.9028  34.2545  
-0.3765  0.461615  2.67654e+010  -65.4548  99.7088  34.254  
-0.377  0.460722  2.67136e+010  -65.2624  99.5159  34.2535  
-0.3775  0.459833  2.66621e+010  -65.0712  99.324  34.2528  
-0.378  0.458951  2.66109e+010  -64.8814  99.1334  34.2521  
-0.3785  0.458076  2.65602e+010  -64.6931  98.9443  34.2512  
-0.379  0.457208  2.65099e+010  -63.5065  98.7569  35.2504  
-0.3795  0.456349  2.646e+010  -63.3219  98.5713  35.2494  
-0.38  0.455499  2.64108e+010  -63.1394  98.3877  35.2483  
-0.3805  0.454659  2.63621e+010  -62.9592  98.2064  35.2472  
-0.381  0.453831  2.6314e+010  -62.7815  98.0275  35.246  
-0.3815  0.453015  2.62667e+010  -62.6065  97.8512  35.2447  
-0.382  0.452211  2.62201e+010  -62.4344  97.6776  35.2433  
-0.3825  0.451422  2.61744e+010  -62.2654  97.5071  35.2418  
-0.383  0.450647  2.61295e+010  -62.0996  97.3398  35.2402  
-0.3835  0.449889  2.60855e+010  -60.9374  97.176  36.2386  
-0.384  0.449147  2.60425e+010  -60.7789  97.0157  36.2368  
-0.3845  0.448422  2.60005e+010  -60.6243  96.8593  36.235  
-0.385  0.447717  2.59596e+010  -60.4738  96.7069  36.2331  
-0.3855  0.447031  2.59198e+010  -60.3277  96.5587  36.2311  
-0.386  0.446366  2.58812e+010  -60.1861  96.415  36.229  
-0.3865  0.445722  2.58439e+010  -60.0492  96.276  36.2268  
-0.387  0.445101  2.58079e+010  -59.9174  96.1419  36.2245  
-0.3875  0.444504  2.57732e+010  -59.7907  96.0128  36.2221  
-0.388  0.443931  2.574e+010  -58.6695  95.8891  37.2196  
-0.3885  0.443384  2.57083e+010  -58.5538  95.7709  37.2171  
-0.389  0.442863  2.56781e+010  -58.444  95.6584  37.2144  
-0.3895  0.44237  2.56495e+010  -58.3402  95.5519  37.2117  
-0.39  0.441905  2.56226e+010  -58.2427  95.4516  37.2088  
-0.3905  0.44147  2.55974e+010  -58.1517  95.3576  37.2059  
-0.391  0.441066  2.55739e+010  -58.0673  95.2703  37.2029  
-0.3915  0.440693  2.55523e+010  -57.9899  95.1897  37.1998  
-0.392  0.440353  2.55326e+010  -57.9196  95.1162  37.1966  
-0.3925  0.440046  2.55148e+010  -57.8566  95.0499  37.1933  
-0.393  0.439774  2.5499e+010  -57.8012  94.9911  37.19  
-0.3935  0.439537  2.54852e+010  -57.7535  94.94  37.1865  
-0.394  0.439336  2.54736e+010  -56.7137  94.8967  38.1829  
-0.3945  0.439174  2.54642e+010  -56.6822  94.8615  38.1793  
-0.395  0.439049  2.5457e+010  -56.6591  94.8346  38.1756  
-0.3955  0.438964  2.54521e+010  -55.6446  94.8163  39.1718  
-0.396  0.43892  2.54495e+010  -53.6389  94.8068  41.1678  
-0.3965  0.438917  2.54493e+010  -53.6423  94.8062  41.1638  
-0.397  0.438957  2.54516e+010  -53.655  94.8147  41.1598  
-0.3975  0.43904  2.54564e+010  -53.677  94.8326  41.1556  
-0.398  0.439166  2.54638e+010  -53.7086  94.86  41.1514  
-0.3985  0.439338  2.54737e+010  -52.7499  94.897  42.1471  
-0.399  0.439555  2.54863e+010  -52.8012  94.9438  42.1427  
-0.3995  0.439818  2.55015e+010  -52.8624  95.0007  42.1383  
-0.4  0.440128  2.55195e+010  -52.9339  95.0676  42.1338  
-0.4005  0.440485  2.55402e+010  -53.0156  95.1448  42.1292  
-0.401  0.440891  2.55637e+010  -53.1078  95.2324  42.1246  
-0.4015  0.441345  2.55901e+010  -53.2106  95.3305  42.1199  
-0.402  0.441848  2.56193e+010  -52.324  95.4392  43.1152  
-0.4025  0.442401  2.56513e+010  -52.4482  95.5586  43.1104  
-0.403  0.443004  2.56863e+010  -52.5833  95.6889  43.1056  
-0.4035  0.443658  2.57242e+010  -52.7293  95.8301  43.1008  
-0.404  0.444362  2.5765e+010  -52.8864  95.9823  43.0959  
-0.4045  0.445118  2.58089e+010  -53.0545  96.1455  43.091  
-0.405  0.445925  2.58556e+010  -53.2338  96.3198  43.086  
-0.4055  0.446784  2.59054e+010  -53.4242  96.5053  43.0811  
-0.406  0.447694  2.59582e+010  -53.6258  96.7019  43.0761  
-0.4065  0.448656  2.6014e+010  -53.8387  96.9098  43.0711  
-0.407  0.449671  2.60728e+010  -53.0628  97.1289  44.0661  
-0.4075  0.450737  2.61346e+010  -52.298  97.3591  45.0611  
-0.408  0.451855  2.61995e+010  -52.5445  97.6006  45.0561  
-0.4085  0.453024  2.62673e+010  -52.8022  97.8532  45.051  
-0.409  0.454245  2.63381e+010  -53.0709  98.1169  45.046  
-0.4095  0.455517  2.64118e+010  -53.3507  98.3917  45.041  
-0.41  0.45684  2.64885e+010  -53.6415  98.6775  45.0361  
-0.4105  0.458214  2.65682e+010  -53.9431  98.9742  45.0311  
-0.411  0.459637  2.66507e+010  -53.2555  99.2817  46.0262  
-0.4115  0.46111  2.67361e+010  -52.5785  99.5998  47.0214  
-0.412  0.462632  2.68244e+010  -52.912  99.9285  47.0165  
-0.4125  0.464202  2.69154e+010  -53.2559  100.268  47.0118  
-0.413  0.46582  2.70092e+010  -52.61  100.617  48.007  
-0.4135  0.467484  2.71057e+010  -52.9741  100.976  48.0024  
-0.414  0.469194  2.72048e+010  -53.348  101.346  47.9978  
-0.4145  0.470948  2.73066e+010  -53.7316  101.725  47.9933  
-0.415  0.472747  2.74109e+010  -53.1246  102.113  48.9888  
-0.4155  0.474589  2.75176e+010  -53.5267  102.511  48.9844  
-0.416  0.476472  2.76268e+010  -53.9378  102.918  48.9801  
-0.4165  0.478396  2.77384e+010  -54.3576  103.334  48.9759  
-0.417  0.480359  2.78522e+010  -54.7858  103.758  48.9718  
-0.4175  0.482361  2.79683e+010  -54.2222  104.19  49.9678  
-0.418  0.484399  2.80865e+010  -54.6664  104.63  49.9638  
-0.4185  0.486473  2.82067e+010  -55.1183  105.078  49.96  
-0.419  0.488581  2.8329e+010  -54.5773  105.534  50.9563  
-0.4195  0.490722  2.84531e+010  -55.0434  105.996  50.9526  
-0.42  0.492894  2.8579e+010  -55.516  106.465  50.9491  
-0.4205  0.495096  2.87067e+010  -55.995  106.941  50.9458  
-0.421  0.497326  2.8836e+010  -56.4799  107.422  50.9425  
-0.4215  0.499583  2.89668e+010  -55.9705  107.91  51.9394  
-0.422  0.501864  2.90991e+010  -56.4663  108.403  51.9364  
-0.4225  0.504169  2.92328e+010  -56.9671  108.901  51.9335  
-0.423  0.506496  2.93677e+010  -57.4724  109.403  51.9308  
-0.4235  0.508843  2.95037e+010  -55.9819  109.91  53.9281  
-0.424  0.511208  2.96409e+010  -55.4952  110.421  54.9257  
-0.4245  0.513589  2.9779e+010  -55.012  110.935  55.9233  
-0.425  0.515986  2.99179e+010  -55.532  111.453  55.921  
-0.4255  0.518396  3.00577e+010  -56.0546  111.974  55.9189  
-0.426  0.520818  3.01981e+010  -56.5797  112.497  55.917  
-0.4265  0.523249  3.03391e+010  -57.1067  113.022  55.9151  
-0.427  0.525689  3.04805e+010  -57.6354  113.549  55.9134  
-0.4275  0.528136  3.06224e+010  -58.1654  114.077  55.9119  
-0.428  0.530587  3.07645e+010  -58.6962  114.607  55.9105  
-0.4285  0.533041  3.09068e+010  -59.2277  115.137  55.9092  
-0.429  0.535497  3.10492e+010  -59.7592  115.667  55.9081  
-0.4295  0.537952  3.11916e+010  -60.2907  116.198  55.9071  
-0.43  0.540406  3.13339e+010  -60.8216  116.728  55.9062  
-0.4305  0.542857  3.1476e+010  -60.3517  117.257  56.9054  
-0.431  0.545303  3.16178e+010  -60.8806  117.785  56.9048  
-0.4315  0.547742  3.17592e+010  -61.408  118.312  56.9043  
-0.432  0.550173  3.19002e+010  -61.9335  118.837  56.9039  
-0.4325  0.552596  3.20406e+010  -62.4569  119.361  56.9037  
-0.433  0.555007  3.21804e+010  -62.9779  119.881  56.9036  
-0.4335  0.557406  3.23195e+010  -63.4961  120.4  56.9036  
-0.434  0.559792  3.24579e+010  -64.0113  120.915  56.9037  
-0.4345  0.562162  3.25953e+010  -64.5232  121.427  56.9039  
-0.435  0.564517  3.27319e+010  -63.0315  121.936  58.9042  
-0.4355  0.566854  3.28674e+010  -63.536  122.441  58.9046  
-0.436  0.569173  3.30018e+010  -64.0363  122.941  58.9051  
-0.4365  0.571472  3.31352e+010  -64.5324  123.438  58.9057  
-0.437  0.573751  3.32673e+010  -65.0238  123.93  58.9064  
-0.4375  0.576008  3.33981e+010  -65.5105  124.418  58.9072  
-0.438  0.578242  3.35277e+010  -65.9922  124.9  58.908  
-0.4385  0.580452  3.36558e+010  -64.4687  125.378  60.909  
-0.439  0.582638  3.37825e+010  -64.9397  125.85  60.91  
-0.4395  0.584798  3.39078e+010  -65.4052  126.316  60.9111  
-0.44  0.586932  3.40315e+010  -65.865  126.777  60.9123  
-0.4405  0.589039  3.41537e+010  -66.3188  127.232  60.9136  
-0.441  0.591118  3.42742e+010  -65.7665  127.681  61.9149  
-0.4415  0.593168  3.43931e+010  -65.2081  128.124  62.9162  
-0.442  0.59519  3.45103e+010  -65.6433  128.561  62.9177  
-0.4425  0.597181  3.46258e+010  -66.072  128.991  62.9192  
-0.443  0.599143  3.47395e+010  -66.4941  129.415  62.9207  
-0.4435  0.601073  3.48515e+010  -66.9096  129.832  62.9223  
-0.444  0.602973  3.49616e+010  -66.3182  130.242  63.924  
-0.4445  0.604841  3.50699e+010  -65.72  130.646  64.9256  
-0.445  0.606676  3.51763e+010  -66.1148  131.042  64.9273  
-0.4455  0.60848  3.52809e+010  -66.5025  131.432  64.9291  
-0.446  0.61025  3.53836e+010  -66.8832  131.814  64.9309  
-0.4465  0.611988  3.54843e+010  -67.2567  132.189  64.9327  
-0.447  0.613693  3.55832e+010  -65.6231  132.558  66.9345  
-0.4475  0.615364  3.56801e+010  -63.9822  132.919  68.9364  
-0.448  0.617001  3.5775e+010  -64.334  133.272  68.9382  
-0.4485  0.618605  3.5868e+010  -64.6786  133.619  68.9401  
-0.449  0.620175  3.59591e+010  -63.0159  133.958  70.942  
-0.4495  0.621712  3.60481e+010  -60.3459  134.29  73.9439  
-0.45  0.623215  3.61353e+010  -60.6686  134.614  73.9458  
-0.4505  0.624684  3.62205e+010  -60.9841  134.932  73.9477  
-0.451  0.62612  3.63037e+010  -61.2923  135.242  73.9497  
-0.4515  0.627522  3.6385e+010  -60.5932  135.545  74.9516  
-0.452  0.628891  3.64644e+010  -59.8869  135.84  75.9536  
-0.4525  0.630226  3.65418e+010  -59.1734  136.129  76.9555  
-0.453  0.631528  3.66173e+010  -58.4527  136.41  77.9574  
-0.4535  0.632797  3.66909e+010  -56.725  136.684  79.9593  
-0.454  0.634034  3.67626e+010  -56.9901  136.951  79.9612  
-0.4545  0.635237  3.68324e+010  -57.2482  137.211  79.9631  
-0.455  0.636408  3.69003e+010  -55.4993  137.464  81.9649  
-0.4555  0.637547  3.69663e+010  -52.7434  137.71  84.9668  
-0.456  0.638655  3.70305e+010  -50.9808  137.949  86.9686  
-0.4565  0.63973  3.70929e+010  -51.2114  138.182  86.9704  
-0.457  0.640775  3.71535e+010  -50.4352  138.407  87.9722  
-0.4575  0.641789  3.72123e+010  -50.6525  138.626  87.974  
-0.458  0.642773  3.72693e+010  -50.8631  138.839  87.9758  
-0.4585  0.643726  3.73245e+010  -51.0672  139.045  87.9775  
-0.459  0.644649  3.73781e+010  -51.2649  139.244  87.9793  
-0.4595  0.645542  3.74299e+010  -50.4561  139.437  88.981  
-0.46  0.646407  3.748e+010  -50.6411  139.624  88.9828  
-0.4605  0.647242  3.75284e+010  -50.8198  139.804  88.9845  
-0.461  0.648048  3.75752e+010  -50.9923  139.978  88.9862  
-0.4615  0.648827  3.76203e+010  -51.1587  140.147  88.9879  
-0.462  0.649577  3.76638e+010  -51.3191  140.309  88.9895  
-0.4625  0.6503  3.77057e+010  -50.4736  140.465  89.9912  
-0.463  0.650995  3.7746e+010  -50.6222  140.615  89.9928  
-0.4635  0.651664  3.77848e+010  -48.765  140.759  91.9944  
-0.464  0.652306  3.7822e+010  -47.9022  140.898  92.9959  
-0.4645  0.652922  3.78578e+010  -46.0338  141.031  94.9975  
-0.465  0.653514  3.78921e+010  -46.16  141.159  94.999  
-0.4655  0.65408  3.79249e+010  -45.2808  141.281  96.0004  
-0.466  0.654622  3.79563e+010  -44.3964  141.398  97.0019  
-0.4665  0.655139  3.79863e+010  -43.5068  141.51  98.0033  
-0.467  0.655634  3.8015e+010  -42.6122  141.617  99.0047  
-0.4675  0.656105  3.80423e+010  -42.7126  141.719  99.006  
-0.468  0.656554  3.80683e+010  -42.8082  141.816  99.0074  
-0.4685  0.65698  3.80931e+010  -41.899  141.908  100.009  
-0.469  0.657385  3.81165e+010  -40.9851  141.995  101.01  
-0.4695  0.657768  3.81387e+010  -41.0666  142.078  101.011  
-0.47  0.65813  3.81597e+010  -39.1436  142.156  103.012  
-0.4705  0.658472  3.81796e+010  -39.2163  142.23  103.014  
-0.471  0.658794  3.81982e+010  -38.2847  142.3  104.015  
-0.4715  0.659097  3.82158e+010  -36.3489  142.365  106.016  
-0.472  0.65938  3.82322e+010  -35.4091  142.426  107.017  
-0.4725  0.659646  3.82476e+010  -34.4654  142.484  108.018  
-0.473  0.659894  3.8262e+010  -30.5179  142.537  112.019  
-0.4735  0.660124  3.82754e+010  -27.5669  142.587  115.02  
-0.474  0.66034  3.82879e+010  -27.6125  142.633  115.021  
-0.4745  0.66054  3.82995e+010  -26.6549  142.677  116.022  
-0.475  0.660725  3.83102e+010  -24.6942  142.717  118.023  
-0.4755  0.660897  3.83202e+010  -23.7304  142.754  119.023  
-0.476  0.661055  3.83293e+010  -23.7638  142.788  119.024  
-0.4765  0.6612  3.83377e+010  -22.7944  142.819  120.025  
-0.477  0.661332  3.83454e+010  -20.8223  142.848  122.025  
-0.4775  0.661453  3.83524e+010  -19.8477  142.874  123.026  
-0.478  0.661562  3.83587e+010  -18.8706  142.897  124.027  
-0.4785  0.66166  3.83644e+010  -18.8912  142.919  124.027  
-0.479  0.661748  3.83695e+010  -14.9096  142.938  128.028  
-0.4795  0.661826  3.8374e+010  -14.926  142.954  128.028  
-0.48  0.661895  3.8378e+010  -14.9404  142.969  128.029  
-0.4805  0.661955  3.83815e+010  -14.9529  142.982  128.029  
-0.481  0.662006  3.83845e+010  -13.9635  142.993  129.03  
-0.4815  0.66205  3.8387e+010  -11.9725  143.003  131.03  
-0.482  0.662086  3.83891e+010  -9.9798  143.01  133.031  
-0.4825  0.662115  3.83908e+010  -8.98579  143.017  134.031  
-0.483  0.662138  3.83921e+010  -6.99054  143.022  136.031  
-0.4835  0.662156  3.83932e+010  -6.99422  143.026  136.032  
-0.484  0.66217  3.8394e+010  -6.99689  143.029  136.032  
-0.4845  0.662179  3.83945e+010  -4.99862  143.031  138.032  
-0.485  0.662184  3.83948e+010  -4.99958  143.032  138.032  
-0.4855  0.662186  3.83949e+010  -1.99992  143.032  141.032  
-0.486  0.662187  3.8395e+010  0  143.032  143.032  
-0.4865  0.662187  3.8395e+010  0  143.032  143.032  
-0.487  0.662187  3.8395e+010  0  143.032  143.032  
-0.4875  0.662187  3.8395e+010  0  143.032  143.032  
-0.488  0.662187  3.8395e+010  0  143.032  143.032  
-0.4885  0.662187  3.8395e+010  0  143.032  143.032  
-0.489  0.662187  3.8395e+010  0  143.032  143.032  
-0.4895  0.662187  3.8395e+010  0  143.032  143.032  
-0.49  0.662187  3.8395e+010  0  143.032  143.032  
-0.4905  0.662187  3.8395e+010  0  143.032  143.032  
-0.491  0.662187  3.8395e+010  0  143.032  143.032  
-0.4915  0.662187  3.8395e+010  0  143.032  143.032  
-0.492  0.662187  3.8395e+010  0  143.032  143.032  
-0.4925  0.662187  3.8395e+010  0  143.032  143.032  
-0.493  0.662187  3.8395e+010  0  143.032  143.032  
-0.4935  0.662187  3.8395e+010  0  143.032  143.032  
-0.494  0.662187  3.8395e+010  0  143.032  143.032  
-0.4945  0.662187  3.8395e+010  0  143.032  143.032  
-0.495  0.662187  3.8395e+010  0  143.032  143.032  
-0.4955  0.662187  3.8395e+010  0  143.032  143.032  
-0.496  0.662187  3.8395e+010  0  143.032  143.032  
-0.4965  0.662187  3.8395e+010  0  143.032  143.032  
-0.497  0.662187  3.8395e+010  0  143.032  143.032  
-0.4975  0.662187  3.8395e+010  0  143.032  143.032  
-0.498  0.662187  3.8395e+010  0  143.032  143.032  
-0.4985  0.662187  3.8395e+010  0  143.032  143.032  
-0.499  0.662187  3.8395e+010  0  143.032  143.032  
-0.4995  0.662187  3.8395e+010  0  143.032  143.032  
