0  3.55335e+072  2.06031e+083  1.8937e+018  7.67525e+074  7.67525e+074  
0.0005  3.55335e+072  2.06031e+083  2.3415e+006  7.67525e+074  7.67525e+074  
0.001  3.55335e+072  2.06031e+083  70721.4  7.67525e+074  7.67525e+074  
0.0015  3.55335e+072  2.06031e+083  1.91824e+007  7.67525e+074  7.67525e+074  
0.002  3.55335e+072  2.06031e+083  290597  7.67525e+074  7.67525e+074  
0.0025  3.55335e+072  2.06031e+083  63713  7.67525e+074  7.67525e+074  
0.003  3.55335e+072  2.06031e+083  281381  7.67525e+074  7.67525e+074  
0.0035  3.55335e+072  2.06031e+083  6.35377e+009  7.67525e+074  7.67525e+074  
0.004  3.55335e+072  2.06031e+083  44415.4  7.67525e+074  7.67525e+074  
0.0045  3.55335e+072  2.06031e+083  8.26778e+006  7.67525e+074  7.67525e+074  
0.005  3.55335e+072  2.06031e+083  32023.2  7.67525e+074  7.67525e+074  
