0  0.122173  0  0.745385
0.1  0.122173  -0.0121869  0.752811
0.2  0.120954  -0.0243739  0.760311
0.3  0.118517  -0.0364398  0.767885
0.4  0.114873  -0.0482638  0.775535
0.5  0.110047  -0.0597259  0.783261
0.6  0.104074  -0.0707083  0.791065
0.7  0.0970032  -0.0810969  0.798948
0.8  0.0888935  -0.0907821  0.806912
0.9  0.0798153  -0.0996597  0.814958
1  0.0698493  -0.107633  0.823088
1.1  0.059086  -0.114612  0.831303
1.2  0.0476248  -0.120517  0.839604
1.3  0.0355731  -0.125278  0.847993
1.4  0.0230453  -0.128834  0.856469
1.5  0.0101619  -0.131139  0.865032
1.6  -0.00295198  -0.132155  0.873682
1.7  -0.0161675  -0.13186  0.882418
1.8  -0.0293534  -0.130243  0.891241
1.9  -0.0423778  -0.127308  0.900148
2  -0.0551086  -0.123072  0.90914
2.1  -0.0674157  -0.117564  0.918217
2.2  -0.0791721  -0.110827  0.927379
2.3  -0.0902548  -0.102918  0.936627
2.4  -0.100547  -0.0939049  0.945962
2.5  -0.109937  -0.0838672  0.955385
2.6  -0.118324  -0.0728956  0.964898
2.7  -0.125613  -0.0610908  0.974504
2.8  -0.131722  -0.0485625  0.984202
2.9  -0.136579  -0.0354283  0.993996
3  -0.140122  -0.0218129  1.00389
3.1  -0.142303  -0.00784651  1.01388
3.2  -0.143087  0.0063358  1.02396
3.3  -0.142454  0.0205958  1.03415
3.4  -0.140394  0.034793  1.04444
3.5  -0.136915  0.0487864  1.05483
3.6  -0.132036  0.0624351  1.06532
3.7  -0.125793  0.0756005  1.07592
3.8  -0.118233  0.0881466  1.08663
3.9  -0.109418  0.0999423  1.09744
4  -0.0994239  0.110862  1.10837
4.1  -0.0883377  0.120788  1.11942
4.2  -0.0762589  0.129611  1.13058
4.3  -0.0632978  0.137229  1.14186
4.4  -0.0495749  0.143555  1.15326
4.5  -0.0352194  0.14851  1.16478
4.6  -0.0203684  0.152031  1.17642
4.7  -0.00516525  0.154068  1.18818
4.8  0.0102416  0.154585  1.20006
4.9  0.0257  0.15356  1.21206
5  0.0410561  0.150991  1.22418
5.1  0.0561551  0.146886  1.23641
5.2  0.0708438  0.141274  1.24875
5.3  0.0849711  0.134195  1.26121
5.4  0.0983907  0.125708  1.27378
5.5  0.110961  0.115885  1.28646
5.6  0.12255  0.104812  1.29926
5.7  0.133031  0.0925874  1.31218
5.8  0.14229  0.0793235  1.32523
5.9  0.150222  0.0651425  1.33839
6  0.156737  0.0501767  1.35169
6.1  0.161754  0.0345671  1.36512
6.2  0.165211  0.0184622  1.37867
6.3  0.167057  0.00201613  1.39237
6.4  0.167259  -0.014612  1.40619
6.5  0.165798  -0.03126  1.42016
6.6  0.162672  -0.0477639  1.43426
6.7  0.157895  -0.0639594  1.4485
6.8  0.151499  -0.0796834  1.46288
6.9  0.143531  -0.0947754  1.47741
7  0.134053  -0.109079  1.49208
7.1  0.123145  -0.122444  1.50691
7.2  0.110901  -0.134728  1.5219
7.3  0.0974282  -0.145795  1.53705
7.4  0.0828486  -0.155523  1.55236
7.5  0.0672964  -0.163798  1.56785
7.6  0.0509166  -0.170523  1.5835
7.7  0.0338643  -0.175612  1.59931
7.8  0.0163031  -0.178998  1.6153
7.9  -0.00159672  -0.180628  1.63145
8  -0.0196595  -0.180468  1.64777
8.1  -0.0377064  -0.178503  1.66424
8.2  -0.0555566  -0.174733  1.68087
8.3  -0.0730299  -0.16918  1.69765
8.4  -0.0899479  -0.161884  1.71457
8.5  -0.106136  -0.152901  1.73165
8.6  -0.121426  -0.142307  1.74888
8.7  -0.135657  -0.130194  1.76626
8.8  -0.148677  -0.11667  1.7838
8.9  -0.160344  -0.101857  1.8015
9  -0.170529  -0.0858916  1.81936
9.1  -0.179118  -0.0689212  1.83739
9.2  -0.186011  -0.0511049  1.8556
9.3  -0.191121  -0.032611  1.87398
9.4  -0.194382  -0.013615  1.89255
9.5  -0.195744  0.00570104  1.9113
9.6  -0.195174  0.0251506  1.93023
9.7  -0.192658  0.0445443  1.94934
9.8  -0.188204  0.0636912  1.96865
9.9  -0.181835  0.0824007  1.98814
10  -0.173595  0.100484  2.00783
10.1  -0.163546  0.117757  2.02772
10.2  -0.151771  0.134038  2.04782
10.3  -0.138367  0.149157  2.06814
10.4  -0.123451  0.16295  2.08868
10.5  -0.107156  0.175264  2.10944
10.6  -0.0896299  0.185959  2.13044
10.7  -0.071034  0.19491  2.15168
10.8  -0.051543  0.202007  2.17315
10.9  -0.0313423  0.207159  2.19486
11  -0.0106263  0.210293  2.2168
11.1  0.0104029  0.211356  2.23897
11.2  0.0315385  0.210315  2.26136
11.3  0.05257  0.207162  2.28395
11.4  0.0732862  0.201907  2.30675
11.5  0.093477  0.194585  2.32975
11.6  0.112936  0.185251  2.35295
11.7  0.131461  0.173982  2.37633
11.8  0.148859  0.160873  2.39992
11.9  0.164946  0.146042  2.4237
12  0.17955  0.129623  2.44769
12.1  0.192513  0.111764  2.4719
12.2  0.203689  0.0926313  2.49633
12.3  0.212952  0.0724029  2.52098
12.4  0.220192  0.0512683  2.54588
12.5  0.225319  0.0294266  2.57101
12.6  0.228262  0.00708479  2.59639
12.7  0.22897  -0.0155437  2.62202
12.8  0.227416  -0.0382412  2.6479
12.9  0.223592  -0.0607873  2.67403
13  0.217513  -0.0829606  2.70041
13.1  0.209217  -0.104541  2.72706
13.2  0.198763  -0.12531  2.75398
13.3  0.186232  -0.145056  2.78117
13.4  0.171726  -0.163572  2.80866
13.5  0.155369  -0.18066  2.83646
13.6  0.137303  -0.196135  2.86457
13.7  0.11769  -0.209822  2.893
13.8  0.0967076  -0.221564  2.92178
13.9  0.0745513  -0.231219  2.95088
14  0.0514293  -0.238668  2.98033
14.1  0.0275626  -0.243808  3.0101
14.2  0.00318177  -0.246564  3.0402
14.3  -0.0214746  -0.246882  3.0706
14.4  -0.0461629  -0.244735  3.10129
14.5  -0.0706364  -0.24012  3.13226
14.6  -0.0946484  -0.233063  3.16349
14.7  -0.117955  -0.223612  3.19497
14.8  -0.140316  -0.211844  3.2267
14.9  -0.1615  -0.197858  3.25868
15  -0.181286  -0.181778  3.2909
15.1  -0.199464  -0.163749  3.32339
15.2  -0.215839  -0.143934  3.35614
15.3  -0.230232  -0.122518  3.38919
15.4  -0.242484  -0.0996973  3.42252
15.5  -0.252454  -0.0756859  3.45617
15.6  -0.260022  -0.0507078  3.49014
15.7  -0.265093  -0.0249976  3.52443
15.8  -0.267593  0.00120229  3.55905
15.9  -0.267473  0.0276434  3.59401
16  -0.264708  0.0540728  3.62931
16.1  -0.259301  0.0802356  3.66494
16.2  -0.251277  0.105876  3.70093
16.3  -0.24069  0.13074  3.73727
16.4  -0.227616  0.154577  3.77399
16.5  -0.212158  0.177143  3.8111
16.6  -0.194444  0.1982  3.84863
16.7  -0.174624  0.217522  3.88659
16.8  -0.152871  0.234896  3.92501
16.9  -0.129382  0.250124  3.96391
17  -0.10437  0.263026  4.00328
17.1  -0.078067  0.273444  4.04314
17.2  -0.0507226  0.281242  4.08348
17.3  -0.0225984  0.286313  4.12428
17.4  0.00603289  0.288572  4.16551
17.5  0.0348901  0.287969  4.20716
17.6  0.063687  0.284481  4.24919
17.7  0.0921351  0.278116  4.29157
17.8  0.119947  0.268916  4.33428
17.9  0.146838  0.25695  4.3773
18  0.172533  0.242319  4.42061
18.1  0.196765  0.225151  4.46423
18.2  0.21928  0.205601  4.50816
18.3  0.23984  0.183848  4.55242
18.4  0.258225  0.160094  4.59702
18.5  0.274234  0.134557  4.642
18.6  0.28769  0.107476  4.68737
18.7  0.298438  0.0791023  4.73316
18.8  0.306348  0.0496995  4.77937
18.9  0.311318  0.0195417  4.82603
19  0.313272  -0.0110897  4.87312
19.1  0.312163  -0.041907  4.92067
19.2  0.307972  -0.0726188  4.96866
19.3  0.300711  -0.102932  5.01712
19.4  0.290417  -0.132551  5.06605
19.5  0.277162  -0.161187  5.11548
19.6  0.261044  -0.188549  5.16543
19.7  0.242189  -0.214358  5.21593
19.8  0.220753  -0.238341  5.26704
19.9  0.196919  -0.260237  5.31877
20  0.170895  -0.279802  5.37117
20.1  0.142915  -0.296809  5.42427
20.2  0.113234  -0.311052  5.47807
20.3  0.0821287  -0.322351  5.53257
20.4  0.0498936  -0.330555  5.58776
20.5  0.0168382  -0.335542  5.64359
20.6  -0.016716  -0.337226  5.70002
20.7  -0.0504386  -0.335554  5.757
20.8  -0.083994  -0.330512  5.81446
20.9  -0.117045  -0.322123  5.87235
21  -0.149257  -0.310445  5.93063
21.1  -0.180302  -0.295575  5.98926
21.2  -0.209859  -0.277642  6.04823
21.3  -0.237624  -0.25681  6.10755
21.4  -0.263305  -0.23327  6.16724
21.5  -0.286632  -0.207243  6.22732
21.6  -0.307356  -0.178971  6.28784
21.7  -0.325253  -0.148717  6.34884
21.8  -0.340125  -0.116762  6.41036
21.9  -0.351801  -0.0834015  6.47242
22  -0.360141  -0.0489426  6.53506
22.1  -0.365035  -0.013702  6.59827
22.2  -0.366405  0.0219962  6.66208
22.3  -0.364206  0.0578224  6.72648
22.4  -0.358424  0.0934432  6.79148
22.5  -0.349079  0.128523  6.85711
22.6  -0.336227  0.162726  6.92337
22.7  -0.319954  0.195719  6.99032
22.8  -0.300382  0.227171  7.058
22.9  -0.277665  0.25676  7.12648
23  -0.251989  0.284171  7.19583
23.1  -0.223572  0.309104  7.2661
23.2  -0.192662  0.331276  7.33737
23.3  -0.159534  0.350423  7.40967
23.4  -0.124492  0.366309  7.48301
23.5  -0.0878611  0.378726  7.55739
23.6  -0.0499885  0.387501  7.63275
23.7  -0.0112385  0.392497  7.70902
23.8  0.0280112  0.393621  7.78611
23.9  0.0673734  0.39082  7.8639
24  0.106455  0.384088  7.94229
24.1  0.144864  0.373463  8.02117
24.2  0.18221  0.359027  8.10046
24.3  0.218113  0.340906  8.18011
24.4  0.252204  0.319268  8.26011
24.5  0.284131  0.294314  8.34046
24.6  0.313562  0.266282  8.4212
24.7  0.34019  0.235437  8.5024
24.8  0.363734  0.20207  8.58412
24.9  0.383941  0.166493  8.66643
25  0.40059  0.129036  8.74941
25.1  0.413494  0.0900395  8.83309
25.2  0.422498  0.0498584  8.91753
25.3  0.427483  0.00885441  9.00273
25.4  0.428369  -0.0326038  9.0887
25.5  0.425109  -0.0741426  9.17546
25.6  0.417694  -0.115385  9.26301
25.7  0.406156  -0.15595  9.35138
25.8  0.390561  -0.195458  9.44062
25.9  0.371015  -0.233529  9.5308
26  0.347662  -0.269785  9.62202
26.1  0.320684  -0.303855  9.71438
26.2  0.290298  -0.335376  9.80801
26.3  0.256761  -0.364  9.90304
26.4  0.22036  -0.389395  9.99956
26.5  0.181421  -0.411253  10.0976
26.6  0.140296  -0.429296  10.1973
26.7  0.097366  -0.44328  10.2985
26.8  0.0530381  -0.453001  10.4011
26.9  0.007738  -0.458302  10.505
27  -0.0380922  -0.459076  10.6101
27.1  -0.0839998  -0.455268  10.716
27.2  -0.129527  -0.446878  10.8227
27.3  -0.174214  -0.433961  10.9298
27.4  -0.21761  -0.416628  11.0373
27.5  -0.259273  -0.395038  11.1451
27.6  -0.298777  -0.3694  11.2531
27.7  -0.335717  -0.339965  11.3614
27.8  -0.369714  -0.30702  11.47
27.9  -0.400416  -0.270886  11.579
28  -0.427504  -0.231905  11.6887
28.1  -0.450695  -0.190445  11.799
28.2  -0.469739  -0.146886  11.9101
28.3  -0.484428  -0.101621  12.0222
28.4  -0.49459  -0.0550507  12.1352
28.5  -0.500095  -0.00758358  12.2492
28.6  -0.500853  0.0403673  12.3642
28.7  -0.496817  0.0883847  12.4802
28.8  -0.487978  0.136048  12.5972
28.9  -0.474373  0.182932  12.7153
29  -0.45608  0.22861  12.8345
29.1  -0.433219  0.272653  12.9551
29.2  -0.405954  0.314633  13.0771
29.3  -0.374491  0.354122  13.2007
29.4  -0.339078  0.390702  13.3262
29.5  -0.300008  0.423964  13.4539
29.6  -0.257612  0.453517  13.5837
29.7  -0.21226  0.478994  13.716
29.8  -0.164361  0.500061  13.8507
29.9  -0.114355  0.516423  13.9878
30  -0.0627124  0.527833  14.127
30.1  -0.00992908  0.534101  14.2681
30.2  0.043481  0.535094  14.4108
30.3  0.0969903  0.530747  14.5546
30.4  0.150065  0.521063  14.6992
30.5  0.202171  0.506113  14.8442
30.6  0.252783  0.486033  14.9894
30.7  0.301386  0.461023  15.1345
30.8  0.347488  0.431339  15.2795
30.9  0.390622  0.397285  15.4245
31  0.430351  0.359209  15.5696
31.1  0.466271  0.31749  15.7149
31.2  0.49802  0.272534  15.8607
31.3  0.525274  0.224765  16.0073
31.4  0.54775  0.17462  16.1548
31.5  0.565212  0.122543  16.3034
31.6  0.577467  0.0689838  16.4531
31.7  0.584365  0.0143935  16.6041
31.8  0.585804  -0.0407735  16.7564
31.9  0.581727  -0.0960605  16.9099
32  0.572121  -0.151007  17.0647
32.1  0.55702  -0.205149  17.2209
32.2  0.536505  -0.258015  17.3786
32.3  0.510704  -0.309128  17.5379
32.4  0.479791  -0.358008  17.6993
32.5  0.44399  -0.404167  17.8631
32.6  0.403574  -0.447122  18.0295
32.7  0.358861  -0.486392  18.1991
32.8  0.310222  -0.521513  18.3722
32.9  0.258071  -0.55204  18.549
33  0.202867  -0.577562  18.7296
33.1  0.145111  -0.59771  18.9138
33.2  0.0853397  -0.61217  19.1015
33.3  0.0241228  -0.620693  19.2921
33.4  -0.0379466  -0.623105  19.485
33.5  -0.100257  -0.619312  19.6795
33.6  -0.162188  -0.609303  19.8749
33.7  -0.223119  -0.593155  20.0704
33.8  -0.282434  -0.571028  20.2656
33.9  -0.339537  -0.543158  20.4601
34  -0.393853  -0.509853  20.6538
34.1  -0.444838  -0.471478  20.8466
34.2  -0.491986  -0.428447  21.0387
34.3  -0.53483  -0.381209  21.2305
34.4  -0.572951  -0.33024  21.4225
34.5  -0.605975  -0.276029  21.6149
34.6  -0.633578  -0.219072  21.8082
34.7  -0.655486  -0.159869  22.0027
34.8  -0.671472  -0.0989144  22.1986
34.9  -0.681364  -0.0367005  22.3959
35  -0.685034  0.0262848  22.5948
35.1  -0.682405  0.0895547  22.7952
35.2  -0.67345  0.152621  22.9972
35.3  -0.658188  0.21499  23.2008
35.4  -0.636689  0.276158  23.4063
35.5  -0.609073  0.335612  23.6139
35.6  -0.575512  0.392822  23.8241
35.7  -0.53623  0.447249  24.0375
35.8  -0.491505  0.498339  24.2547
35.9  -0.441671  0.545534  24.4765
36  -0.387118  0.588279  24.7035
36.1  -0.32829  0.626031  24.9362
36.2  -0.265687  0.658274  25.175
36.3  -0.199859  0.684531  25.4197
36.4  -0.131406  0.704384  25.67
36.5  -0.0609678  0.717487  25.9252
36.6  0.0107809  0.72358  26.1842
36.7  0.0831389  0.722502  26.4458
36.8  0.155389  0.714197  26.7087
36.9  0.226809  0.698721  26.9716
37  0.296681  0.676234  27.2334
37.1  0.364304  0.646999  27.4932
37.2  0.429004  0.611369  27.7506
37.3  0.490141  0.569773  28.0054
37.4  0.547118  0.522698  28.2579
37.5  0.599388  0.470675  28.5086
37.6  0.646456  0.414261  28.7582
37.7  0.687882  0.354025  29.0074
37.8  0.723284  0.290535  29.2569
37.9  0.752338  0.22435  29.5073
38  0.774773  0.156015  29.759
38.1  0.790374  0.0860597  30.0124
38.2  0.79898  0.014998  30.2675
38.3  0.80048  -0.0566665  30.5243
38.4  0.794813  -0.128436  30.783
38.5  0.78197  -0.199809  31.0435
38.6  0.761989  -0.270277  31.306
38.7  0.734961  -0.339313  31.571
38.8  0.70103  -0.406369  31.8389
38.9  0.660393  -0.470869  32.1108
39  0.613306  -0.532212  32.3875
39.1  0.560085  -0.589769  32.6704
39.2  0.501108  -0.642895  32.9606
39.3  0.436818  -0.690935  33.2593
39.4  0.367725  -0.733241  33.5673
39.5  0.294401  -0.76919  33.8851
39.6  0.217482  -0.798207  34.2123
39.7  0.137661  -0.819784  34.5483
39.8  0.0556828  -0.833507  34.8917
39.9  -0.0276678  -0.839072  35.2404
40  -0.111575  -0.836306  35.5922
40.1  -0.195206  -0.825171  35.9446
40.2  -0.277723  -0.805774  36.2954
40.3  -0.3583  -0.778358  36.6426
40.4  -0.436136  -0.743289  36.9849
40.5  -0.510465  -0.701045  37.3215
40.6  -0.580569  -0.652187  37.6524
40.7  -0.645788  -0.597337  37.978
40.8  -0.705522  -0.537154  38.2994
40.9  -0.759237  -0.472311  38.6178
41  -0.806468  -0.403474  38.9344
41.1  -0.846816  -0.33129  39.2504
41.2  -0.879945  -0.256372  39.567
41.3  -0.905582  -0.179302  39.8847
41.4  -0.923512  -0.100623  40.204
41.5  -0.933575  -0.0208508  40.5253
41.6  -0.93566  0.0595243  40.8484
41.7  -0.929707  0.140023  41.1735
41.8  -0.915705  0.220168  41.5005
41.9  -0.893688  0.299467  41.8298
42  -0.863741  0.377406  42.162
42.1  -0.826001  0.453434  42.498
42.2  -0.780657  0.526956  42.839
42.3  -0.727962  0.597331  43.187
42.4  -0.668229  0.663866  43.5439
42.5  -0.601842  0.725826  43.9117
42.6  -0.529259  0.782442  44.2926
42.7  -0.451015  0.832931  44.6882
42.8  -0.367722  0.876519  45.0994
42.9  -0.28007  0.912468  45.5263
43  -0.188823  0.940111  45.9678
43.1  -0.0948124  0.958881  46.4218
43.2  0.0010757  0.968348  46.8849
43.3  0.0979105  0.96824  47.3534
43.4  0.194735  0.958465  47.8228
43.5  0.290581  0.939114  48.289
43.6  0.384492  0.910463  48.7483
43.7  0.475539  0.872955  49.1979
43.8  0.562834  0.827173  49.6361
43.9  0.645552  0.773814  50.0626
44  0.722933  0.71365  50.478
44.1  0.794298  0.647492  50.8837
44.2  0.859047  0.576155  51.2818
44.3  0.916663  0.500432  51.6744
44.4  0.966706  0.421075  52.0638
44.5  1.00881  0.338773  52.4518
44.6  1.04269  0.254153  52.8399
44.7  1.06811  0.167777  53.229
44.8  1.08488  0.0801477  53.6196
44.9  1.0929  -0.00827718  54.0121
45  1.09207  -0.0970736  54.4063
45.1  1.08236  -0.185832  54.8024
45.2  1.06378  -0.274139  55.2005
45.3  1.03637  -0.361558  55.6012
45.4  1.00021  -0.447614  56.0054
45.5  0.955449  -0.531773  56.4149
45.6  0.902272  -0.61343  56.8319
45.7  0.840929  -0.691904  57.2594
45.8  0.771738  -0.76643  57.7008
45.9  0.695095  -0.836168  58.1596
46  0.611478  -0.900214  58.6393
46.1  0.521457  -0.957622  59.1426
46.2  0.425695  -1.00744  59.6712
46.3  0.324951  -1.04873  60.2253
46.4  0.220078  -1.08066  60.8031
46.5  0.112012  -1.10249  61.4007
46.6  0.00176335  -1.11367  62.0128
46.7  -0.109603  -1.11384  62.6323
46.8  -0.220988  -1.1029  63.2518
46.9  -0.331278  -1.08099  63.8637
47  -0.439377  -1.04846  64.4617
47.1  -0.544223  -1.00592  65.041
47.2  -0.644815  -0.954147  65.5987
47.3  -0.740229  -0.894042  66.1342
47.4  -0.829634  -0.826596  66.6485
47.5  -0.912293  -0.752828  67.1441
47.6  -0.987576  -0.673737  67.6246
47.7  -1.05495  -0.590268  68.0937
47.8  -1.11398  -0.50328  68.5549
47.9  -1.1643  -0.413534  69.0116
48  -1.20566  -0.321683  69.4661
48.1  -1.23783  -0.228275  69.9203
48.2  -1.26065  -0.133768  70.3753
48.3  -1.27403  -0.0385387  70.8314
48.4  -1.27788  0.05709  71.2888
48.5  -1.27218  0.152831  71.7476
48.6  -1.25689  0.248405  72.2078
48.7  -1.23205  0.343519  72.6699
48.8  -1.1977  0.437836  73.135
48.9  -1.15392  0.530956  73.6048
49  -1.10082  0.622392  74.0821
49.1  -1.03858  0.71155  74.5709
49.2  -0.967427  0.797718  75.0757
49.3  -0.887655  0.880061  75.6021
49.4  -0.799649  0.95762  76.156
49.5  -0.703887  1.02933  76.7429
49.6  -0.600953  1.09405  77.3676
49.7  -0.491548  1.15059  78.0329
49.8  -0.376489  1.19779  78.7392
49.9  -0.25671  1.23456  79.4836
50  -0.133254  1.25995  80.26
