0  0.122173  0  0.745385
0.5  0.122173  -0.0609347  0.931037
1  0.0917057  -0.121869  1.16281
1.5  0.030771  -0.167658  1.4528
2  -0.0530579  -0.183041  1.81593
2.5  -0.144578  -0.156525  2.26832
3  -0.222841  -0.0844869  2.82954
3.5  -0.265084  0.0260136  3.52679
4  -0.252077  0.157009  4.39295
4.5  -0.173573  0.281717  5.47082
5  -0.0327144  0.368068  6.82722
5.5  0.15132  0.384423  8.53174
6  0.343531  0.309051  10.6185
6.5  0.498057  0.140644  13.1378
7  0.568379  -0.0982154  16.2048
7.5  0.519271  -0.367349  19.9291
8  0.335597  -0.615472  24.5189
8.5  0.0278606  -0.780139  30.4696
9  -0.362209  -0.794067  38.0155
9.5  -0.759242  -0.616897  46.4923
10  -1.06769  -0.272711  55.5037
10.5  -1.20405  0.165334  65.5084
11  -1.12138  0.632083  76.5324
11.5  -0.805338  1.08243  89.2963
12  -0.264121  1.44297  107.575
12.5  0.457361  1.5735  134.072
13  1.24411  1.3527  159.4
13.5  1.92046  0.87915  172.904
14  2.36004  0.409406  179.362
14.5  2.56474  0.0572133  183.982
15  2.59335  -0.215481  187.666
15.5  2.48561  -0.476077  190.577
16  2.24757  -0.781048  193.13
16.5  1.85704  -1.17085  196.78
17  1.27162  -1.6505  206.735
17.5  0.446367  -2.12829  236.279
18  -0.61778  -2.34414  293.233
18.5  -1.78985  -2.05453  332.784
19  -2.81711  -1.56647  317.474
19.5  -3.60035  -1.40706  288.652
20  -4.30388  -1.62848  272.322
20.5  -5.11812  -2.08734  278.38
21  -6.16179  -2.54674  325.031
21.5  -7.43516  -2.60729  399.231
22  -8.73881  -2.15051  408.615
22.5  -9.81406  -1.8338  360.659
23  -10.731  -2.02356  330.893
23.5  -11.7427  -2.50616  346.085
24  -12.9958  -2.87297  421.777
24.5  -14.4323  -2.66478  484.14
25  -15.7647  -2.1864  438.856
25.5  -16.8579  -2.21475  386.111
26  -17.9653  -2.67112  393.359
26.5  -19.3008  -3.05785  477.533
27  -20.8298  -2.83979  543.027
27.5  -22.2496  -2.38111  480.163
28  -23.4402  -2.50893  426.88
28.5  -24.6947  -3.00523  461.013
29  -26.1973  -3.21733  569.069
29.5  -27.8059  -2.78004  575.661
30  -29.196  -2.55432  486.679
30.5  -30.4731  -2.95261  477.144
31  -31.9494  -3.35722  577.442
31.5  -33.628  -3.10294  641.237
32  -35.1795  -2.70228  546.389
32.5  -36.5307  -2.99361  508.929
33  -38.0275  -3.45369  601.74
33.5  -39.7543  -3.29245  688.577
34  -41.4005  -2.84997  590.851
34.5  -42.8255  -3.11549  545.084
35  -44.3833  -3.57324  646.335
35.5  -46.1699  -3.37809  728.417
36  -47.8589  -2.97022  615.292
36.5  -49.344  -3.30553  585.859
37  -50.9968  -3.70377  711.465
37.5  -52.8487  -3.36984  752.602
38  -54.5336  -3.10493  625.009
38.5  -56.0861  -3.55639  642.907
39  -57.8643  -3.77953  788.999
39.5  -59.754  -3.29572  742.887
40  -61.4019  -3.32759  639.605
40.5  -63.0657  -3.82264  733.349
41  -64.977  -3.70678  841.341
41.5  -66.8304  -3.28701  705.697
42  -68.4739  -3.66494  691.446
42.5  -70.3064  -3.96399  848.618
43  -72.2884  -3.49956  812.295
43.5  -74.0381  -3.51542  696.994
44  -75.7959  -4.00436  809.548
44.5  -77.798  -3.81075  899.816
45  -79.7034  -3.47294  742.672
45.5  -81.4399  -3.93206  775.957
46  -83.4059  -4.05165  936.105
46.5  -85.4317  -3.55755  814.845
47  -87.2105  -3.84346  765.721
47.5  -89.1322  -4.18577  936.804
48  -91.2251  -3.72586  893.395
48.5  -93.0881  -3.78519  776.424
49  -94.9807  -4.24354  926.054
49.5  -97.1024  -3.90903  959.937
50  -99.0569  -3.76752  800.047
50.5  -100.941  -4.26518  917.864
