0.523699    0.496571    -0.107208    -1.63738
0.51766    1.64171    -0.167166    0.118123
0.264802    3.25938    -0.701182    1.20281
27.6708    4.51576    -1.88502    1.38562
0.872616    4.94123    0.282231    -0.683069
27.7756    6.14545    -1.6155    -0.542441
0.694371    7.15779    -0.759849    -1.39518
0.934995    8.46356    0.726733    -0.329163
27.7447    9.17089    -1.72855    -1.34536
0.564102    10.798    -0.659231    -0.886518
27.8788    11.7282    -1.7367    -0.507507
0.858518    13.9324    -0.0928566    1.1204
1.74399    27.9637    -0.594969    -1.65221
2.04461    1.15335    -0.400922    -1.74335
1.28912    2.36709    -0.783369    -1.02312
1.27421    3.82711    -0.951583    -0.512436
1.85911    5.32701    -0.979682    -1.00728
1.7739    6.31358    -0.474799    -0.821823
1.79161    7.43155    -0.313612    -0.841555
2.08453    8.65471    0.00819926    0.766343
1.30248    9.52291    -1.71128    -0.044738
2.14499    10.4402    0.756542    -0.943717
1.59258    11.6848    -0.31484    -1.13045
2.16023    13.5143    1.10245    0.0535835
2.77799    0.0736631    -0.655377    -1.29299
2.75466    2.05225    -0.301991    -0.304277
2.84401    3.16336    -2.0111    0.268465
2.35682    4.32615    -2.04136    1.2577
2.90812    5.42938    -0.645378    0.66438
3.31994    6.67444    -0.214546    1.53165
2.8799    7.93255    -0.355077    -0.253491
3.16339    8.98024    -0.453591    -0.0804588
3.14658    10.115    0.435622    0.687456
2.77125    11.3137    -1.45846    2.11112
3.07231    12.429    0.311274    0.357968
3.20303    14.1434    0.932606    1.50607
4.0012    0.476961    0.3508    -0.994876
3.77297    1.57684    -0.859644    -1.69922
4.19207    2.78022    0.280902    0.474826
3.89482    3.88879    -0.279124    0.810033
3.89281    5.06196    0.331612    -0.665541
4.33285    6.29528    0.899288    -1.61502
3.80922    7.5895    -0.992381    -0.187244
4.21166    8.98547    0.125869    0.0367083
4.18239    10.1352    -0.859561    0.956361
4.00015    11.1362    -0.357997    -0.223403
4.24054    12.3558    -0.000773307    0.179495
4.43818    13.6576    -0.231296    0.964516
5.52985    0.546685    1.04275    -0.111501
5.20421    1.99244    -1.43036    -0.161321
5.28016    3.22046    0.961489    -0.0645831
4.80225    4.31211    -1.15286    1.69192
5.42357    5.40283    0.368605    1.17103
5.47817    6.50375    -0.211607    0.38925
4.90856    7.4131    0.632953    -1.63265
5.25894    8.46969    1.30539    -0.604163
5.06819    9.47467    0.31019    0.320485
5.19217    11.6485    1.40011    1.55971
5.49414    12.7517    0.080911    0.891045
5.50306    14.0865    0.789711    2.11763
6.61401    0.185411    0.394621    -1.32276
6.50927    1.90889    0.0627819    -0.582156
6.45058    3.08437    1.2131    0.332839
5.98331    4.04667    -1.34851    0.420322
6.48751    5.43539    1.60157    0.126187
6.61872    6.64538    -0.620271    -0.175785
6.05412    7.49595    -0.032672    0.521885
6.53991    8.90941    -0.0753072    1.13649
6.07485    9.8435    -1.42874    0.142534
6.43832    11.1346    -0.10692    -0.484047
6.67807    12.4005    1.38523    1.03332
6.6382    13.7902    0.389852    0.877573
7.64472    0.927426    -1.03024    -0.023022
7.71487    2.15425    1.25297    1.11156
7.42197    3.43604    -1.56192    0.626315
7.14268    4.49108    0.728304    1.435
7.7656    5.50994    -0.420541    0.48955
7.61843    6.63841    -0.458256    -0.49289
7.10459    7.99837    -1.5307    -2.02306
7.62971    8.98294    -0.0825144    0.89014
7.38546    10.1394    0.508632    0.719508
7.48317    11.2422    0.00580444    -0.320221
7.98504    12.286    0.869403    0.0517304
7.68667    13.432    -0.330681    1.17498
9.25503    0.457936    1.06775    -0.122946
8.75079    1.44255    1.26079    -0.856869
8.85505    2.56586    -0.113014    -0.715027
8.66413    3.96066    -0.37294    -0.691343
8.83671    4.93101    -0.241094    -0.0195389
8.59216    6.20692    0.690926    -0.99239
8.37675    7.30542    0.0928441    -1.38305
8.61583    8.37058    -0.321776    1.52214
8.52415    9.62273    0.656324    -1.35742
8.97241    10.5224    0.434937    -0.776316
8.95799    11.7455    0.312288    0.268949
8.82794    12.919    1.25438    -1.07579
10.1205    27.829    -0.0513256    -2.13765
9.76553    1.45479    -0.356279    -1.03084
9.95561    2.56028    0.300148    -1.30651
9.77413    4.03382    0.185938    0.256694
10.0501    5.02514    0.991942    -0.316332
9.80547    6.16049    -0.148891    -0.922504
9.63611    7.21712    -0.641684    -0.680038
9.58816    8.87892    -1.35849    0.834551
10.3827    9.85238    -0.131114    1.57734
9.95396    11.201    -0.059906    0.0345189
9.86729    12.3721    0.13207    0.666682
9.72629    13.6193    -0.755003    1.35393
11.0119    0.715098    -0.181149    0.259909
10.8392    1.93638    -1.44015    0.590106
10.9608    3.27665    -0.569241    0.1674
11.6152    4.2266    1.37311    1.35101
11.1636    5.36052    1.12654    -0.899899
10.8873    6.53411    0.124217    0.957011
11.0026    7.59159    0.0360518    0.155868
10.823    8.88482    0.378847    -0.219813
11.6331    10.0558    1.65232    -0.754924
10.9847    10.8707    0.100374    -0.463991
11.2143    12.3621    -0.812529    0.452614
10.903    13.375    0.0413882    0.85188
12.0894    0.926034    -0.311704    0.207826
12.246    2.08901    0.925449    1.11533
12.0189    3.26385    0.376143    0.478393
12.7484    4.22874    0.935904    -1.02182
12.2333    5.54023    -0.440897    0.555354
12.4442    6.57408    -0.108885    -0.948684
12.5734    7.68258    0.248615    0.586734
11.816    8.51621    0.411729    -0.186223
12.7185    9.82724    1.41345    -0.24714
11.9907    11.4385    0.241625    0.155072
12.6145    12.6158    1.44501    0.9826
11.6325    14.2506    -1.70445    1.70079
13.4403    0.132797    0.771773    -1.90821
13.6396    1.57181    1.01825    0.00231866
13.177    3.23003    -0.36464    0.996596
13.9668    3.98024    1.46494    -0.66103
14.4364    5.14687    2.33748    -0.338687
13.6983    6.00949    0.899622    -1.61712
13.6008    7.23341    0.504439    0.253258
12.8992    8.68728    -0.659717    1.64563
13.704    9.32365    1.01414    -1.01825
13.6862    10.4732    0.538425    -1.04173
13.9948    12.8688    1.65622    1.00257
13.4489    14.0281    0.476    1.46759
