3.09426    13.8105    0.645456    -0.839799
3.17595    1.29206    -1.08105    -1.03365
2.20448    0.40836    -0.713913    -1.63594
1.20828    4.48074    1.61375    -0.717056
2.76882    5.74343    1.05536    -1.14494
1.77106    5.53738    0.798414    -0.919135
0.786539    5.97937    0.697135    -0.273527
0.411804    7.30219    -1.11076    1.74172
13.8648    10.5185    -1.90655    2.08305
12.1785    11.1507    -0.624718    0.232763
10.5992    10.8104    -0.6251    0.0618139
1.11532    13.215    -0.507426    0.374793
1.54223    11.8933    1.10228    0.306697
2.94661    12.6586    -0.997463    0.51965
1.23754    2.238    -1.06099    -0.271651
1.00837    3.37343    -1.5318    -0.75192
3.57367    7.87746    0.293998    -2.37387
3.63136    6.77153    1.23739    0.873778
2.61296    6.91402    0.42032    -1.95327
1.39372    6.86699    0.976285    -1.29722
12.798    8.5256    0.955052    0.541179
0.884427    9.78095    -1.66636    -0.75738
0.125169    11.4646    -0.771585    -2.23713
13.1942    11.5358    0.542785    0.423964
2.38685    11.2726    1.53356    -0.709329
0.531418    12.3687    0.527095    -0.889667
2.73776    2.54995    0.834307    2.00122
3.58747    4.66883    -0.355098    -0.0366079
4.30259    9.11368    -0.681953    0.973845
5.1051    8.48727    -0.264391    2.81779
1.73578    7.85525    0.460744    -1.95142
0.607212    8.42708    0.377758    0.698766
3.58935    11.4319    0.869754    -0.252382
1.87173    9.27533    -0.94463    0.634513
2.31065    10.2147    -1.28541    -0.916933
4.31023    12.9153    -0.143115    2.13733
4.22994    1.22359    -0.910451    2.09728
3.72521    2.16685    1.3832    0.631575
4.88386    4.44188    -0.709134    0.801695
2.03259    3.581    0.0753913    0.571845
3.03017    3.54653    -1.0344    -0.891673
4.12849    5.64828    -0.101258    0.643526
2.6949    8.38133    0.92979    -0.450079
1.04032    10.9832    -0.237625    -1.95568
6.43761    13.793    0.111782    0.181882
4.58213    11.8934    1.58767    -1.93563
5.30306    13.4486    0.925899    0.586287
5.29633    0.66013    0.0586029    0.751523
1.99552    1.34189    1.09297    -0.373373
5.36685    2.13918    0.922869    -0.101361
4.98244    3.36585    -0.168969    -0.431971
5.09847    6.15569    -1.57693    0.7323
7.41706    5.46167    0.527583    -0.584541
4.46236    7.45356    -0.0423451    0.362614
5.17518    9.79438    -0.148482    -0.412612
3.19787    9.63539    -0.627261    -1.41454
6.2762    12.5796    -0.411302    -0.933899
7.32455    0.246338    1.01942    0.562944
6.58976    0.943287    0.515998    -0.540984
4.16728    13.9939    -0.316941    0.153808
6.34699    3.13591    0.880621    1.07347
7.00607    4.43298    -0.712618    1.54407
5.90234    4.17024    -0.259248    0.209342
5.97208    5.18693    -1.13229    -1.28868
8.39152    5.81183    -0.562703    -1.21229
6.48384    6.02756    0.0609341    -1.16278
5.83719    6.92673    -0.101876    -0.885414
4.13314    10.5467    0.249864    1.99907
5.16024    10.9665    -1.32089    -1.8907
6.15923    11.2458    -1.98783    0.354511
7.19246    12.9773    -1.20381    0.811622
8.16584    13.6199    0.00243933    1.24646
9.13558    0.0651191    0.690337    -1.70029
6.72347    2.00378    -0.277167    3.19563
7.63637    2.7748    0.610931    -0.761065
8.33684    4.48841    -1.81123    -1.61434
8.57932    6.84377    -0.0578112    -0.479538
7.303    6.64752    -0.440749    -1.47274
6.08664    8.03153    0.791859    0.387239
6.09521    9.06894    0.135284    0.27325
7.08026    9.73003    0.801349    0.544304
8.01352    10.59    0.284123    0.0878773
7.11353    10.8655    0.575049    -0.830566
9.70977    13.0155    1.27192    0.0989031
11.0919    1.17835    -1.34389    0.657721
10.0313    0.644291    0.840665    0.178012
7.76579    1.68146    -0.836619    0.53807
8.60796    3.52626    2.29126    0.263113
10.8397    2.89833    -0.138473    -1.29666
9.8682    3.41711    -0.0914741    -0.668308
9.51355    6.50041    1.86994    -0.202192
6.19278    10.2426    -0.108174    2.36
7.5378    7.74675    -0.280263    0.567199
7.175    8.67068    -0.710466    -0.935286
8.16084    12.5418    -2.02365    1.74772
10.5499    13.6401    -1.33759    -0.381295
12.3814    1.33586    0.525532    -1.16136
11.8865    2.35879    -0.0586822    0.536443
8.37743    0.81821    -0.113051    1.90381
9.25728    1.29819    0.198124    0.170946
9.03124    2.38741    -1.08301    -1.05298
10.5734    4.27792    0.592069    1.12865
10.3835    7.11388    0.471251    -2.19016
8.37629    8.53724    -1.85582    -2.28661
9.64306    10.6372    -0.632888    3.10053
7.02983    11.886    -0.343245    -0.621112
8.79614    11.3263    -0.899843    -1.77092
11.5871    13.2541    0.211857    0.626069
10.1755    2.08139    0.494487    0.939594
12.6646    4.26338    0.00958094    0.439717
11.4891    3.78918    0.657015    -0.162904
9.78172    5.11975    -0.221872    -0.812076
10.9278    8.07192    -0.378435    1.44076
11.7452    7.4697    0.371593    0.0975217
10.4597    5.73838    1.29939    -0.774021
9.77508    9.29312    -1.7605    0.825162
8.79464    9.80101    0.451938    1.01459
11.7561    10.1286    -0.901539    -1.4113
9.76434    11.7126    0.0434534    1.2592
11.772    0.29726    0.629383    0.348198
2.14756    13.2001    0.979297    0.372301
0.141729    2.64523    1.15934    -2.75969
11.685    4.87488    -0.511761    0.19587
11.5461    5.94721    0.524704    -0.358931
13.9953    5.14706    1.25607    0.3971
10.9421    9.56374    -1.00672    2.34584
13.1705    7.58348    0.75904    0.307084
9.58699    7.94527    1.24281    0.0882887
12.7971    10.0567    0.716328    -0.238107
11.2922    11.8194    -0.0964399    0.33492
13.7814    13.101    1.46488    0.212167
13.8705    0.476162    0.472723    0.661816
1.14961    0.454171    0.893605    -0.204514
13.4542    1.60612    0.974012    1.34189
0.6095    1.40799    -0.19436    2.26414
13.8298    3.86951    -0.215119    -1.62582
2.30304    4.65097    0.0778162    -0.547186
12.955    5.29758    0.00377925    0.497827
12.588    6.29227    0.0214694    1.60362
11.7744    8.9165    0.0903524    0.520153
13.6046    6.50606    0.926412    0.445893
13.7451    9.0347    -2.55782    -0.984906
12.5658    12.5798    0.0786668    -0.0893243
12.778    13.5661    -0.861053    -1.1126
