0.341411    13.3703    0.700394    -0.459382
0.0390183    1.48156    -0.243239    0.113411
0.0635787    4.09964    -0.895188    0.586189
12.0253    5.73031    0.242396    0.748935
2.9264    6.96262    -0.508205    0.321974
1.61034    6.96861    -0.803836    -1.36384
4.47501    9.55996    0.545139    0.356987
9.12408    7.40347    1.31878    -0.669555
11.4424    7.99406    -0.112669    0.0438912
3.13284    7.95245    1.28873    0.464942
10.3689    7.80656    -0.73928    0.0470581
11.9874    9.13083    -0.747706    1.33711
4.93899    1.9892    -1.75674    -0.663017
1.40618    11.6281    0.687414    -1.25461
2.41346    4.54554    0.33175    -1.03825
4.27505    7.70448    0.291336    -1.00696
0.651177    6.55204    -0.549547    1.97909
1.35254    5.81038    1.47235    1.33975
4.99506    8.35802    -2.19341    0.505177
13.7006    8.65919    0.815262    0.765498
0.372661    7.85226    0.00542396    -0.464965
1.75895    9.17256    -0.269253    0.176127
2.86926    11.296    -2.87847    0.98797
12.6124    11.4903    -0.0675659    -1.08499
0.798635    12.3964    0.729409    -0.211987
4.02955    13.3538    0.0739561    0.842863
2.08891    3.48993    -0.14553    -1.90982
6.4922    4.1782    -0.269168    0.449691
2.38265    2.52958    -1.81183    -1.44836
4.58912    6.68272    0.0583005    -0.955748
0.770124    8.93253    -1.74001    2.42211
2.13788    10.5198    -0.144953    -0.372243
5.94271    11.5865    -0.492919    -1.2008
3.35526    12.4431    -1.7836    0.143177
1.66017    8.06149    -0.820018    0.258271
1.0663    3.51131    -0.408579    1.16854
4.81893    0.318724    0.0741267    -0.774863
2.32194    0.0293389    0.0339971    -0.709287
3.72171    2.44066    0.165639    -0.347327
12.9229    4.18419    -0.560656    -0.329933
3.10856    3.26089    -0.71418    1.19293
3.50213    4.27532    -0.145111    -0.6841
2.443    6.04171    1.16242    -0.135767
5.47949    9.56196    1.73585    0.431489
5.27226    13.3953    0.339589    -1.42642
7.13307    12.0958    0.761496    1.52453
3.50314    0.197016    1.61792    0.170977
4.09213    11.608    0.84912    -1.10927
10.3464    4.19294    1.64167    2.22891
2.79689    1.63143    1.35602    1.07538
1.37045    1.94537    0.286583    -1.10665
3.38208    5.43145    0.895438    1.51214
4.41545    3.25279    -0.707678    -0.741192
7.23727    8.09943    -0.0559453    1.07048
2.86229    9.50643    -0.280832    1.98767
3.55447    10.5685    -0.152264    1.41981
4.09938    1.3933    0.72919    -0.535229
6.14551    12.6165    -0.396297    -1.16115
8.56827    2.02056    0.77846    0.612146
6.85464    0.301691    0.59794    -1.35281
6.429    2.51547    -0.633374    1.71725
5.451    3.30256    0.477917    0.1673
7.28079    3.43878    1.68852    -2.33568
5.76342    0.909078    -0.552207    -1.2028
7.70864    4.79579    0.617278    0.703255
6.73672    5.80958    0.634266    0.00211281
4.57656    5.29381    -0.741733    0.952942
5.67867    6.22248    -1.63075    -0.95648
4.72334    10.6027    0.852865    0.613386
6.50201    9.97193    -1.11402    -0.942773
8.00438    1.13566    -1.13828    -0.99354
8.23835    12.2765    -1.44738    -0.171943
13.2335    13.2642    1.14503    1.94556
9.46525    2.7401    -0.0143235    0.684635
11.2266    3.52962    -1.12653    0.753158
5.69695    4.9481    0.438898    -1.37164
8.30337    3.08282    1.44594    -1.86168
8.09734    6.95705    0.905425    -0.947979
8.24042    8.13977    -0.5339    1.2247
4.80693    12.4061    -1.20832    -0.171548
8.38878    11.3106    0.333818    0.308758
9.02425    0.31126    2.0893    -0.246077
7.03551    13.2366    0.213549    -0.695587
11.9707    12.7728    1.94663    -2.29241
11.218    1.08025    -0.206941    2.19034
6.79221    1.3955    0.443249    1.84563
10.2727    2.03232    1.08159    2.24294
7.55253    2.35391    -1.13234    -0.298931
9.02891    6.33038    -1.8665    -0.308002
9.24392    3.83799    0.974728    -0.523004
4.82069    4.20235    0.360264    -0.062628
6.00838    7.41394    0.254641    0.796658
7.31022    9.26309    -0.00326693    0.537348
6.42906    8.7804    0.170855    -1.63835
6.92504    10.9799    -1.16196    -0.799551
7.82796    13.9207    -0.297501    -0.562037
12.8202    1.02267    -0.929869    -1.64681
12.9773    2.17163    0.669536    -0.735614
9.43157    1.35176    -0.0934881    -0.562636
8.90682    5.03293    -0.949308    -0.21267
10.3767    5.35338    0.523651    -1.19016
12.2337    3.06731    0.181028    -1.06033
9.1167    8.72992    -2.25461    -1.25743
8.8946    13.3313    -1.78156    0.269421
10.4512    12.3679    -0.0170003    0.89781
9.95166    13.3028    0.0363589    -0.484102
11.2175    9.91308    0.269181    -2.48589
11.4489    10.9832    1.00423    -1.02128
12.016    1.74174    -0.950204    -0.941962
10.3861    3.03521    -0.581777    0.323254
11.3563    2.47701    -0.0272118    0.888829
8.12882    5.81206    -2.42007    -0.00453863
9.39135    11.7938    1.6006    0.652229
10.8172    6.21947    -0.226009    -0.377127
7.01886    7.13396    -0.102743    0.0885114
8.34587    9.5982    -0.447684    0.533842
10.1411    8.97092    0.416535    0.0673709
13.081    9.69494    -1.1669    0.0470831
12.376    10.5236    -1.05373    0.0967843
10.4116    0.284946    0.936088    0.102142
0.519004    0.535342    0.616493    1.16701
1.74976    0.947633    -0.666535    1.63831
12.3583    13.9128    1.36995    -0.445088
9.91401    6.70774    0.889266    -0.474974
13.6183    7.13958    0.513423    1.98446
12.9939    5.93351    -0.260354    1.89358
11.5622    6.93217    0.104484    -1.19096
9.55803    9.95419    -0.126647    -0.731182
13.8826    11.0724    1.10289    -0.806269
0.138469    10.0047    0.552094    1.15222
11.3504    13.7255    -1.25923    0.488461
13.5113    0.162829    -1.04827    0.711019
1.12412    10.4979    0.978303    0.275283
2.03334    12.9652    0.924851    -1.04623
0.435394    2.52724    2.31763    0.411624
1.35768    4.4495    -0.722816    0.408372
11.717    4.62617    -0.00389557    0.719412
12.6087    6.90453    0.23922    -0.434102
3.86299    8.75132    0.614377    -1.33246
10.1316    10.8812    -0.0554792    0.976005
13.7807    5.32145    0.392354    0.554395
12.7347    7.96412    0.374521    -0.39401
13.6077    12.1851    -1.34547    0.839028
13.3683    3.21271    1.44613    -0.365341
