0  0.666667  3.86547e+010  0  144  144  
0.0005  0.666667  3.86547e+010  0  144  144  
0.001  0.666667  3.86547e+010  0  144  144  
0.0015  0.666667  3.86547e+010  0  144  144  
0.002  0.666667  3.86547e+010  0  144  144  
0.0025  0.666667  3.86547e+010  0  144  144  
0.003  0.666667  3.86547e+010  0  144  144  
0.0035  0.666667  3.86547e+010  0  144  144  
0.004  0.666667  3.86547e+010  0  144  144  
0.0045  0.666667  3.86547e+010  0  144  144  
0.005  0.666667  3.86547e+010  0  144  144  
0.0055  0.666667  3.86547e+010  0  144  144  
0.006  0.666667  3.86547e+010  0  144  144  
0.0065  0.666667  3.86547e+010  0  144  144  
0.007  0.666667  3.86547e+010  0  144  144  
0.0075  0.666667  3.86547e+010  0  144  144  
0.008  0.666667  3.86547e+010  0  144  144  
0.0085  0.666667  3.86547e+010  0  144  144  
0.009  0.666667  3.86547e+010  0  144  144  
0.0095  0.666667  3.86547e+010  0  144  144  
0.01  0.666667  3.86547e+010  0  144  144  
0.0105  0.666667  3.86547e+010  0  144  144  
0.011  0.666667  3.86547e+010  0  144  144  
0.0115  0.666667  3.86547e+010  0  144  144  
0.012  0.666667  3.86547e+010  0  144  144  
0.0125  0.666667  3.86547e+010  3.86497e-008  144  144  
0.013  0.666666  3.86547e+010  9.22658e-005  144  144  
0.0135  0.666664  3.86546e+010  0.000535874  143.999  144  
0.014  0.666659  3.86543e+010  0.00157491  143.998  144  
0.0145  0.666651  3.86538e+010  0.00329101  143.997  144  
0.015  0.666639  3.86531e+010  0.00587269  143.994  144  
0.0155  0.666623  3.86522e+010  0.00941404  143.991  144  
0.016  0.666602  3.8651e+010  0.0139451  143.986  144  
0.0165  0.666576  3.86494e+010  0.0195792  143.98  144  
0.017  0.666544  3.86476e+010  0.026511  143.973  144  
0.0175  0.666505  3.86453e+010  0.0348279  143.965  144  
0.018  0.66646  3.86427e+010  0.044605  143.955  144  
0.0185  0.666407  3.86397e+010  0.055982  143.944  144  
0.019  0.666347  3.86362e+010  0.0690773  143.931  144  
0.0195  0.666278  3.86321e+010  0.0839903  143.916  144  
0.02  0.666199  3.86276e+010  0.10087  143.899  144  
0.0205  0.666112  3.86225e+010  0.119805  143.88  144  
0.021  0.666014  3.86168e+010  0.140973  143.859  144  
0.0215  0.665904  3.86105e+010  0.164695  143.835  144  
0.022  0.665781  3.86034e+010  0.191163  143.809  144  
0.0225  0.665646  3.85955e+010  0.220471  143.779  144  
0.023  0.665496  3.85868e+010  0.252719  143.747  144  
0.0235  0.665333  3.85774e+010  0.288071  143.712  144  
0.024  0.665154  3.8567e+010  0.3267  143.673  144  
0.0245  0.664959  3.85557e+010  0.368784  143.631  144  
0.025  0.664748  3.85434e+010  0.414451  143.585  144  
0.0255  0.664519  3.85302e+010  0.463826  143.536  144  
0.026  0.664273  3.85159e+010  0.517029  143.483  144  
0.0265  0.664008  3.85006e+010  0.574143  143.426  144  
0.027  0.663725  3.84841e+010  0.635274  143.365  144  
0.0275  0.663423  3.84666e+010  0.700526  143.299  144  
0.028  0.663101  3.8448e+010  0.769996  143.23  144  
0.0285  0.66276  3.84282e+010  0.843816  143.156  144  
0.029  0.662397  3.84071e+010  0.922121  143.078  144  
0.0295  0.662013  3.83849e+010  1.00502  142.995  144  
0.03  0.661608  3.83614e+010  1.0926  142.907  144  
0.0305  0.66118  3.83366e+010  1.18496  142.815  144  
0.031  0.66073  3.83105e+010  1.2822  142.718  144  
0.0315  0.660257  3.8283e+010  1.38446  142.615  144  
0.032  0.659759  3.82542e+010  1.49182  142.508  144  
0.0325  0.659238  3.8224e+010  1.60438  142.395  144  
0.033  0.658693  3.81924e+010  1.72223  142.278  144  
0.0335  0.658122  3.81593e+010  1.84548  142.154  144  
0.034  0.657526  3.81247e+010  1.97424  142.026  144  
0.0345  0.656904  3.80886e+010  2.10863  141.891  144  
0.035  0.656255  3.8051e+010  2.2488  141.751  144  
0.0355  0.655579  3.80118e+010  2.39486  141.605  144  
0.036  0.654875  3.7971e+010  2.5469  141.453  144  
0.0365  0.654143  3.79285e+010  2.70501  141.295  144  
0.037  0.653382  3.78844e+010  2.8693  141.131  144  
0.0375  0.652592  3.78387e+010  3.03986  140.96  144  
0.038  0.651773  3.77912e+010  3.21675  140.783  144  
0.0385  0.650925  3.7742e+010  3.40006  140.6  144  
0.039  0.650046  3.7691e+010  3.58987  140.41  144  
0.0395  0.649137  3.76383e+010  3.78625  140.214  144  
0.04  0.648197  3.75838e+010  3.98929  140.011  144  
0.0405  0.647226  3.75275e+010  4.19905  139.801  144  
0.041  0.646223  3.74694e+010  4.41559  139.584  144  
0.0415  0.645189  3.74094e+010  4.639  139.361  144  
0.042  0.644123  3.73476e+010  4.86934  139.13  144  
0.0425  0.643024  3.72838e+010  5.10667  138.893  144  
0.043  0.641892  3.72182e+010  5.35108  138.649  144  
0.0435  0.640728  3.71507e+010  5.60261  138.397  144  
0.044  0.63953  3.70813e+010  5.86133  138.138  144  
0.0445  0.638299  3.70099e+010  6.12729  137.872  144  
0.045  0.637033  3.69365e+010  6.40056  137.599  144  
0.0455  0.635734  3.68612e+010  6.68119  137.319  144  
0.046  0.634401  3.67839e+010  6.96925  137.031  144  
0.0465  0.633032  3.67045e+010  7.26478  136.735  144  
0.047  0.63163  3.66232e+010  7.56781  136.432  144  
0.0475  0.630192  3.65398e+010  7.87836  136.121  144  
0.048  0.628719  3.64544e+010  8.19646  135.803  144  
0.0485  0.627211  3.6367e+010  8.52212  135.478  144  
0.049  0.625668  3.62775e+010  8.85538  135.144  144  
0.0495  0.62409  3.6186e+010  9.19626  134.804  144  
0.05  0.622477  3.60925e+010  9.54476  134.455  144  
0.0505  0.620828  3.59969e+010  9.90086  134.099  144  
0.051  0.619145  3.58993e+010  10.2645  133.735  144  
0.0515  0.617426  3.57996e+010  10.6358  133.364  144  
0.052  0.615672  3.56979e+010  11.0146  132.985  144  
0.0525  0.613884  3.55943e+010  11.4009  132.599  144  
0.053  0.612061  3.54886e+010  11.7946  132.205  144  
0.0535  0.610204  3.53809e+010  12.1956  131.804  144  
0.054  0.608314  3.52713e+010  12.604  131.396  144  
0.0545  0.60639  3.51597e+010  13.0196  130.98  144  
0.055  0.604432  3.50462e+010  13.4424  130.557  144  
0.0555  0.602443  3.49309e+010  13.8721  130.128  144  
0.056  0.600421  3.48136e+010  14.3089  129.691  144  
0.0565  0.598368  3.46946e+010  14.7524  129.247  144  
0.057  0.596283  3.45737e+010  15.2026  128.797  144  
0.0575  0.594169  3.44511e+010  15.6593  128.34  144  
0.058  0.592025  3.43268e+010  16.1225  127.877  144  
0.0585  0.589851  3.42008e+010  16.5919  127.408  144  
0.059  0.58765  3.40731e+010  17.0674  126.932  144  
0.0595  0.585421  3.39439e+010  17.5489  126.451  144  
0.06  0.583166  3.38131e+010  18.036  125.964  144  
0.0605  0.580885  3.36809e+010  18.5287  125.471  144  
0.061  0.578579  3.35472e+010  19.0268  124.973  144  
0.0615  0.57625  3.34121e+010  19.5299  124.47  144  
0.062  0.573898  3.32758e+010  20.0379  123.962  144  
0.0625  0.571524  3.31382e+010  20.5506  123.449  144  
0.063  0.569131  3.29994e+010  21.0676  122.932  144  
0.0635  0.566718  3.28595e+010  21.5888  122.411  144  
0.064  0.564287  3.27185e+010  22.1138  121.886  144  
0.0645  0.56184  3.25766e+010  22.6424  121.357  144  
0.065  0.559377  3.24339e+010  23.1744  120.826  144  
0.0655  0.556901  3.22903e+010  23.7093  120.291  144  
0.066  0.554412  3.2146e+010  24.2468  119.753  144  
0.0665  0.551913  3.2001e+010  24.7868  119.213  144  
0.067  0.549403  3.18555e+010  25.3288  118.671  144  
0.0675  0.546886  3.17096e+010  25.8725  118.127  144  
0.068  0.544363  3.15633e+010  26.4176  117.582  144  
0.0685  0.541834  3.14167e+010  26.9637  117.036  144  
0.069  0.539303  3.12699e+010  27.5105  116.489  144  
0.0695  0.53677  3.1123e+010  28.0576  115.942  144  
0.07  0.534238  3.09762e+010  28.6046  115.395  144  
0.0705  0.531707  3.08295e+010  29.1512  114.849  144  
0.071  0.529181  3.0683e+010  29.697  114.303  144  
0.0715  0.526659  3.05368e+010  30.2416  113.758  144  
0.072  0.524145  3.0391e+010  30.7846  113.215  144  
0.0725  0.52164  3.02458e+010  31.3257  112.674  144  
0.073  0.519146  3.01012e+010  31.8644  112.136  144  
0.0735  0.516665  2.99573e+010  32.4004  111.6  144  
0.074  0.514198  2.98143e+010  32.9333  111.067  144  
0.0745  0.511747  2.96722e+010  33.4627  110.537  144  
0.075  0.509314  2.95311e+010  33.9882  110.012  144  
0.0755  0.506901  2.93912e+010  34.5094  109.491  144  
0.076  0.50451  2.92525e+010  35.0259  108.974  144  
0.0765  0.502142  2.91152e+010  35.5375  108.463  144  
0.077  0.499799  2.89794e+010  36.0436  107.957  144  
0.0775  0.497482  2.8845e+010  36.544  107.456  144  
0.078  0.495194  2.87124e+010  37.0382  106.962  144  
0.0785  0.492936  2.85815e+010  37.5259  106.474  144  
0.079  0.49071  2.84524e+010  38.0069  105.993  144  
0.0795  0.488517  2.83252e+010  38.4806  105.52  144  
0.08  0.486358  2.82e+010  38.9468  105.053  144  
0.0805  0.484236  2.8077e+010  39.4052  104.595  144  
0.081  0.482151  2.79561e+010  39.8555  104.145  144  
0.0815  0.480106  2.78375e+010  40.2974  103.703  144  
0.082  0.478101  2.77213e+010  40.7305  103.27  144  
0.0825  0.476137  2.76074e+010  41.1546  102.846  144  
0.083  0.474216  2.7496e+010  41.5695  102.431  144  
0.0835  0.47234  2.73872e+010  41.9748  102.025  144  
0.084  0.470508  2.7281e+010  42.3705  101.63  144  
0.0845  0.468723  2.71775e+010  42.7561  101.244  144  
0.085  0.466984  2.70767e+010  43.1316  100.869  144  
0.0855  0.465294  2.69787e+010  43.4967  100.504  144  
0.086  0.463653  2.68835e+010  43.8512  100.149  144  
0.0865  0.462061  2.67913e+010  44.195  99.8052  144  
0.087  0.46052  2.67019e+010  44.5279  99.4723  144  
0.0875  0.45903  2.66155e+010  44.8498  99.1504  144  
0.088  0.457591  2.65321e+010  45.1606  98.8396  144  
0.0885  0.456204  2.64517e+010  45.4601  98.5401  144  
0.089  0.45487  2.63743e+010  45.7482  98.252  144  
0.0895  0.453589  2.63e+010  46.0249  97.9753  144  
0.09  0.452362  2.62289e+010  46.2901  97.7101  144  
0.0905  0.451187  2.61608e+010  46.5438  97.4564  144  
0.091  0.450067  2.60958e+010  46.7858  97.2144  144  
0.0915  0.449  2.60339e+010  47.0163  96.984  144  
0.092  0.447987  2.59752e+010  47.2351  96.7651  144  
0.0925  0.447027  2.59196e+010  47.4423  96.5579  144  
0.093  0.446122  2.58671e+010  47.6379  96.3623  144  
0.0935  0.44527  2.58177e+010  47.822  96.1783  144  
0.094  0.444471  2.57713e+010  47.9945  96.0057  144  
0.0945  0.443725  2.57281e+010  48.1556  95.8446  144  
0.095  0.443032  2.56879e+010  48.3052  95.695  144  
0.0955  0.442392  2.56508e+010  48.4436  95.5566  144  
0.096  0.441803  2.56167e+010  48.5707  95.4295  144  
0.0965  0.441266  2.55855e+010  48.6867  95.3135  144  
0.097  0.44078  2.55573e+010  48.7916  95.2085  144  
0.0975  0.440345  2.55321e+010  48.8857  95.1145  144  
0.098  0.439959  2.55098e+010  48.9689  95.0312  144  
0.0985  0.439623  2.54903e+010  49.0415  94.9586  144  
0.099  0.439336  2.54736e+010  49.1036  94.8965  144  
0.0995  0.439096  2.54597e+010  49.1553  94.8448  144  
0.1  0.438904  2.54486e+010  49.1968  94.8033  144  
0.1005  0.438758  2.54401e+010  49.2283  94.7718  144  
0.101  0.438658  2.54343e+010  49.2499  94.7502  144  
0.1015  0.438603  2.54311e+010  49.2618  94.7383  144  
0.102  0.438592  2.54305e+010  49.2642  94.7359  144  
0.1025  0.438625  2.54324e+010  49.2572  94.7429  144  
0.103  0.438699  2.54367e+010  49.2411  94.759  144  
0.1035  0.438815  2.54434e+010  49.216  94.7841  144  
0.104  0.438971  2.54525e+010  49.1822  94.8178  144  
0.1045  0.439167  2.54638e+010  49.14  94.8601  144  
0.105  0.439401  2.54774e+010  49.0895  94.9106  144  
0.1055  0.439672  2.54931e+010  49.0309  94.9691  144  
0.106  0.439979  2.55109e+010  48.9646  95.0354  144  
0.1065  0.440321  2.55307e+010  48.8908  95.1092  144  
0.107  0.440696  2.55525e+010  48.8096  95.1904  144  
0.1075  0.441105  2.55762e+010  48.7213  95.2787  144  
0.108  0.441546  2.56017e+010  48.626  95.374  144  
0.1085  0.442018  2.56291e+010  48.5241  95.4758  144  
0.109  0.442519  2.56582e+010  48.4158  95.5842  144  
0.1095  0.44305  2.56889e+010  48.3012  95.6988  144  
0.11  0.443608  2.57213e+010  48.1806  95.8193  144  
0.1105  0.444193  2.57552e+010  48.0543  95.9457  144  
0.111  0.444804  2.57906e+010  47.9224  96.0776  144  
0.1115  0.445439  2.58275e+010  47.7851  96.2148  144  
0.112  0.446098  2.58657e+010  47.6427  96.3572  144  
0.1125  0.44678  2.59052e+010  47.4955  96.5044  144  
0.113  0.447483  2.5946e+010  47.3435  96.6564  144  
0.1135  0.448207  2.5988e+010  47.1872  96.8127  144  
0.114  0.448951  2.60311e+010  47.0265  96.9734  144  
0.1145  0.449713  2.60753e+010  46.8619  97.138  144  
0.115  0.450493  2.61205e+010  46.6935  97.3064  144  
0.1155  0.451289  2.61667e+010  46.5214  97.4784  144  
0.116  0.452101  2.62137e+010  46.3461  97.6538  144  
0.1165  0.452927  2.62617e+010  46.1675  97.8323  144  
0.117  0.453768  2.63104e+010  45.986  98.0138  144  
0.1175  0.454621  2.63598e+010  45.8018  98.198  144  
0.118  0.455485  2.641e+010  45.615  98.3848  144  
0.1185  0.456361  2.64607e+010  45.4259  98.5739  144  
0.119  0.457246  2.65121e+010  45.2346  98.7652  144  
0.1195  0.458141  2.65639e+010  45.0414  98.9584  144  
0.12  0.459043  2.66163e+010  44.8465  99.1534  144  
0.1205  0.459953  2.6669e+010  44.6499  99.3499  144  
0.121  0.460869  2.67222e+010  44.452  99.5478  144  
0.1215  0.461791  2.67756e+010  44.2529  99.7469  144  
0.122  0.462718  2.68293e+010  44.0528  99.947  144  
0.1225  0.463648  2.68833e+010  43.8518  100.148  144  
0.123  0.464581  2.69374e+010  43.6503  100.349  144  
0.1235  0.465516  2.69916e+010  43.4482  100.552  144  
0.124  0.466453  2.70459e+010  43.2458  100.754  144  
0.1245  0.467391  2.71003e+010  43.0434  100.956  144  
0.125  0.468328  2.71546e+010  42.8409  101.159  144  
0.1255  0.469264  2.72089e+010  42.6387  101.361  144  
0.126  0.470198  2.72631e+010  42.4369  101.563  144  
0.1265  0.47113  2.73171e+010  42.2356  101.764  144  
0.127  0.472059  2.73709e+010  42.035  101.965  144  
0.1275  0.472983  2.74245e+010  41.8354  102.164  144  
0.128  0.473902  2.74778e+010  41.6369  102.363  144  
0.1285  0.474815  2.75308e+010  41.4396  102.56  144  
0.129  0.475722  2.75833e+010  41.2437  102.756  144  
0.1295  0.476622  2.76355e+010  41.0493  102.95  144  
0.13  0.477514  2.76873e+010  40.8566  103.143  144  
0.1305  0.478398  2.77385e+010  40.6658  103.334  144  
0.131  0.479272  2.77892e+010  40.4769  103.523  144  
0.1315  0.480137  2.78393e+010  40.2902  103.709  144  
0.132  0.480991  2.78888e+010  40.1057  103.894  144  
0.1325  0.481834  2.79377e+010  39.9236  104.076  144  
0.133  0.482665  2.79859e+010  39.744  104.256  144  
0.1335  0.483484  2.80334e+010  39.567  104.433  144  
0.134  0.484291  2.80802e+010  39.3928  104.607  144  
0.1345  0.485085  2.81262e+010  39.2214  104.778  144  
0.135  0.485864  2.81714e+010  39.0529  104.947  144  
0.1355  0.48663  2.82158e+010  38.8875  105.112  144  
0.136  0.487381  2.82594e+010  38.7252  105.274  144  
0.1365  0.488118  2.83021e+010  38.5662  105.433  144  
0.137  0.488838  2.83439e+010  38.4105  105.589  144  
0.1375  0.489543  2.83847e+010  38.2583  105.741  144  
0.138  0.490232  2.84246e+010  38.1096  105.89  144  
0.1385  0.490903  2.84636e+010  37.9645  106.035  144  
0.139  0.491557  2.85015e+010  37.8233  106.176  144  
0.1395  0.492194  2.85384e+010  37.6858  106.314  144  
0.14  0.492812  2.85743e+010  37.5522  106.447  144  
0.1405  0.493412  2.8609e+010  37.4226  106.577  144  
0.141  0.493994  2.86428e+010  37.297  106.703  144  
0.1415  0.494556  2.86754e+010  37.1754  106.824  144  
0.142  0.4951  2.87069e+010  37.058  106.942  144  
0.1425  0.495624  2.87373e+010  36.9448  107.055  144  
0.143  0.496129  2.87666e+010  36.8357  107.164  144  
0.1435  0.496614  2.87947e+010  36.7309  107.269  144  
0.144  0.49708  2.88217e+010  36.6303  107.369  144  
0.1445  0.497525  2.88475e+010  36.5341  107.465  144  
0.145  0.497951  2.88722e+010  36.4422  107.557  144  
0.1455  0.498356  2.88957e+010  36.3546  107.645  144  
0.146  0.498741  2.8918e+010  36.2715  107.728  144  
0.1465  0.499106  2.89392e+010  36.1927  107.807  144  
0.147  0.499451  2.89592e+010  36.1182  107.881  144  
0.1475  0.499775  2.8978e+010  36.0482  107.951  144  
0.148  0.500079  2.89956e+010  35.9825  108.017  144  
0.1485  0.500363  2.90121e+010  35.9212  108.078  144  
0.149  0.500627  2.90274e+010  35.8642  108.135  144  
0.1495  0.50087  2.90415e+010  35.8116  108.188  144  
0.15  0.501094  2.90545e+010  35.7632  108.236  144  
0.1505  0.501299  2.90664e+010  35.719  108.281  144  
0.151  0.501485  2.90771e+010  35.6788  108.321  144  
0.1515  0.501652  2.90868e+010  35.6427  108.357  144  
0.152  0.5018  2.90954e+010  35.6107  108.389  144  
0.1525  0.501929  2.91029e+010  35.5829  108.417  144  
0.153  0.50204  2.91093e+010  35.559  108.441  144  
0.1535  0.502131  2.91146e+010  35.5392  108.46  144  
0.154  0.502205  2.91189e+010  35.5234  108.476  144  
0.1545  0.50226  2.91221e+010  35.5115  108.488  144  
0.155  0.502297  2.91242e+010  35.5035  108.496  144  
0.1555  0.502317  2.91254e+010  35.4992  108.5  144  
0.156  0.50232  2.91255e+010  35.4986  108.501  144  
0.1565  0.502307  2.91248e+010  35.5014  108.498  144  
0.157  0.502278  2.91231e+010  35.5075  108.492  144  
0.1575  0.502235  2.91206e+010  35.5168  108.483  144  
0.158  0.502178  2.91173e+010  35.5292  108.47  144  
0.1585  0.502107  2.91132e+010  35.5446  108.455  144  
0.159  0.502022  2.91083e+010  35.5629  108.437  144  
0.1595  0.501924  2.91026e+010  35.5841  108.416  144  
0.16  0.501813  2.90962e+010  35.608  108.392  144  
0.1605  0.50169  2.9089e+010  35.6346  108.365  144  
0.161  0.501556  2.90812e+010  35.6637  108.336  144  
0.1615  0.50141  2.90728e+010  35.6951  108.305  144  
0.162  0.501254  2.90638e+010  35.7287  108.271  144  
0.1625  0.501089  2.90542e+010  35.7645  108.235  144  
0.163  0.500914  2.9044e+010  35.8022  108.197  144  
0.1635  0.500731  2.90334e+010  35.8418  108.158  144  
0.164  0.50054  2.90223e+010  35.8831  108.117  144  
0.1645  0.500341  2.90108e+010  35.926  108.074  144  
0.165  0.500136  2.89989e+010  35.9704  108.029  144  
0.1655  0.499924  2.89866e+010  36.0161  107.984  144  
0.166  0.499706  2.8974e+010  36.0631  107.937  144  
0.1665  0.499483  2.8961e+010  36.1114  107.888  144  
0.167  0.499254  2.89478e+010  36.1608  107.839  144  
0.1675  0.49902  2.89342e+010  36.2113  107.788  144  
0.168  0.498782  2.89204e+010  36.2628  107.737  144  
0.1685  0.49854  2.89064e+010  36.3151  107.685  144  
0.169  0.498294  2.88921e+010  36.3682  107.632  144  
0.1695  0.498045  2.88777e+010  36.422  107.578  144  
0.17  0.497792  2.8863e+010  36.4766  107.523  144  
0.1705  0.497537  2.88482e+010  36.5318  107.468  144  
0.171  0.497279  2.88333e+010  36.5874  107.412  144  
0.1715  0.49702  2.88182e+010  36.6434  107.356  144  
0.172  0.496759  2.88031e+010  36.6997  107.3  144  
0.1725  0.496498  2.8788e+010  36.7561  107.244  144  
0.173  0.496237  2.87728e+010  36.8125  107.187  144  
0.1735  0.495976  2.87577e+010  36.8688  107.131  144  
0.174  0.495717  2.87427e+010  36.9249  107.075  144  
0.1745  0.495458  2.87277e+010  36.9807  107.019  144  
0.175  0.495202  2.87128e+010  37.0361  106.964  144  
0.1755  0.494947  2.86981e+010  37.0911  106.909  144  
0.176  0.494695  2.86835e+010  37.1456  106.854  144  
0.1765  0.494446  2.8669e+010  37.1994  106.8  144  
0.177  0.4942  2.86547e+010  37.2526  106.747  144  
0.1775  0.493956  2.86406e+010  37.3051  106.695  144  
0.178  0.493717  2.86267e+010  37.3569  106.643  144  
0.1785  0.493481  2.86131e+010  37.4078  106.592  144  
0.179  0.49325  2.85996e+010  37.4578  106.542  144  
0.1795  0.493023  2.85865e+010  37.5068  106.493  144  
0.18  0.492801  2.85736e+010  37.5547  106.445  144  
0.1805  0.492584  2.8561e+010  37.6016  106.398  144  
0.181  0.492372  2.85487e+010  37.6474  106.352  144  
0.1815  0.492165  2.85368e+010  37.692  106.308  144  
0.182  0.491964  2.85251e+010  37.7355  106.264  144  
0.1825  0.491768  2.85137e+010  37.7779  106.222  144  
0.183  0.491577  2.85026e+010  37.8192  106.181  144  
0.1835  0.491391  2.84918e+010  37.8594  106.14  144  
0.184  0.49121  2.84814e+010  37.8984  106.101  144  
0.1845  0.491034  2.84712e+010  37.9363  106.063  144  
0.185  0.490864  2.84613e+010  37.9731  106.027  144  
0.1855  0.490699  2.84517e+010  38.0088  105.991  144  
0.186  0.490539  2.84425e+010  38.0433  105.956  144  
0.1865  0.490385  2.84335e+010  38.0765  105.923  144  
0.187  0.490237  2.84249e+010  38.1086  105.891  144  
0.1875  0.490094  2.84167e+010  38.1394  105.86  144  
0.188  0.489957  2.84087e+010  38.169  105.831  144  
0.1885  0.489825  2.84011e+010  38.1976  105.802  144  
0.189  0.489698  2.83937e+010  38.225  105.775  144  
0.1895  0.489576  2.83866e+010  38.2514  105.748  144  
0.19  0.489458  2.83798e+010  38.2769  105.723  144  
0.1905  0.489344  2.83732e+010  38.3014  105.698  144  
0.191  0.489235  2.83669e+010  38.325  105.675  144  
0.1915  0.48913  2.83608e+010  38.3477  105.652  144  
0.192  0.489029  2.83549e+010  38.3696  105.63  144  
0.1925  0.488931  2.83492e+010  38.3907  105.609  144  
0.193  0.488836  2.83437e+010  38.4111  105.589  144  
0.1935  0.488745  2.83384e+010  38.4309  105.569  144  
0.194  0.488656  2.83333e+010  38.45  105.55  144  
0.1945  0.48857  2.83283e+010  38.4687  105.531  144  
0.195  0.488486  2.83234e+010  38.4869  105.513  144  
0.1955  0.488403  2.83186e+010  38.5047  105.495  144  
0.196  0.488322  2.83139e+010  38.5222  105.478  144  
0.1965  0.488242  2.83093e+010  38.5395  105.46  144  
0.197  0.488163  2.83047e+010  38.5566  105.443  144  
0.1975  0.488084  2.83001e+010  38.5737  105.426  144  
0.198  0.488005  2.82955e+010  38.5907  105.409  144  
0.1985  0.487926  2.82909e+010  38.6077  105.392  144  
0.199  0.487847  2.82864e+010  38.6248  105.375  144  
0.1995  0.487767  2.82818e+010  38.642  105.358  144  
0.2  0.487687  2.82771e+010  38.6593  105.34  144  
0.2005  0.487606  2.82724e+010  38.6768  105.323  144  
0.201  0.487524  2.82677e+010  38.6945  105.305  144  
0.2015  0.487441  2.82628e+010  38.7125  105.287  144  
0.202  0.487356  2.82579e+010  38.7308  105.269  144  
0.2025  0.48727  2.82529e+010  38.7495  105.25  144  
0.203  0.487181  2.82478e+010  38.7685  105.231  144  
0.2035  0.487091  2.82425e+010  38.7881  105.212  144  
0.204  0.486998  2.82372e+010  38.8081  105.192  144  
0.2045  0.486903  2.82316e+010  38.8287  105.171  144  
0.205  0.486805  2.8226e+010  38.8498  105.15  144  
0.2055  0.486705  2.82201e+010  38.8715  105.128  144  
0.206  0.486601  2.82141e+010  38.8938  105.106  144  
0.2065  0.486495  2.8208e+010  38.9167  105.083  144  
0.207  0.486387  2.82017e+010  38.9402  105.06  144  
0.2075  0.486275  2.81952e+010  38.9643  105.035  144  
0.208  0.48616  2.81886e+010  38.989  105.011  144  
0.2085  0.486043  2.81818e+010  39.0145  104.985  144  
0.209  0.485922  2.81747e+010  39.0406  104.959  144  
0.2095  0.485798  2.81676e+010  39.0674  104.932  144  
0.21  0.485671  2.81602e+010  39.0948  104.905  144  
0.2105  0.485541  2.81527e+010  39.1228  104.877  144  
0.211  0.485408  2.8145e+010  39.1515  104.848  144  
0.2115  0.485273  2.81371e+010  39.1807  104.819  144  
0.212  0.485135  2.81291e+010  39.2105  104.789  144  
0.2125  0.484994  2.8121e+010  39.2409  104.759  144  
0.213  0.484851  2.81127e+010  39.2719  104.728  144  
0.2135  0.484705  2.81042e+010  39.3033  104.696  144  
0.214  0.484557  2.80956e+010  39.3353  104.664  144  
0.2145  0.484407  2.80869e+010  39.3677  104.632  144  
0.215  0.484256  2.80781e+010  39.4005  104.599  144  
0.2155  0.484102  2.80692e+010  39.4337  104.566  144  
0.216  0.483946  2.80602e+010  39.4673  104.532  144  
0.2165  0.483789  2.80511e+010  39.5012  104.498  144  
0.217  0.48363  2.80419e+010  39.5356  104.464  144  
0.2175  0.48347  2.80326e+010  39.5703  104.429  144  
0.218  0.483307  2.80232e+010  39.6053  104.394  144  
0.2185  0.483143  2.80136e+010  39.6407  104.359  144  
0.219  0.482978  2.80041e+010  39.6764  104.323  144  
0.2195  0.482812  2.79944e+010  39.7123  104.287  144  
0.22  0.482646  2.79848e+010  39.7483  104.251  144  
0.2205  0.482478  2.79751e+010  39.7844  104.215  144  
0.221  0.482311  2.79654e+010  39.8205  104.179  144  
0.2215  0.482144  2.79557e+010  39.8566  104.143  144  
0.222  0.481978  2.79461e+010  39.8925  104.107  144  
0.2225  0.481812  2.79364e+010  39.9284  104.071  144  
0.223  0.481647  2.79269e+010  39.964  104.036  144  
0.2235  0.481483  2.79174e+010  39.9993  104  144  
0.224  0.481322  2.7908e+010  40.0343  103.965  144  
0.2245  0.481161  2.78987e+010  40.0689  103.931  144  
0.225  0.481004  2.78896e+010  40.103  103.897  144  
0.2255  0.480848  2.78806e+010  40.1365  103.863  144  
0.226  0.480696  2.78717e+010  40.1695  103.83  144  
0.2265  0.480546  2.78631e+010  40.2017  103.798  144  
0.227  0.4804  2.78546e+010  40.2333  103.766  144  
0.2275  0.480258  2.78463e+010  40.264  103.736  144  
0.228  0.48012  2.78383e+010  40.2939  103.706  144  
0.2285  0.479986  2.78306e+010  40.3228  103.677  144  
0.229  0.479856  2.7823e+010  40.3508  103.649  144  
0.2295  0.479731  2.78158e+010  40.3778  103.622  144  
0.23  0.479612  2.78089e+010  40.4036  103.596  144  
0.2305  0.479498  2.78023e+010  40.4282  103.572  144  
0.231  0.479389  2.7796e+010  40.4516  103.548  144  
0.2315  0.479287  2.77901e+010  40.4737  103.526  144  
0.232  0.479192  2.77845e+010  40.4944  103.505  144  
0.2325  0.479103  2.77794e+010  40.5136  103.486  144  
0.233  0.479021  2.77746e+010  40.5313  103.468  144  
0.2335  0.478946  2.77703e+010  40.5475  103.452  144  
0.234  0.478878  2.77664e+010  40.562  103.438  144  
0.2345  0.478819  2.77629e+010  40.575  103.425  144  
0.235  0.478767  2.77599e+010  40.5862  103.414  144  
0.2355  0.478723  2.77573e+010  40.5956  103.404  144  
0.236  0.478687  2.77553e+010  40.6033  103.396  144  
0.2365  0.47866  2.77537e+010  40.6092  103.391  144  
0.237  0.478641  2.77526e+010  40.6132  103.387  144  
0.2375  0.478632  2.7752e+010  40.6153  103.384  144  
0.238  0.478631  2.7752e+010  40.6155  103.384  144  
0.2385  0.478639  2.77525e+010  40.6138  103.386  144  
0.239  0.478656  2.77535e+010  40.61  103.39  144  
0.2395  0.478683  2.7755e+010  40.6043  103.395  144  
0.24  0.478719  2.77571e+010  40.5966  103.403  144  
0.2405  0.478764  2.77597e+010  40.5868  103.413  144  
0.241  0.478819  2.77629e+010  40.5749  103.425  144  
0.2415  0.478883  2.77666e+010  40.5611  103.439  144  
0.242  0.478957  2.77709e+010  40.5451  103.455  144  
0.2425  0.47904  2.77757e+010  40.5272  103.473  144  
0.243  0.479133  2.77811e+010  40.5071  103.493  144  
0.2435  0.479235  2.7787e+010  40.4851  103.515  144  
0.244  0.479346  2.77935e+010  40.4611  103.539  144  
0.2445  0.479466  2.78005e+010  40.435  103.565  144  
0.245  0.479596  2.7808e+010  40.407  103.593  144  
0.2455  0.479735  2.7816e+010  40.3771  103.623  144  
0.246  0.479882  2.78246e+010  40.3452  103.655  144  
0.2465  0.480039  2.78337e+010  40.3113  103.688  144  
0.247  0.480205  2.78433e+010  40.2755  103.724  144  
0.2475  0.480379  2.78534e+010  40.2379  103.762  144  
0.248  0.480561  2.78639e+010  40.1985  103.801  144  
0.2485  0.480752  2.7875e+010  40.1573  103.842  144  
0.249  0.48095  2.78865e+010  40.1145  103.885  144  
0.2495  0.481156  2.78984e+010  40.07  103.93  144  
0.25  0.48137  2.79108e+010  40.0239  103.976  144  
0.2505  0.48159  2.79236e+010  39.9763  104.023  144  
0.251  0.481817  2.79368e+010  39.9272  104.073  144  
0.2515  0.48205  2.79503e+010  39.8769  104.123  144  
0.252  0.48229  2.79641e+010  39.8252  104.175  144  
0.2525  0.482534  2.79783e+010  39.7723  104.227  144  
0.253  0.482784  2.79928e+010  39.7183  104.281  144  
0.2535  0.48304  2.80076e+010  39.6632  104.337  144  
0.254  0.4833  2.80227e+010  39.607  104.393  144  
0.2545  0.483564  2.8038e+010  39.5499  104.45  144  
0.255  0.483832  2.80536e+010  39.492  104.508  144  
0.2555  0.484104  2.80694e+010  39.4332  104.566  144  
0.256  0.484379  2.80853e+010  39.3738  104.626  144  
0.2565  0.484657  2.81014e+010  39.3138  104.686  144  
0.257  0.484938  2.81177e+010  39.2531  104.747  144  
0.2575  0.485221  2.81341e+010  39.192  104.808  144  
0.258  0.485507  2.81507e+010  39.1303  104.869  144  
0.2585  0.485795  2.81674e+010  39.0681  104.932  144  
0.259  0.486084  2.81842e+010  39.0055  104.994  144  
0.2595  0.486376  2.82011e+010  38.9425  105.057  144  
0.26  0.486669  2.8218e+010  38.8793  105.12  144  
0.2605  0.486962  2.82351e+010  38.8158  105.184  144  
0.261  0.487257  2.82522e+010  38.7522  105.248  144  
0.2615  0.487552  2.82693e+010  38.6884  105.311  144  
0.262  0.487848  2.82865e+010  38.6245  105.375  144  
0.2625  0.488145  2.83036e+010  38.5605  105.439  144  
0.263  0.488441  2.83208e+010  38.4964  105.503  144  
0.2635  0.488738  2.8338e+010  38.4323  105.567  144  
0.264  0.489035  2.83553e+010  38.368  105.632  144  
0.2645  0.489333  2.83725e+010  38.3038  105.696  144  
0.265  0.48963  2.83898e+010  38.2396  105.76  144  
0.2655  0.489928  2.8407e+010  38.1753  105.824  144  
0.266  0.490225  2.84242e+010  38.1112  105.889  144  
0.2665  0.490522  2.84414e+010  38.047  105.953  144  
0.267  0.490818  2.84586e+010  37.983  106.017  144  
0.2675  0.491113  2.84758e+010  37.9192  106.081  144  
0.268  0.491408  2.84929e+010  37.8555  106.144  144  
0.2685  0.491702  2.85099e+010  37.792  106.208  144  
0.269  0.491995  2.85269e+010  37.7287  106.271  144  
0.2695  0.492287  2.85438e+010  37.6657  106.334  144  
0.27  0.492578  2.85607e+010  37.6029  106.397  144  
0.2705  0.492868  2.85775e+010  37.5403  106.459  144  
0.271  0.493156  2.85942e+010  37.478  106.522  144  
0.2715  0.493444  2.86109e+010  37.4158  106.584  144  
0.272  0.493731  2.86275e+010  37.3539  106.646  144  
0.2725  0.494016  2.86441e+010  37.2922  106.708  144  
0.273  0.494301  2.86606e+010  37.2306  106.769  144  
0.2735  0.494585  2.86771e+010  37.1692  106.83  144  
0.274  0.494869  2.86935e+010  37.108  106.892  144  
0.2745  0.495152  2.87099e+010  37.0469  106.953  144  
0.275  0.495434  2.87263e+010  36.9859  107.014  144  
0.2755  0.495716  2.87426e+010  36.925  107.075  144  
0.276  0.495998  2.8759e+010  36.8642  107.135  144  
0.2765  0.496279  2.87753e+010  36.8034  107.196  144  
0.277  0.49656  2.87916e+010  36.7426  107.257  144  
0.2775  0.496842  2.88079e+010  36.6818  107.318  144  
0.278  0.497124  2.88243e+010  36.6209  107.379  144  
0.2785  0.497406  2.88407e+010  36.5599  107.44  144  
0.279  0.497689  2.88571e+010  36.4988  107.501  144  
0.2795  0.497973  2.88735e+010  36.4376  107.562  144  
0.28  0.498256  2.88899e+010  36.3763  107.623  144  
0.2805  0.498541  2.89064e+010  36.3149  107.685  144  
0.281  0.498825  2.89229e+010  36.2534  107.746  144  
0.2815  0.499111  2.89395e+010  36.1917  107.808  144  
0.282  0.499398  2.89561e+010  36.1298  107.87  144  
0.2825  0.499686  2.89728e+010  36.0676  107.932  144  
0.283  0.499975  2.89896e+010  36.0052  107.995  144  
0.2835  0.500266  2.90064e+010  35.9423  108.057  144  
0.284  0.500558  2.90234e+010  35.8792  108.121  144  
0.2845  0.500852  2.90405e+010  35.8156  108.184  144  
0.285  0.501149  2.90576e+010  35.7516  108.248  144  
0.2855  0.501447  2.90749e+010  35.6872  108.313  144  
0.286  0.501748  2.90924e+010  35.6222  108.377  144  
0.2865  0.502051  2.91099e+010  35.5568  108.443  144  
0.287  0.502356  2.91276e+010  35.4908  108.509  144  
0.2875  0.502664  2.91455e+010  35.4243  108.575  144  
0.288  0.502975  2.91635e+010  35.3572  108.643  144  
0.2885  0.503288  2.91817e+010  35.2895  108.71  144  
0.289  0.503605  2.92001e+010  35.2211  108.779  144  
0.2895  0.503925  2.92186e+010  35.152  108.848  144  
0.29  0.504248  2.92374e+010  35.0821  108.918  144  
0.2905  0.504575  2.92563e+010  35.0115  108.988  144  
0.291  0.504905  2.92754e+010  34.9402  109.06  144  
0.2915  0.505239  2.92948e+010  34.8681  109.132  144  
0.292  0.505577  2.93144e+010  34.7952  109.205  144  
0.2925  0.505918  2.93342e+010  34.7215  109.278  144  
0.293  0.506262  2.93541e+010  34.647  109.353  144  
0.2935  0.506611  2.93743e+010  34.5719  109.428  144  
0.294  0.506962  2.93947e+010  34.496  109.504  144  
0.2945  0.507317  2.94153e+010  34.4194  109.58  144  
0.295  0.507674  2.9436e+010  34.3421  109.658  144  
0.2955  0.508036  2.94569e+010  34.2641  109.736  144  
0.296  0.5084  2.94781e+010  34.1854  109.814  144  
0.2965  0.508767  2.94994e+010  34.106  109.894  144  
0.297  0.509138  2.95208e+010  34.026  109.974  144  
0.2975  0.509511  2.95425e+010  33.9454  110.054  144  
0.298  0.509887  2.95643e+010  33.8642  110.136  144  
0.2985  0.510266  2.95863e+010  33.7823  110.217  144  
0.299  0.510648  2.96084e+010  33.6998  110.3  144  
0.2995  0.511032  2.96307e+010  33.6168  110.383  144  
0.3  0.511419  2.96531e+010  33.5332  110.467  144  
0.3005  0.511808  2.96757e+010  33.4491  110.551  144  
0.301  0.5122  2.96984e+010  33.3645  110.635  144  
0.3015  0.512594  2.97212e+010  33.2795  110.72  144  
0.302  0.512989  2.97442e+010  33.1941  110.806  144  
0.3025  0.513386  2.97672e+010  33.1083  110.891  144  
0.303  0.513785  2.97903e+010  33.0221  110.978  144  
0.3035  0.514186  2.98136e+010  32.9356  111.064  144  
0.304  0.514588  2.98369e+010  32.8488  111.151  144  
0.3045  0.514991  2.98602e+010  32.7618  111.238  144  
0.305  0.515394  2.98836e+010  32.6746  111.325  144  
0.3055  0.515798  2.9907e+010  32.5873  111.412  144  
0.306  0.516203  2.99305e+010  32.5  111.5  144  
0.3065  0.516608  2.9954e+010  32.4125  111.587  144  
0.307  0.517013  2.99775e+010  32.325  111.675  144  
0.3075  0.517417  3.00009e+010  32.2376  111.762  144  
0.308  0.517821  3.00243e+010  32.1504  111.849  144  
0.3085  0.518224  3.00477e+010  32.0633  111.936  144  
0.309  0.518626  3.0071e+010  31.9766  112.023  144  
0.3095  0.519026  3.00942e+010  31.8901  112.11  144  
0.31  0.519425  3.01173e+010  31.8039  112.196  144  
0.3105  0.519822  3.01404e+010  31.7182  112.282  144  
0.311  0.520217  3.01633e+010  31.6328  112.367  144  
0.3115  0.52061  3.01861e+010  31.5479  112.452  144  
0.312  0.521001  3.02087e+010  31.4635  112.536  144  
0.3125  0.52139  3.02313e+010  31.3795  112.62  144  
0.313  0.521777  3.02537e+010  31.2959  112.704  144  
0.3135  0.522161  3.0276e+010  31.2129  112.787  144  
0.314  0.522543  3.02981e+010  31.1305  112.869  144  
0.3145  0.522922  3.03201e+010  31.0486  112.951  144  
0.315  0.523297  3.03419e+010  30.9675  113.032  144  
0.3155  0.523669  3.03634e+010  30.8871  113.113  144  
0.316  0.524038  3.03848e+010  30.8075  113.192  144  
0.3165  0.524403  3.04059e+010  30.7287  113.271  144  
0.317  0.524763  3.04269e+010  30.6508  113.349  144  
0.3175  0.52512  3.04475e+010  30.5738  113.426  144  
0.318  0.525473  3.0468e+010  30.4976  113.502  144  
0.3185  0.525821  3.04882e+010  30.4224  113.577  144  
0.319  0.526165  3.05081e+010  30.348  113.652  144  
0.3195  0.526505  3.05278e+010  30.2747  113.725  144  
0.32  0.52684  3.05473e+010  30.2023  113.797  144  
0.3205  0.52717  3.05664e+010  30.131  113.869  144  
0.321  0.527495  3.05852e+010  30.0608  113.939  144  
0.3215  0.527815  3.06038e+010  29.9916  114.008  144  
0.322  0.528131  3.06221e+010  29.9235  114.076  144  
0.3225  0.528441  3.06401e+010  29.8564  114.143  144  
0.323  0.528746  3.06578e+010  29.7905  114.209  144  
0.3235  0.529047  3.06752e+010  29.7256  114.274  144  
0.324  0.529342  3.06923e+010  29.6619  114.338  144  
0.3245  0.529632  3.07091e+010  29.5992  114.4  144  
0.325  0.529917  3.07257e+010  29.5377  114.462  144  
0.3255  0.530197  3.07419e+010  29.4772  114.523  144  
0.326  0.530472  3.07579e+010  29.4177  114.582  144  
0.3265  0.530743  3.07735e+010  29.3593  114.64  144  
0.327  0.531008  3.07889e+010  29.302  114.698  144  
0.3275  0.531269  3.08041e+010  29.2457  114.754  144  
0.328  0.531525  3.08189e+010  29.1904  114.809  144  
0.3285  0.531776  3.08335e+010  29.1361  114.864  144  
0.329  0.532023  3.08478e+010  29.0828  114.917  144  
0.3295  0.532265  3.08618e+010  29.0305  114.969  144  
0.33  0.532503  3.08756e+010  28.9791  115.021  144  
0.3305  0.532736  3.08891e+010  28.9287  115.071  144  
0.331  0.532966  3.09024e+010  28.8791  115.121  144  
0.3315  0.533191  3.09155e+010  28.8305  115.169  144  
0.332  0.533413  3.09284e+010  28.7826  115.217  144  
0.3325  0.53363  3.0941e+010  28.7356  115.264  144  
0.333  0.533845  3.09534e+010  28.6893  115.31  144  
0.3335  0.534055  3.09656e+010  28.6438  115.356  144  
0.334  0.534263  3.09776e+010  28.599  115.401  144  
0.3345  0.534467  3.09895e+010  28.5549  115.445  144  
0.335  0.534668  3.10012e+010  28.5114  115.488  144  
0.3355  0.534867  3.10127e+010  28.4686  115.531  144  
0.336  0.535062  3.1024e+010  28.4263  115.573  144  
0.3365  0.535256  3.10352e+010  28.3845  115.615  144  
0.337  0.535447  3.10463e+010  28.3433  115.656  144  
0.3375  0.535635  3.10572e+010  28.3025  115.697  144  
0.338  0.535822  3.10681e+010  28.2622  115.738  144  
0.3385  0.536007  3.10788e+010  28.2223  115.777  144  
0.339  0.53619  3.10894e+010  28.1827  115.817  144  
0.3395  0.536372  3.11e+010  28.1433  115.856  144  
0.34  0.536553  3.11105e+010  28.1042  115.896  144  
0.3405  0.536733  3.11209e+010  28.0653  115.934  144  
0.341  0.536913  3.11313e+010  28.0265  115.973  144  
0.3415  0.537092  3.11417e+010  27.9878  116.012  144  
0.342  0.537271  3.11521e+010  27.9491  116.051  144  
0.3425  0.53745  3.11625e+010  27.9104  116.089  144  
0.343  0.53763  3.11729e+010  27.8717  116.128  144  
0.3435  0.53781  3.11833e+010  27.8328  116.167  144  
0.344  0.537991  3.11938e+010  27.7937  116.206  144  
0.3445  0.538173  3.12044e+010  27.7544  116.245  144  
0.345  0.538357  3.1215e+010  27.7147  116.285  144  
0.3455  0.538542  3.12258e+010  27.6748  116.325  144  
0.346  0.538728  3.12366e+010  27.6344  116.365  144  
0.3465  0.538917  3.12475e+010  27.5936  116.406  144  
0.347  0.539108  3.12586e+010  27.5523  116.447  144  
0.3475  0.539302  3.12698e+010  27.5105  116.489  144  
0.348  0.539499  3.12812e+010  27.4681  116.532  144  
0.3485  0.539698  3.12928e+010  27.425  116.575  144  
0.349  0.5399  3.13045e+010  27.3813  116.618  144  
0.3495  0.540106  3.13165e+010  27.3368  116.663  144  
0.35  0.540315  3.13286e+010  27.2916  116.708  144  
0.3505  0.540528  3.13409e+010  27.2456  116.754  144  
0.351  0.540745  3.13535e+010  27.1989  116.801  144  
0.3515  0.540965  3.13663e+010  27.1513  116.848  144  
0.352  0.541189  3.13792e+010  27.103  116.897  144  
0.3525  0.541416  3.13924e+010  27.0538  116.946  144  
0.353  0.541648  3.14059e+010  27.0038  116.996  144  
0.3535  0.541883  3.14195e+010  26.953  117.047  144  
0.354  0.542123  3.14334e+010  26.9012  117.099  144  
0.3545  0.542367  3.14476e+010  26.8485  117.151  144  
0.355  0.542615  3.14619e+010  26.7949  117.205  144  
0.3555  0.542868  3.14766e+010  26.7404  117.259  144  
0.356  0.543124  3.14914e+010  26.685  117.315  144  
0.3565  0.543384  3.15065e+010  26.6288  117.371  144  
0.357  0.543648  3.15219e+010  26.5717  117.428  144  
0.3575  0.543916  3.15374e+010  26.5138  117.486  144  
0.358  0.544188  3.15532e+010  26.4551  117.545  144  
0.3585  0.544464  3.15692e+010  26.3955  117.604  144  
0.359  0.544744  3.15854e+010  26.3351  117.665  144  
0.3595  0.545027  3.16018e+010  26.2739  117.726  144  
0.36  0.545314  3.16184e+010  26.212  117.788  144  
0.3605  0.545604  3.16352e+010  26.1493  117.85  144  
0.361  0.545898  3.16523e+010  26.0859  117.914  144  
0.3615  0.546195  3.16695e+010  26.0217  117.978  144  
0.362  0.546495  3.16869e+010  25.9568  118.043  144  
0.3625  0.546799  3.17045e+010  25.8912  118.109  144  
0.363  0.547105  3.17223e+010  25.825  118.175  144  
0.3635  0.547414  3.17402e+010  25.7582  118.242  144  
0.364  0.547726  3.17583e+010  25.6909  118.309  144  
0.3645  0.548041  3.17765e+010  25.623  118.377  144  
0.365  0.548357  3.17949e+010  25.5546  118.445  144  
0.3655  0.548676  3.18133e+010  25.4858  118.514  144  
0.366  0.548996  3.18319e+010  25.4166  118.583  144  
0.3665  0.549318  3.18506e+010  25.3471  118.653  144  
0.367  0.549642  3.18693e+010  25.2772  118.723  144  
0.3675  0.549966  3.18882e+010  25.207  118.793  144  
0.368  0.550292  3.19071e+010  25.1367  118.863  144  
0.3685  0.550618  3.1926e+010  25.0662  118.934  144  
0.369  0.550945  3.19449e+010  24.9956  119.004  144  
0.3695  0.551273  3.19639e+010  24.9248  119.075  144  
0.37  0.5516  3.19829e+010  24.8541  119.146  144  
0.3705  0.551928  3.20019e+010  24.7833  119.216  144  
0.371  0.552255  3.20209e+010  24.7126  119.287  144  
0.3715  0.552582  3.20398e+010  24.6421  119.358  144  
0.372  0.552907  3.20587e+010  24.5718  119.428  144  
0.3725  0.553231  3.20775e+010  24.5018  119.498  144  
0.373  0.553555  3.20962e+010  24.4319  119.568  144  
0.3735  0.553877  3.21149e+010  24.3624  119.637  144  
0.374  0.554197  3.21335e+010  24.2932  119.707  144  
0.3745  0.554515  3.21519e+010  24.2244  119.775  144  
0.375  0.554831  3.21703e+010  24.1561  119.844  144  
0.3755  0.555145  3.21885e+010  24.0884  119.911  144  
0.376  0.555456  3.22065e+010  24.0213  119.978  144  
0.3765  0.555763  3.22243e+010  23.9549  120.045  144  
0.377  0.556068  3.22419e+010  23.8891  120.111  144  
0.3775  0.556368  3.22594e+010  23.8242  120.176  144  
0.378  0.556665  3.22766e+010  23.76  120.24  144  
0.3785  0.556958  3.22936e+010  23.6967  120.303  144  
0.379  0.557248  3.23104e+010  23.6343  120.365  144  
0.3795  0.557533  3.23269e+010  23.5727  120.427  144  
0.38  0.557814  3.23432e+010  23.512  120.488  144  
0.3805  0.55809  3.23592e+010  23.4523  120.547  144  
0.381  0.558362  3.2375e+010  23.3935  120.606  144  
0.3815  0.558629  3.23905e+010  23.3358  120.664  144  
0.382  0.558892  3.24057e+010  23.2791  120.721  144  
0.3825  0.559149  3.24206e+010  23.2236  120.776  144  
0.383  0.559401  3.24352e+010  23.1691  120.831  144  
0.3835  0.559648  3.24495e+010  23.1159  120.884  144  
0.384  0.559889  3.24635e+010  23.0638  120.936  144  
0.3845  0.560124  3.24771e+010  23.013  120.987  144  
0.385  0.560353  3.24904e+010  22.9635  121.036  144  
0.3855  0.560576  3.25033e+010  22.9154  121.084  144  
0.386  0.560792  3.25159e+010  22.8686  121.131  144  
0.3865  0.561003  3.25281e+010  22.8232  121.177  144  
0.387  0.561206  3.25399e+010  22.7792  121.221  144  
0.3875  0.561403  3.25513e+010  22.7367  121.263  144  
0.388  0.561593  3.25623e+010  22.6956  121.304  144  
0.3885  0.561776  3.25729e+010  22.6561  121.344  144  
0.389  0.561952  3.25831e+010  22.6181  121.382  144  
0.3895  0.562121  3.25929e+010  22.5816  121.418  144  
0.39  0.562283  3.26023e+010  22.5467  121.453  144  
0.3905  0.562437  3.26113e+010  22.5133  121.486  144  
0.391  0.562585  3.26198e+010  22.4814  121.518  144  
0.3915  0.562725  3.2628e+010  22.4511  121.549  144  
0.392  0.562858  3.26357e+010  22.4224  121.577  144  
0.3925  0.562984  3.26429e+010  22.3953  121.604  144  
0.393  0.563102  3.26498e+010  22.3698  121.63  144  
0.3935  0.563213  3.26562e+010  22.3458  121.654  144  
0.394  0.563316  3.26622e+010  22.3234  121.676  144  
0.3945  0.563413  3.26678e+010  22.3026  121.697  144  
0.395  0.563502  3.2673e+010  22.2834  121.716  144  
0.3955  0.563583  3.26777e+010  22.2657  121.734  144  
0.396  0.563658  3.2682e+010  22.2497  121.75  144  
0.3965  0.563725  3.26859e+010  22.2351  121.765  144  
0.397  0.563785  3.26894e+010  22.2221  121.778  144  
0.3975  0.563838  3.26925e+010  22.2107  121.789  144  
0.398  0.563884  3.26952e+010  22.2007  121.799  144  
0.3985  0.563923  3.26974e+010  22.1923  121.807  144  
0.399  0.563955  3.26993e+010  22.1854  121.814  144  
0.3995  0.563981  3.27008e+010  22.1799  121.82  144  
0.4  0.563999  3.27018e+010  22.1759  121.824  144  
0.4005  0.564011  3.27025e+010  22.1733  121.826  144  
0.401  0.564017  3.27029e+010  22.1721  121.828  144  
0.4015  0.564016  3.27028e+010  22.1723  121.828  144  
0.402  0.56401  3.27024e+010  22.1737  121.826  144  
0.4025  0.563997  3.27017e+010  22.1765  121.823  144  
0.403  0.563978  3.27006e+010  22.1805  121.819  144  
0.4035  0.563954  3.26992e+010  22.1858  121.814  144  
0.404  0.563924  3.26974e+010  22.1923  121.807  144  
0.4045  0.563888  3.26954e+010  22.1999  121.8  144  
0.405  0.563848  3.2693e+010  22.2087  121.791  144  
0.4055  0.563802  3.26904e+010  22.2186  121.781  144  
0.406  0.563752  3.26875e+010  22.2294  121.77  144  
0.4065  0.563697  3.26843e+010  22.2412  121.759  144  
0.407  0.563638  3.26809e+010  22.254  121.746  144  
0.4075  0.563575  3.26773e+010  22.2675  121.732  144  
0.408  0.563509  3.26734e+010  22.2818  121.718  144  
0.4085  0.563439  3.26694e+010  22.2969  121.703  144  
0.409  0.563366  3.26651e+010  22.3126  121.687  144  
0.4095  0.563291  3.26608e+010  22.329  121.671  144  
0.41  0.563212  3.26562e+010  22.346  121.654  144  
0.4105  0.563131  3.26515e+010  22.3635  121.636  144  
0.411  0.563047  3.26466e+010  22.3817  121.618  144  
0.4115  0.56296  3.26416e+010  22.4004  121.599  144  
0.412  0.562871  3.26364e+010  22.4197  121.58  144  
0.4125  0.56278  3.26311e+010  22.4393  121.561  144  
0.413  0.562688  3.26258e+010  22.4593  121.541  144  
0.4135  0.562594  3.26204e+010  22.4795  121.52  144  
0.414  0.5625  3.26149e+010  22.4999  121.5  144  
0.4145  0.562405  3.26094e+010  22.5203  121.48  144  
0.415  0.562311  3.26039e+010  22.5407  121.459  144  
0.4155  0.562216  3.25985e+010  22.5611  121.439  144  
0.416  0.562123  3.2593e+010  22.5813  121.419  144  
0.4165  0.562031  3.25877e+010  22.6012  121.399  144  
0.417  0.56194  3.25824e+010  22.6208  121.379  144  
0.4175  0.561851  3.25773e+010  22.6399  121.36  144  
0.418  0.561765  3.25723e+010  22.6586  121.341  144  
0.4185  0.561681  3.25674e+010  22.6767  121.323  144  
0.419  0.5616  3.25628e+010  22.6941  121.306  144  
0.4195  0.561523  3.25583e+010  22.7109  121.289  144  
0.42  0.56145  3.2554e+010  22.7267  121.273  144  
0.4205  0.56138  3.255e+010  22.7417  121.258  144  
0.421  0.561316  3.25463e+010  22.7556  121.244  144  
0.4215  0.561257  3.25428e+010  22.7684  121.231  144  
0.422  0.561203  3.25397e+010  22.78  121.22  144  
0.4225  0.561156  3.2537e+010  22.7903  121.21  144  
0.423  0.561114  3.25345e+010  22.7992  121.201  144  
0.4235  0.561079  3.25325e+010  22.8068  121.193  144  
0.424  0.56105  3.25308e+010  22.813  121.187  144  
0.4245  0.561029  3.25296e+010  22.8177  121.182  144  
0.425  0.561014  3.25288e+010  22.8208  121.179  144  
0.4255  0.561008  3.25284e+010  22.8222  121.178  144  
0.426  0.56101  3.25285e+010  22.8218  121.178  144  
0.4265  0.56102  3.25291e+010  22.8196  121.18  144  
0.427  0.561039  3.25302e+010  22.8155  121.184  144  
0.4275  0.561066  3.25318e+010  22.8096  121.19  144  
0.428  0.561103  3.25339e+010  22.8017  121.198  144  
0.4285  0.561148  3.25365e+010  22.7919  121.208  144  
0.429  0.561203  3.25397e+010  22.7801  121.22  144  
0.4295  0.561267  3.25434e+010  22.7662  121.234  144  
0.43  0.561341  3.25477e+010  22.7503  121.25  144  
0.4305  0.561424  3.25525e+010  22.7323  121.268  144  
0.431  0.561517  3.25579e+010  22.7122  121.288  144  
0.4315  0.56162  3.25639e+010  22.69  121.31  144  
0.432  0.561733  3.25704e+010  22.6656  121.334  144  
0.4325  0.561856  3.25776e+010  22.639  121.361  144  
0.433  0.561989  3.25853e+010  22.6102  121.39  144  
0.4335  0.562133  3.25936e+010  22.5792  121.421  144  
0.434  0.562286  3.26025e+010  22.5461  121.454  144  
0.4345  0.562449  3.26119e+010  22.5109  121.489  144  
0.435  0.562621  3.2622e+010  22.4736  121.526  144  
0.4355  0.562804  3.26325e+010  22.4343  121.566  144  
0.436  0.562995  3.26436e+010  22.393  121.607  144  
0.4365  0.563196  3.26552e+010  22.3496  121.65  144  
0.437  0.563405  3.26674e+010  22.3044  121.696  144  
0.4375  0.563624  3.26801e+010  22.2572  121.743  144  
0.438  0.563851  3.26933e+010  22.208  121.792  144  
0.4385  0.564088  3.2707e+010  22.1569  121.843  144  
0.439  0.564333  3.27212e+010  22.1039  121.896  144  
0.4395  0.564586  3.27359e+010  22.0492  121.951  144  
0.44  0.564847  3.2751e+010  21.9928  122.007  144  
0.4405  0.565116  3.27666e+010  21.9349  122.065  144  
0.441  0.565391  3.27825e+010  21.8754  122.124  144  
0.4415  0.565673  3.27989e+010  21.8145  122.185  144  
0.442  0.565961  3.28156e+010  21.7524  122.247  144  
0.4425  0.566254  3.28326e+010  21.689  122.311  144  
0.443  0.566553  3.28499e+010  21.6244  122.375  144  
0.4435  0.566857  3.28675e+010  21.5587  122.441  144  
0.444  0.567166  3.28854e+010  21.4921  122.508  144  
0.4445  0.567478  3.29036e+010  21.4245  122.575  144  
0.445  0.567795  3.29219e+010  21.3561  122.644  144  
0.4455  0.568115  3.29405e+010  21.287  122.713  144  
0.446  0.568438  3.29592e+010  21.2172  122.783  144  
0.4465  0.568764  3.29781e+010  21.1468  122.853  144  
0.447  0.569092  3.29971e+010  21.076  122.924  144  
0.4475  0.569421  3.30162e+010  21.0048  122.995  144  
0.448  0.569752  3.30354e+010  20.9333  123.066  144  
0.4485  0.570084  3.30547e+010  20.8616  123.138  144  
0.449  0.570417  3.3074e+010  20.7897  123.21  144  
0.4495  0.57075  3.30933e+010  20.7177  123.282  144  
0.45  0.571083  3.31126e+010  20.6458  123.354  144  
0.4505  0.571416  3.31319e+010  20.574  123.426  144  
0.451  0.571747  3.3151e+010  20.5026  123.497  144  
0.4515  0.572076  3.31701e+010  20.4314  123.568  144  
0.452  0.572403  3.31891e+010  20.3607  123.639  144  
0.4525  0.572728  3.3208e+010  20.2905  123.709  144  
0.453  0.573051  3.32267e+010  20.2209  123.779  144  
0.4535  0.57337  3.32452e+010  20.1519  123.848  144  
0.454  0.573686  3.32635e+010  20.0837  123.916  144  
0.4545  0.573998  3.32816e+010  20.0163  123.984  144  
0.455  0.574305  3.32994e+010  19.9498  124.05  144  
0.4555  0.574609  3.3317e+010  19.8843  124.115  144  
0.456  0.574907  3.33343e+010  19.8199  124.18  144  
0.4565  0.5752  3.33513e+010  19.7566  124.243  144  
0.457  0.575487  3.33679e+010  19.6946  124.305  144  
0.4575  0.575768  3.33842e+010  19.6339  124.366  144  
0.458  0.576043  3.34002e+010  19.5745  124.425  144  
0.4585  0.576312  3.34157e+010  19.5165  124.483  144  
0.459  0.576574  3.34309e+010  19.4599  124.54  144  
0.4595  0.576828  3.34457e+010  19.4048  124.595  144  
0.46  0.577076  3.34601e+010  19.3513  124.648  144  
0.4605  0.577317  3.3474e+010  19.2993  124.7  144  
0.461  0.577551  3.34876e+010  19.2489  124.751  144  
0.4615  0.577777  3.35007e+010  19.2  124.8  144  
0.462  0.577995  3.35133e+010  19.1529  124.847  144  
0.4625  0.578205  3.35255e+010  19.1075  124.892  144  
0.463  0.578408  3.35373e+010  19.0637  124.936  144  
0.4635  0.578602  3.35485e+010  19.0218  124.978  144  
0.464  0.578788  3.35593e+010  18.9816  125.018  144  
0.4645  0.578966  3.35696e+010  18.9432  125.057  144  
0.465  0.579135  3.35795e+010  18.9065  125.093  144  
0.4655  0.579297  3.35888e+010  18.8717  125.128  144  
0.466  0.57945  3.35977e+010  18.8386  125.161  144  
0.4665  0.579595  3.36061e+010  18.8073  125.192  144  
0.467  0.579731  3.3614e+010  18.7778  125.222  144  
0.4675  0.579859  3.36214e+010  18.7502  125.25  144  
0.468  0.579978  3.36283e+010  18.7244  125.275  144  
0.4685  0.580089  3.36348e+010  18.7005  125.299  144  
0.469  0.580191  3.36407e+010  18.6785  125.321  144  
0.4695  0.580284  3.36461e+010  18.6583  125.341  144  
0.47  0.580369  3.3651e+010  18.64  125.36  144  
0.4705  0.580446  3.36555e+010  18.6234  125.376  144  
0.471  0.580514  3.36594e+010  18.6087  125.391  144  
0.4715  0.580574  3.36629e+010  18.5957  125.404  144  
0.472  0.580627  3.36659e+010  18.5844  125.415  144  
0.4725  0.580672  3.36685e+010  18.5747  125.425  144  
0.473  0.580709  3.36707e+010  18.5667  125.433  144  
0.4735  0.580738  3.36724e+010  18.5603  125.439  144  
0.474  0.58076  3.36737e+010  18.5555  125.444  144  
0.4745  0.580775  3.36746e+010  18.5523  125.447  144  
0.475  0.580783  3.3675e+010  18.5506  125.449  144  
0.4755  0.580785  3.36751e+010  18.5503  125.449  144  
0.476  0.580779  3.36748e+010  18.5515  125.448  144  
0.4765  0.580767  3.36741e+010  18.5541  125.446  144  
0.477  0.580749  3.3673e+010  18.558  125.442  144  
0.4775  0.580725  3.36716e+010  18.5633  125.436  144  
0.478  0.580694  3.36698e+010  18.5699  125.43  144  
0.4785  0.580657  3.36677e+010  18.5778  125.422  144  
0.479  0.580615  3.36652e+010  18.587  125.413  144  
0.4795  0.580566  3.36624e+010  18.5974  125.402  144  
0.48  0.580513  3.36593e+010  18.609  125.391  144  
0.4805  0.580454  3.36559e+010  18.6218  125.378  144  
0.481  0.58039  3.36522e+010  18.6356  125.364  144  
0.4815  0.580321  3.36482e+010  18.6504  125.349  144  
0.482  0.580248  3.3644e+010  18.6662  125.334  144  
0.4825  0.580171  3.36395e+010  18.6829  125.317  144  
0.483  0.580089  3.36348e+010  18.7005  125.299  144  
0.4835  0.580004  3.36298e+010  18.7189  125.281  144  
0.484  0.579915  3.36247e+010  18.7382  125.262  144  
0.4845  0.579822  3.36193e+010  18.7582  125.242  144  
0.485  0.579726  3.36137e+010  18.7791  125.221  144  
0.4855  0.579626  3.36079e+010  18.8006  125.199  144  
0.486  0.579522  3.36019e+010  18.823  125.177  144  
0.4865  0.579416  3.35957e+010  18.846  125.154  144  
0.487  0.579306  3.35894e+010  18.8697  125.13  144  
0.4875  0.579193  3.35828e+010  18.894  125.106  144  
0.488  0.579078  3.35762e+010  18.9189  125.081  144  
0.4885  0.578961  3.35693e+010  18.9443  125.056  144  
0.489  0.578841  3.35624e+010  18.9702  125.03  144  
0.4895  0.578719  3.35553e+010  18.9965  125.003  144  
0.49  0.578595  3.35481e+010  19.0233  124.977  144  
0.4905  0.578469  3.35408e+010  19.0504  124.949  144  
0.491  0.578342  3.35335e+010  19.0779  124.922  144  
0.4915  0.578213  3.3526e+010  19.1058  124.894  144  
0.492  0.578083  3.35184e+010  19.134  124.866  144  
0.4925  0.577951  3.35108e+010  19.1624  124.837  144  
0.493  0.577818  3.35031e+010  19.1911  124.809  144  
0.4935  0.577684  3.34953e+010  19.22  124.78  144  
0.494  0.577549  3.34875e+010  19.2492  124.751  144  
0.4945  0.577413  3.34796e+010  19.2785  124.721  144  
0.495  0.577277  3.34717e+010  19.308  124.692  144  
0.4955  0.57714  3.34637e+010  19.3377  124.662  144  
0.496  0.577002  3.34558e+010  19.3674  124.632  144  
0.4965  0.576863  3.34477e+010  19.3973  124.602  144  
0.497  0.576725  3.34397e+010  19.4273  124.573  144  
0.4975  0.576585  3.34316e+010  19.4574  124.542  144  
0.498  0.576446  3.34235e+010  19.4876  124.512  144  
0.4985  0.576305  3.34154e+010  19.5179  124.482  144  
0.499  0.576164  3.34072e+010  19.5484  124.451  144  
0.4995  0.576022  3.33989e+010  19.5791  124.421  144  
