0.001    3.97252    0.830927
0.002    3.94988    0.808287
0.003    3.94872    0.807127
0.004    3.7858    0.644207
0.005    3.30836    0.166767
0.006    2.67368    0.467913
0.007    3.308    0.166407
0.008    3.00028    0.141313
0.009    3.06356    0.0780327
0.01    3.31724    0.175647
0.011    2.73152    0.410073
0.012    3.01864    0.122953
0.013    3.32224    0.180647
0.014    3.14504    0.00344735
0.015    3.04916    0.0924327
0.016    3.23252    0.0909273
0.017    3.0246    0.116993
0.018    3.12752    0.0140727
0.019    3.15952    0.0179273
0.02    3.226    0.0844073
0.021    3.18768    0.0460873
0.022    3.10956    0.0320327
0.023    2.9678    0.173793
0.024    3.2878    0.146207
0.025    3.02964    0.111953
0.026    2.97724    0.164353
0.027    3.148    0.00640735
0.028    3.05872    0.0828727
0.029    3.15152    0.00992735
0.03    3.12464    0.0169527
0.031    3.10556    0.0360327
0.032    3.08852    0.0530727
0.033    3.13504    0.00655265
0.034    3.16424    0.0226473
0.035    3.1008    0.0407927
0.036    3.06972    0.0718727
0.037    3.1612    0.0196073
0.038    3.04564    0.0959527
0.039    3.09656    0.0450327
0.04    3.15396    0.0123673
0.041    3.12096    0.0206327
0.042    3.16232    0.0207273
0.043    3.1508    0.00920735
0.044    3.23752    0.0959273
0.045    3.12988    0.0117127
0.046    3.16016    0.0185673
0.047    3.08676    0.0548327
0.048    3.05076    0.0908327
0.049    3.1182    0.0233927
0.05    3.04272    0.0988727
0.051    3.13952    0.00207265
0.052    3.07936    0.0622327
0.053    3.07544    0.0661527
0.054    3.11692    0.0246727
0.055    3.12064    0.0209527
0.056    3.08492    0.0566727
0.057    3.11864    0.0229527
0.058    3.07128    0.0703127
0.059    3.0976    0.0439927
0.06    3.11564    0.0259527
0.061    3.10032    0.0412727
0.062    3.0796    0.0619927
0.063    3.11524    0.0263527
0.064    3.11524    0.0263527
0.065    3.04044    0.101153
0.066    3.09412    0.0474727
0.067    3.04864    0.0929527
0.068    3.08776    0.0538327
0.069    3.0462    0.0953927
0.07    3.07064    0.0709527
0.071    3.07032    0.0712727
0.072    3.08    0.0615927
0.073    3.03    0.111593
0.074    3.02184    0.119753
0.075    3.06512    0.0764727
0.076    2.99592    0.145673
0.077    3.0186    0.122993
0.078    3.02216    0.119433
0.079    3.07396    0.0676327
0.08    3.04792    0.0936727
0.081    2.99668    0.144913
0.082    3.05476    0.0868327
0.083    3.04532    0.0962727
0.084    3.0018    0.139793
0.085    3.04404    0.0975527
0.086    3.03704    0.104553
0.087    3.01288    0.128713
0.088    3.03392    0.107673
0.089    3.01084    0.130753
0.09    3.03056    0.111033
0.091    3.05196    0.0896327
0.092    3.00928    0.132313
0.093    3.03488    0.106713
0.094    3.00352    0.138073
0.095    3.03668    0.104913
0.096    3.01508    0.126513
0.097    3.02384    0.117753
0.098    3.0486    0.0929927
0.099    2.98708    0.154513
0.1    2.99    0.151593
0.101    3.00592    0.135673
0.102    3.03884    0.102753
0.103    2.99372    0.147873
0.104    3.00116    0.140433
0.105    3.0174    0.124193
0.106    2.98516    0.156433
0.107    2.97916    0.162433
0.108    3.00548    0.136113
0.109    3.00988    0.131713
0.11    2.98144    0.160153
0.111    2.99616    0.145433
0.112    2.99596    0.145633
0.113    2.9518    0.189793
0.114    2.96692    0.174673
0.115    2.97308    0.168513
0.116    2.949    0.192593
0.117    2.96068    0.180913
0.118    2.95896    0.182633
0.119    2.95396    0.187633
0.12    2.93088    0.210713
0.121    2.98976    0.151833
0.122    2.95576    0.185833
0.123    2.92904    0.212553
0.124    2.95096    0.190633
0.125    2.9344    0.207193
0.126    2.93084    0.210753
0.127    2.9412    0.200393
0.128    2.93732    0.204273
0.129    2.93904    0.202553
0.13    2.9622    0.179393
0.131    2.95036    0.191233
0.132    2.93068    0.210913
0.133    2.92972    0.211873
0.134    2.94188    0.199713
0.135    2.90996    0.231633
0.136    2.90032    0.241273
0.137    2.93284    0.208753
0.138    2.96468    0.176913
0.139    2.92368    0.217913
0.14    2.91032    0.231273
0.141    2.89968    0.241913
0.142    2.9192    0.222393
0.143    2.92512    0.216473
0.144    2.92304    0.218553
0.145    2.9004    0.241193
0.146    2.91028    0.231313
0.147    2.90732    0.234273
0.148    2.92412    0.217473
0.149    2.9094    0.232193
0.15    2.89504    0.246553
0.151    2.9006    0.240993
0.152    2.9206    0.220993
0.153    2.87928    0.262313
0.154    2.89504    0.246553
0.155    2.91188    0.229713
0.156    2.87544    0.266153
0.157    2.90072    0.240873
0.158    2.88776    0.253833
0.159    2.9096    0.231993
0.16    2.8788    0.262793
0.161    2.86308    0.278513
0.162    2.8548    0.286793
0.163    2.871    0.270593
0.164    2.88524    0.256353
0.165    2.86188    0.279713
0.166    2.86908    0.272513
0.167    2.87772    0.263873
0.168    2.85916    0.282433
0.169    2.84332    0.298273
0.17    2.86148    0.280113
0.171    2.84444    0.297153
0.172    2.85224    0.289353
0.173    2.8578    0.283793
0.174    2.84568    0.295913
0.175    2.84544    0.296153
0.176    2.82116    0.320433
0.177    2.81932    0.322273
0.178    2.81644    0.325153
0.179    2.8318    0.309793
0.18    2.84084    0.300753
0.181    2.83084    0.310753
0.182    2.82968    0.311913
0.183    2.83096    0.310633
0.184    2.82888    0.312713
0.185    2.79936    0.342233
0.186    2.8014    0.340193
0.187    2.82084    0.320753
0.188    2.81112    0.330473
0.189    2.78608    0.355513
0.19    2.8188    0.322793
0.191    2.79848    0.343113
0.192    2.80972    0.331873
0.193    2.80352    0.338073
0.194    2.79856    0.343033
0.195    2.77812    0.363473
0.196    2.78776    0.353833
0.197    2.78808    0.353513
0.198    2.7818    0.359793
0.199    2.78088    0.360713
0.2    2.77296    0.368633
0.201    2.77332    0.368273
0.202    2.75716    0.384433
0.203    2.78848    0.353113
0.204    2.7562    0.385393
0.205    2.76264    0.378953
0.206    2.73476    0.406833
0.207    2.73956    0.402033
0.208    2.7516    0.389993
0.209    2.75396    0.387633
0.21    2.73024    0.411353
0.211    2.7362    0.405393
0.212    2.73372    0.407873
0.213    2.74964    0.391953
0.214    2.735    0.406593
0.215    2.74192    0.399673
0.216    2.705    0.436593
0.217    2.71628    0.425313
0.218    2.7266    0.414993
0.219    2.7384    0.403193
0.22    2.72604    0.415553
0.221    2.72312    0.418473
0.222    2.7078    0.433793
0.223    2.7146    0.426993
0.224    2.71936    0.422233
0.225    2.71828    0.423313
0.226    2.69024    0.451353
0.227    2.71416    0.427433
0.228    2.69904    0.442553
0.229    2.71176    0.429833
0.23    2.6812    0.460393
0.231    2.688    0.453593
0.232    2.68968    0.451913
0.233    2.6968    0.444793
0.234    2.67872    0.462873
0.235    2.68592    0.455673
0.236    2.6896    0.451993
0.237    2.68972    0.451873
0.238    2.6668    0.474793
0.239    2.67808    0.463513
0.24    2.67044    0.471153
0.241    2.67088    0.470713
0.242    2.6652    0.476393
0.243    2.67    0.471593
0.244    2.65828    0.483313
0.245    2.66496    0.476633
0.246    2.64472    0.496873
0.247    2.65264    0.488953
0.248    2.65504    0.486553
0.249    2.64204    0.499553
0.25    2.62816    0.513433
0.251    2.6316    0.509993
0.252    2.6314    0.510193
0.253    2.6484    0.493193
0.254    2.64216    0.499433
0.255    2.61832    0.523273
0.256    2.61968    0.521913
0.257    2.61744    0.524153
0.258    2.62208    0.519513
0.259    2.60736    0.534233
0.26    2.61716    0.524433
0.261    2.6262    0.515393
0.262    2.60976    0.531833
0.263    2.6038    0.537793
0.264    2.59352    0.548073
0.265    2.60864    0.532953
0.266    2.60676    0.534833
0.267    2.59908    0.542513
0.268    2.58044    0.561153
0.269    2.58224    0.559353
0.27    2.5744    0.567193
0.271    2.60452    0.537073
0.272    2.59892    0.542673
0.273    2.59028    0.551313
0.274    2.56928    0.572313
0.275    2.5776    0.563993
0.276    2.548    0.593593
0.277    2.5534    0.588193
0.278    2.56824    0.573353
0.279    2.56996    0.571633
0.28    2.56484    0.576753
0.281    2.56824    0.573353
0.282    2.57632    0.565273
0.283    2.54292    0.598673
0.284    2.54964    0.591953
0.285    2.542    0.599593
0.286    2.55188    0.589713
0.287    2.53052    0.611073
0.288    2.53184    0.609753
0.289    2.54448    0.597113
0.29    2.50152    0.640073
0.291    2.54244    0.599153
0.292    2.53248    0.609113
0.293    2.5208    0.620793
0.294    2.5188    0.622793
0.295    2.5198    0.621793
0.296    2.51408    0.627513
0.297    2.5178    0.623793
0.298    2.51804    0.623553
0.299    2.51908    0.622513
0.3    2.50196    0.639633
0.301    2.50372    0.637873
0.302    2.48932    0.652273
0.303    2.50816    0.633433
0.304    2.4764    0.665193
0.305    2.47812    0.663473
0.306    2.5026    0.638993
0.307    2.4796    0.661993
0.308    2.4456    0.695993
0.309    2.50668    0.634913
0.31    2.46372    0.677873
0.311    2.46704    0.674553
0.312    2.46468    0.676913
0.313    2.47912    0.662473
0.314    2.46556    0.676033
0.315    2.4606    0.680993
0.316    2.45488    0.686713
0.317    2.46916    0.672433
0.318    2.43428    0.707313
0.319    2.43216    0.709433
0.32    2.4442    0.697393
0.321    2.43844    0.703153
0.322    2.45252    0.689073
0.323    2.43324    0.708353
0.324    2.43204    0.709553
0.325    2.42592    0.715673
0.326    2.4296    0.711993
0.327    2.44572    0.695873
0.328    2.40828    0.733313
0.329    2.425    0.716593
0.33    2.4294    0.712193
0.331    2.4136    0.727993
0.332    2.42084    0.720753
0.333    2.40556    0.736033
0.334    2.40128    0.740313
0.335    2.41388    0.727713
0.336    2.41088    0.730713
0.337    2.39336    0.748233
0.338    2.39164    0.749953
0.339    2.38456    0.757033
0.34    2.382    0.759593
0.341    2.37564    0.765953
0.342    2.40228    0.739313
0.343    2.37808    0.763513
0.344    2.37552    0.766073
0.345    2.35892    0.782673
0.346    2.36644    0.775153
0.347    2.38148    0.760113
0.348    2.36536    0.776233
0.349    2.36016    0.781433
0.35    2.36612    0.775473
0.351    2.336    0.805593
0.352    2.33724    0.804353
0.353    2.34732    0.794273
0.354    2.3396    0.801993
0.355    2.35124    0.790353
0.356    2.34784    0.793753
0.357    2.3392    0.802393
0.358    2.33048    0.811113
0.359    2.34436    0.797233
0.36    2.32452    0.817073
0.361    2.33232    0.809273
0.362    2.3296    0.811993
0.363    2.3068    0.834793
0.364    2.319    0.822593
0.365    2.3094    0.832193
0.366    2.3034    0.838193
0.367    2.3198    0.821793
0.368    2.30592    0.835673
0.369    2.31552    0.826073
0.37    2.31548    0.826113
0.371    2.28328    0.858313
0.372    2.29612    0.845473
0.373    2.2698    0.871793
0.374    2.29704    0.844553
0.375    2.28188    0.859713
0.376    2.26768    0.873913
0.377    2.28536    0.856233
0.378    2.28176    0.859833
0.379    2.2742    0.867393
0.38    2.28124    0.860353
0.381    2.27032    0.871273
0.382    2.24588    0.895713
0.383    2.25148    0.890113
0.384    2.26928    0.872313
0.385    2.26892    0.872673
0.386    2.23908    0.902513
0.387    2.25408    0.887513
0.388    2.26012    0.881473
0.389    2.2458    0.895793
0.39    2.24096    0.900633
0.391    2.2358    0.905793
0.392    2.23876    0.902833
0.393    2.23856    0.903033
0.394    2.249    0.892593
0.395    2.24108    0.900513
0.396    2.22896    0.912633
0.397    2.23764    0.903953
0.398    2.22016    0.921433
0.399    2.2272    0.914393
0.4    2.21596    0.925633
0.401    2.21132    0.930273
0.402    2.2102    0.931393
0.403    2.2246    0.916993
0.404    2.20912    0.932473
0.405    2.19284    0.948753
0.406    2.20896    0.932633
0.407    2.18932    0.952273
0.408    2.20944    0.932153
0.409    2.19424    0.947353
0.41    2.18368    0.957913
0.411    2.18168    0.959913
0.412    2.18768    0.953913
0.413    2.17604    0.965553
0.414    2.17644    0.965153
0.415    2.16944    0.972153
0.416    2.17292    0.968673
0.417    2.16336    0.978233
0.418    2.15088    0.990713
0.419    2.17064    0.970953
0.42    2.14648    0.995113
0.421    2.14192    0.999673
0.422    2.16184    0.979753
0.423    2.14352    0.998073
0.424    2.15956    0.982033
0.425    2.14684    0.994753
0.426    2.13808    1.00351
0.427    2.141    1.00059
0.428    2.13712    1.00447
0.429    2.11868    1.02291
0.43    2.12272    1.01887
0.431    2.12168    1.01991
0.432    2.1362    1.00539
0.433    2.12184    1.01975
0.434    2.11764    1.02395
0.435    2.11604    1.02555
0.436    2.12036    1.02123
0.437    2.1022    1.03939
0.438    2.1014    1.04019
0.439    2.10228    1.03931
0.44    2.10028    1.04131
0.441    2.0988    1.04279
0.442    2.106    1.03559
0.443    2.09812    1.04347
0.444    2.08904    1.05255
0.445    2.07268    1.06891
0.446    2.0836    1.05799
0.447    2.08004    1.06155
0.448    2.08724    1.05435
0.449    2.06988    1.07171
0.45    2.08352    1.05807
0.451    2.08332    1.05827
0.452    2.07332    1.06827
0.453    2.0486    1.09299
0.454    2.0708    1.07079
0.455    2.05524    1.08635
0.456    2.04408    1.09751
0.457    2.0576    1.08399
0.458    2.04876    1.09283
0.459    2.0454    1.09619
0.46    2.04816    1.09343
0.461    2.0268    1.11479
0.462    2.04584    1.09575
0.463    2.03832    1.10327
0.464    2.02052    1.12107
0.465    2.02772    1.11387
0.466    2.02364    1.11795
0.467    2.024    1.11759
0.468    2.01072    1.13087
0.469    2.02384    1.11775
0.47    2.01636    1.12523
0.471    2.001    1.14059
0.472    2.018    1.12359
0.473    2.00856    1.13303
0.474    1.99636    1.14523
0.475    2.00112    1.14047
0.476    1.9932    1.14839
0.477    2.00004    1.14155
0.478    1.98776    1.15383
0.479    1.99476    1.14683
0.48    1.9762    1.16539
0.481    1.9762    1.16539
0.482    1.98764    1.15395
0.483    1.9884    1.15319
0.484    1.98248    1.15911
0.485    1.97376    1.16783
0.486    1.97304    1.16855
0.487    1.9778    1.16379
0.488    1.95736    1.18423
0.489    1.96556    1.17603
0.49    1.96672    1.17487
0.491    1.95632    1.18527
0.492    1.95568    1.18591
0.493    1.95688    1.18471
0.494    1.9524    1.18919
0.495    1.94768    1.19391
0.496    1.9448    1.19679
0.497    1.93268    1.20891
0.498    1.93968    1.20191
0.499    1.9344    1.20719
0.5    1.9382    1.20339
0.501    1.93164    1.20995
0.502    1.92432    1.21727
0.503    1.93396    1.20763
0.504    1.9188    1.22279
0.505    1.92712    1.21447
0.506    1.90096    1.24063
0.507    1.91636    1.22523
0.508    1.89784    1.24375
0.509    1.90536    1.23623
0.51    1.89172    1.24987
0.511    1.89752    1.24407
0.512    1.90288    1.23871
0.513    1.89064    1.25095
0.514    1.8992    1.24239
0.515    1.89092    1.25067
0.516    1.89016    1.25143
0.517    1.88904    1.25255
0.518    1.8832    1.25839
0.519    1.89612    1.24547
0.52    1.87692    1.26467
0.521    1.8644    1.27719
0.522    1.87972    1.26187
0.523    1.86264    1.27895
0.524    1.87112    1.27047
0.525    1.86284    1.27875
0.526    1.85724    1.28435
0.527    1.86272    1.27887
0.528    1.86368    1.27791
0.529    1.84844    1.29315
0.53    1.83968    1.30191
0.531    1.86184    1.27975
0.532    1.84356    1.29803
0.533    1.84048    1.30111
0.534    1.84416    1.29743
0.535    1.8486    1.29299
0.536    1.835    1.30659
0.537    1.82548    1.31611
0.538    1.83292    1.30867
0.539    1.82912    1.31247
0.54    1.83852    1.30307
0.541    1.82824    1.31335
0.542    1.8104    1.33119
0.543    1.81412    1.32747
0.544    1.81176    1.32983
0.545    1.82316    1.31843
0.546    1.79936    1.34223
0.547    1.80268    1.33891
0.548    1.7994    1.34219
0.549    1.79144    1.35015
0.55    1.79584    1.34575
0.551    1.79324    1.34835
0.552    1.7898    1.35179
0.553    1.78432    1.35727
0.554    1.77924    1.36235
0.555    1.77784    1.36375
0.556    1.78396    1.35763
0.557    1.7628    1.37879
0.558    1.77032    1.37127
0.559    1.7718    1.36979
0.56    1.75452    1.38707
0.561    1.76468    1.37691
0.562    1.75412    1.38747
0.563    1.75592    1.38567
0.564    1.75964    1.38195
0.565    1.75384    1.38775
0.566    1.7524    1.38919
0.567    1.74136    1.40023
0.568    1.74896    1.39263
0.569    1.74868    1.39291
0.57    1.74716    1.39443
0.571    1.74756    1.39403
0.572    1.74812    1.39347
0.573    1.72828    1.41331
0.574    1.73632    1.40527
0.575    1.7178    1.42379
0.576    1.71528    1.42631
0.577    1.73272    1.40887
0.578    1.7222    1.41939
0.579    1.70748    1.43411
0.58    1.71636    1.42523
0.581    1.70448    1.43711
0.582    1.70716    1.43443
0.583    1.71016    1.43143
0.584    1.70312    1.43847
0.585    1.70208    1.43951
0.586    1.68844    1.45315
0.587    1.70476    1.43683
0.588    1.67656    1.46503
0.589    1.68388    1.45771
0.59    1.67264    1.46895
0.591    1.68016    1.46143
0.592    1.6868    1.45479
0.593    1.68372    1.45787
0.594    1.6818    1.45979
0.595    1.67384    1.46775
0.596    1.66476    1.47683
0.597    1.66784    1.47375
0.598    1.66712    1.47447
0.599    1.68052    1.46107
0.6    1.65824    1.48335
0.601    1.66032    1.48127
0.602    1.66012    1.48147
0.603    1.66192    1.47967
0.604    1.64132    1.50027
0.605    1.6544    1.48719
0.606    1.63716    1.50443
0.607    1.65296    1.48863
0.608    1.65444    1.48715
0.609    1.66016    1.48143
0.61    1.62912    1.51247
0.611    1.63708    1.50451
0.612    1.63088    1.51071
0.613    1.61824    1.52335
0.614    1.61292    1.52867
0.615    1.61424    1.52735
0.616    1.6146    1.52699
0.617    1.61408    1.52751
0.618    1.61496    1.52663
0.619    1.61892    1.52267
0.62    1.62032    1.52127
0.621    1.60132    1.54027
0.622    1.60336    1.53823
0.623    1.60232    1.53927
0.624    1.60872    1.53287
0.625    1.59832    1.54327
0.626    1.5968    1.54479
0.627    1.58744    1.55415
0.628    1.59312    1.54847
0.629    1.586    1.55559
0.63    1.58104    1.56055
0.631    1.57468    1.56691
0.632    1.58672    1.55487
0.633    1.5848    1.55679
0.634    1.577    1.56459
0.635    1.55304    1.58855
0.636    1.56888    1.57271
0.637    1.5808    1.56079
0.638    1.56804    1.57355
0.639    1.55336    1.58823
0.64    1.55112    1.59047
0.641    1.5582    1.58339
0.642    1.54812    1.59347
0.643    1.55376    1.58783
0.644    1.54764    1.59395
0.645    1.5268    1.61479
0.646    1.53924    1.60235
0.647    1.51452    1.62707
0.648    1.54584    1.59575
0.649    1.53356    1.60803
0.65    1.52564    1.61595
0.651    1.52772    1.61387
0.652    1.51744    1.62415
0.653    1.52248    1.61911
0.654    1.51332    1.62827
0.655    1.52456    1.61703
0.656    1.51408    1.62751
0.657    1.49752    1.64407
0.658    1.49688    1.64471
0.659    1.5024    1.63919
0.66    1.51008    1.63151
0.661    1.49888    1.64271
0.662    1.50052    1.64107
0.663    1.49852    1.64307
0.664    1.49984    1.64175
0.665    1.48444    1.65715
0.666    1.49728    1.64431
0.667    1.4736    1.66799
0.668    1.49392    1.64767
0.669    1.48972    1.65187
0.67    1.48952    1.65207
0.671    1.47092    1.67067
0.672    1.47364    1.66795
0.673    1.46228    1.67931
0.674    1.47596    1.66563
0.675    1.46516    1.67643
0.676    1.46924    1.67235
0.677    1.45516    1.68643
0.678    1.46148    1.68011
0.679    1.46012    1.68147
0.68    1.45372    1.68787
0.681    1.45708    1.68451
0.682    1.44976    1.69183
0.683    1.43256    1.70903
0.684    1.4494    1.69219
0.685    1.45192    1.68967
0.686    1.44856    1.69303
0.687    1.43828    1.70331
0.688    1.4458    1.69579
0.689    1.42964    1.71195
0.69    1.4324    1.70919
0.691    1.42964    1.71195
0.692    1.43328    1.70831
0.693    1.4246    1.71699
0.694    1.41368    1.72791
0.695    1.4298    1.71179
0.696    1.4174    1.72419
0.697    1.417    1.72459
0.698    1.40636    1.73523
0.699    1.39736    1.74423
0.7    1.40904    1.73255
0.701    1.401    1.74059
0.702    1.41164    1.72995
0.703    1.38684    1.75475
0.704    1.397    1.74459
0.705    1.38828    1.75331
0.706    1.38212    1.75947
0.707    1.3852    1.75639
0.708    1.39924    1.74235
0.709    1.3784    1.76319
0.71    1.3842    1.75739
0.711    1.37512    1.76647
0.712    1.3896    1.75199
0.713    1.36156    1.78003
0.714    1.37388    1.76771
0.715    1.37284    1.76875
0.716    1.37432    1.76727
0.717    1.35668    1.78491
0.718    1.36052    1.78107
0.719    1.36192    1.77967
0.72    1.35856    1.78303
0.721    1.34416    1.79743
0.722    1.35744    1.78415
0.723    1.34948    1.79211
0.724    1.34204    1.79955
0.725    1.33728    1.80431
0.726    1.35604    1.78555
0.727    1.33668    1.80491
0.728    1.3448    1.79679
0.729    1.32728    1.81431
0.73    1.32536    1.81623
0.731    1.32736    1.81423
0.732    1.3292    1.81239
0.733    1.3184    1.82319
0.734    1.30924    1.83235
0.735    1.30432    1.83727
0.736    1.30464    1.83695
0.737    1.31496    1.82663
0.738    1.31992    1.82167
0.739    1.3056    1.83599
0.74    1.30616    1.83543
0.741    1.30512    1.83647
0.742    1.32248    1.81911
0.743    1.29996    1.84163
0.744    1.29092    1.85067
0.745    1.30252    1.83907
0.746    1.28884    1.85275
0.747    1.29028    1.85131
0.748    1.27568    1.86591
0.749    1.28788    1.85371
0.75    1.27984    1.86175
0.751    1.28252    1.85907
0.752    1.28452    1.85707
0.753    1.2826    1.85899
0.754    1.2746    1.86699
0.755    1.26928    1.87231
0.756    1.26936    1.87223
0.757    1.26872    1.87287
0.758    1.27428    1.86731
0.759    1.26496    1.87663
0.76    1.26528    1.87631
0.761    1.25464    1.88695
0.762    1.2572    1.88439
0.763    1.26084    1.88075
0.764    1.2498    1.89179
0.765    1.24704    1.89455
0.766    1.23916    1.90243
0.767    1.25124    1.89035
0.768    1.23864    1.90295
0.769    1.23896    1.90263
0.77    1.2474    1.89419
0.771    1.22956    1.91203
0.772    1.24672    1.89487
0.773    1.23608    1.90551
0.774    1.2208    1.92079
0.775    1.22116    1.92043
0.776    1.22832    1.91327
0.777    1.2182    1.92339
0.778    1.22904    1.91255
0.779    1.21404    1.92755
0.78    1.21752    1.92407
0.781    1.20368    1.93791
0.782    1.205    1.93659
0.783    1.21512    1.92647
0.784    1.21032    1.93127
0.785    1.1974    1.94419
0.786    1.20164    1.93995
0.787    1.20104    1.94055
0.788    1.19144    1.95015
0.789    1.19688    1.94471
0.79    1.18728    1.95431
0.791    1.19468    1.94691
0.792    1.18484    1.95675
0.793    1.18488    1.95671
0.794    1.18972    1.95187
0.795    1.16996    1.97163
0.796    1.18868    1.95291
0.797    1.1764    1.96519
0.798    1.16988    1.97171
0.799    1.17272    1.96887
0.8    1.17304    1.96855
0.801    1.18396    1.95763
0.802    1.1586    1.98299
0.803    1.16916    1.97243
0.804    1.16104    1.98055
0.805    1.15504    1.98655
0.806    1.1596    1.98199
0.807    1.15464    1.98695
0.808    1.15044    1.99115
0.809    1.14984    1.99175
0.81    1.15884    1.98275
0.811    1.14308    1.99851
0.812    1.14688    1.99471
0.813    1.13912    2.00247
0.814    1.1386    2.00299
0.815    1.13088    2.01071
0.816    1.13696    2.00463
0.817    1.14408    1.99751
0.818    1.12952    2.01207
0.819    1.12912    2.01247
0.82    1.13    2.01159
0.821    1.11488    2.02671
0.822    1.11756    2.02403
0.823    1.11992    2.02167
0.824    1.12252    2.01907
0.825    1.11876    2.02283
0.826    1.11436    2.02723
0.827    1.10444    2.03715
0.828    1.11016    2.03143
0.829    1.11    2.03159
0.83    1.10668    2.03491
0.831    1.10032    2.04127
0.832    1.09672    2.04487
0.833    1.10344    2.03815
0.834    1.0946    2.04699
0.835    1.08488    2.05671
0.836    1.086    2.05559
0.837    1.08848    2.05311
0.838    1.08784    2.05375
0.839    1.08056    2.06103
0.84    1.07648    2.06511
0.841    1.07672    2.06487
0.842    1.0848    2.05679
0.843    1.07948    2.06211
0.844    1.0766    2.06499
0.845    1.07332    2.06827
0.846    1.07296    2.06863
0.847    1.06184    2.07975
0.848    1.06976    2.07183
0.849    1.05572    2.08587
0.85    1.06704    2.07455
0.851    1.04996    2.09163
0.852    1.06304    2.07855
0.853    1.06884    2.07275
0.854    1.05136    2.09023
0.855    1.04468    2.09691
0.856    1.05428    2.08731
0.857    1.05128    2.09031
0.858    1.05716    2.08443
0.859    1.04368    2.09791
0.86    1.03604    2.10555
0.861    1.03804    2.10355
0.862    1.03428    2.10731
0.863    1.04684    2.09475
0.864    1.03604    2.10555
0.865    1.03324    2.10835
0.866    1.02804    2.11355
0.867    1.0342    2.10739
0.868    1.02908    2.11251
0.869    1.02572    2.11587
0.87    1.0244    2.11719
0.871    1.02064    2.12095
0.872    1.0188    2.12279
0.873    1.0146    2.12699
0.874    1.00004    2.14155
0.875    1.01548    2.12611
0.876    1.00868    2.13291
0.877    1.00856    2.13303
0.878    0.9966    2.14499
0.879    1.0068    2.13479
0.88    0.99812    2.14347
0.881    0.99728    2.14431
0.882    1.00132    2.14027
0.883    0.99608    2.14551
0.884    0.99016    2.15143
0.885    0.99612    2.14547
0.886    0.98304    2.15855
0.887    0.9928    2.14879
0.888    0.99168    2.14991
0.889    0.98008    2.16151
0.89    0.97848    2.16311
0.891    0.96936    2.17223
0.892    0.98292    2.15867
0.893    0.96872    2.17287
0.894    0.97832    2.16327
0.895    0.9724    2.16919
0.896    0.9664    2.17519
0.897    0.96804    2.17355
0.898    0.96912    2.17247
0.899    0.96316    2.17843
0.9    0.97216    2.16943
0.901    0.95296    2.18863
0.902    0.95848    2.18311
0.903    0.95648    2.18511
0.904    0.95468    2.18691
0.905    0.95736    2.18423
0.906    0.95564    2.18595
0.907    0.94752    2.19407
0.908    0.94364    2.19795
0.909    0.94528    2.19631
0.91    0.9362    2.20539
0.911    0.94336    2.19823
0.912    0.93572    2.20587
0.913    0.93584    2.20575
0.914    0.93896    2.20263
0.915    0.93348    2.20811
0.916    0.93072    2.21087
0.917    0.92996    2.21163
0.918    0.93028    2.21131
0.919    0.9278    2.21379
0.92    0.92104    2.22055
0.921    0.92212    2.21947
0.922    0.91412    2.22747
0.923    0.90748    2.23411
0.924    0.9134    2.22819
0.925    0.9044    2.23719
0.926    0.91548    2.22611
0.927    0.9178    2.22379
0.928    0.90632    2.23527
0.929    0.91204    2.22955
0.93    0.89652    2.24507
0.931    0.90548    2.23611
0.932    0.90296    2.23863
0.933    0.90152    2.24007
0.934    0.90684    2.23475
0.935    0.89352    2.24807
0.936    0.89672    2.24487
0.937    0.8958    2.24579
0.938    0.88796    2.25363
0.939    0.88884    2.25275
0.94    0.88664    2.25495
0.941    0.88912    2.25247
0.942    0.87816    2.26343
0.943    0.8816    2.25999
0.944    0.8918    2.24979
0.945    0.87272    2.26887
0.946    0.87236    2.26923
0.947    0.8794    2.26219
0.948    0.88104    2.26055
0.949    0.8656    2.27599
0.95    0.8716    2.26999
0.951    0.87272    2.26887
0.952    0.86616    2.27543
0.953    0.86984    2.27175
0.954    0.85928    2.28231
0.955    0.86216    2.27943
0.956    0.85332    2.28827
0.957    0.84916    2.29243
0.958    0.85732    2.28427
0.959    0.85208    2.28951
0.96    0.86396    2.27763
0.961    0.85268    2.28891
0.962    0.84756    2.29403
0.963    0.85488    2.28671
0.964    0.84824    2.29335
0.965    0.8372    2.30439
0.966    0.84024    2.30135
0.967    0.8354    2.30619
0.968    0.83692    2.30467
0.969    0.84172    2.29987
0.97    0.84044    2.30115
0.971    0.83892    2.30267
0.972    0.83964    2.30195
0.973    0.83456    2.30703
0.974    0.8186    2.32299
0.975    0.81912    2.32247
0.976    0.8216    2.31999
0.977    0.8254    2.31619
0.978    0.8192    2.32239
0.979    0.83352    2.30807
0.98    0.81916    2.32243
0.981    0.81572    2.32587
0.982    0.81656    2.32503
0.983    0.81648    2.32511
0.984    0.8082    2.33339
0.985    0.80628    2.33531
0.986    0.81036    2.33123
0.987    0.80704    2.33455
0.988    0.79792    2.34367
0.989    0.79644    2.34515
0.99    0.80848    2.33311
0.991    0.7992    2.34239
0.992    0.8008    2.34079
0.993    0.7892    2.35239
0.994    0.7956    2.34599
0.995    0.7896    2.35199
0.996    0.79248    2.34911
0.997    0.79    2.35159
0.998    0.79468    2.34691
0.999    0.78308    2.35851
