0.05    0
0.15    0
0.25    0
0.35    0
0.45    0
0.55    0
0.65    0
0.75    0
0.85    0
0.95    0
1.05    0.0200476
1.15    0
1.25    0
1.35    0
1.45    0
1.55    0
1.65    0
1.75    0
1.85    0
1.95    0
2.05    0.000348663
2.15    0.000672944
2.25    0.00152466
2.35    0.00104896
2.45    0.000642052
2.55    0.000473895
2.65    0.000570869
2.75    0.000443466
2.85    0.00035806
2.95    0.000295299
3.05    0.000311813
3.15    0.000425508
3.25    0.000133678
3.35    0.00283432
3.45    0.00123209
3.55    0.00068796
3.65    0.000848185
3.75    0.000515544
3.85    0.000314334
3.95    0.000316277
4.05    0.000415328
4.15    0.000829021
4.25    0.000317299
4.35    0.00081589
4.45    0.000518918
4.55    0.000459524
4.65    0.00180486
4.75    0.000721801
4.85    0
4.95    0
5.05    0
5.15    0
5.25    0
5.35    0
5.45    0
5.55    0
5.65    0
5.75    0.0200476
5.85    0
5.95    0
6.05    0
6.15    0
6.25    0
6.35    0
6.45    0
6.55    0
6.65    0
6.75    0
6.85    0
6.95    0
7.05    0
7.15    0.0200476
7.25    0
7.35    0
7.45    0
7.55    0
7.65    0
7.75    0
7.85    0
7.95    0
8.05    0
8.15    0
8.25    0
8.35    0
8.45    0
8.55    0
8.65    0
8.75    0.0200476
8.85    0
8.95    0
9.05    0
9.15    0
9.25    0
9.35    0
9.45    0
9.55    0
9.65    0
9.75    0
9.85    0
9.95    0
10.05    0
10.15    0
10.25    0
10.35    0.0200476
10.45    0
10.55    0
10.65    0
10.75    0
10.85    0
10.95    0
11.05    0
11.15    0
11.25    0
11.35    0.000247139
11.45    0.000657022
11.55    0.000309894
11.65    0.00591162
11.75    0.000424535
11.85    0.00061979
11.95    0.000402241
12.05    0.000501569
12.15    0.000525967
12.25    0.000362493
12.35    0.000233007
12.45    0.000664789
12.55    0.000420076
12.65    0.00029667
12.75    0.000330722
12.85    0.000548224
12.95    0.000603399
13.05    0.0004038
13.15    0.000814393
13.25    0.00123399
13.35    0.000411726
13.45    0.00145927
13.55    0.00036995
13.65    0.00081591
13.75    0.000915741
13.85    0.000462012
13.95    0.000542452
14.05    0.000422146
14.15    0.000331112
14.25    0.000373612
14.35    0.000491351
14.45    0.000411741
14.55    0.00059786
14.65    0.00131986
14.75    0.000649932
14.85    0.000510316
14.95    0.000500137
15.05    0.000909494
15.15    0.000338809
15.25    0.000514403
15.35    0.000511152
15.45    0.000381787
15.55    0.00079093
15.65    0.000600345
15.75    0.000635055
15.85    0.000407804
15.95    0.000837094
16.05    0.000631919
16.15    0.000369371
16.25    0.000575957
16.35    0.00083003
16.45    0.000483669
16.55    0.000635623
16.65    0.000526812
16.75    0.000752348
16.85    7.91935e-005
16.95    0
17.05    0
17.15    0
17.25    0
17.35    0
17.45    0
17.55    0
17.65    0
17.75    0
17.85    0.0200476
17.95    0
18.05    0
18.15    0
18.25    0
18.35    0
18.45    0
18.55    0
18.65    0
18.75    0
18.85    0.0200476
18.95    0
19.05    0
19.15    0
19.25    0
19.35    0
19.45    0
19.55    0
19.65    0
19.75    0
19.85    0.000391576
19.95    0.000746082
20.05    0.000596075
20.15    0.000835039
20.25    0.000657722
20.35    0.000827933
20.45    0.00121758
20.55    0.000393706
20.65    0.00294324
20.75    0.000275422
20.85    0
20.95    0
21.05    0
21.15    0
21.25    0
21.35    0
21.45    0
21.55    0
21.65    0
21.75    0.0200476
21.85    0
21.95    0
22.05    0
22.15    0
22.25    0
22.35    0
22.45    0
22.55    0
22.65    0
22.75    0.0200476
22.85    0
22.95    0
23.05    0
23.15    0
23.25    0
23.35    0
23.45    0
23.55    0
23.65    0
23.75    0.00021301
23.85    0.000743856
23.95    0.00120953
24.05    0.000643867
24.15    0.000635671
24.25    0.000388657
24.35    0.00109088
24.45    0.00053743
24.55    0.00057808
24.65    0.00039062
24.75    0.000689017
24.85    0.000524204
24.95    0.000786348
25.05    0.00038939
25.15    0.000541114
25.25    0.000325245
25.35    0.00100996
25.45    0.000471577
25.55    0
25.65    0
25.75    0
25.85    0
25.95    0
26.05    0
26.15    0
26.25    0
26.35    0
26.45    0.0200476
26.55    0
26.65    0
26.75    0
26.85    0
26.95    0
27.05    0
27.15    0
27.25    0
27.35    0
27.45    0.000274198
27.55    0.000570597
27.65    0.00322894
27.75    0.00102254
27.85    0.000561278
27.95    0.000487679
28.05    0.000646876
28.15    0.000209961
28.25    0.000761292
28.35    0.000310072
28.45    0.00112306
28.55    0.00162279
28.65    0.000427044
28.75    0.000409525
28.85    0.00053807
28.95    0.000714756
29.05    0.000496991
29.15    0.000532313
29.25    0.000461784
29.35    0.000547033
29.45    0.000785753
29.55    0.00102562
29.65    0.00021586
29.75    0
29.85    0
29.95    0
30.05    0
30.15    0
30.25    0
30.35    0
30.45    0
30.55    0
30.65    0.0200476
30.75    0
30.85    0
30.95    0
31.05    0
31.15    0
31.25    0
31.35    0
31.45    0
31.55    0
31.65    0
31.75    0
31.85    0
31.95    0
32.05    0
32.15    0
32.25    0.0200476
32.35    0
32.45    0
32.55    0
32.65    0
32.75    0
32.85    0
32.95    0
33.05    0
33.15    0
33.25    0.000194961
33.35    0.0148328
33.45    0.000237875
33.55    0.00047034
33.65    0
33.75    0
33.85    0
33.95    0
34.05    0
34.15    0
34.25    0
34.35    0
34.45    0
34.55    0
34.65    0.0200476
34.75    0
34.85    0
34.95    0
35.05    0
35.15    0
35.25    0
35.35    0
35.45    0
35.55    0
35.65    0
35.75    0
35.85    0
35.95    0.0200476
36.05    0
36.15    0
36.25    0
36.35    0
36.45    0
36.55    0
36.65    0
36.75    0
36.85    0
36.95    0.000600429
37.05    0.000620863
37.15    0.000525371
37.25    0.00630124
37.35    9.6397e-005
37.45    0
37.55    0
37.65    0
37.75    0
37.85    0
37.95    0
38.05    0
38.15    0
38.25    0
38.35    0.0200476
38.45    0
38.55    0
38.65    0
38.75    0
38.85    0
38.95    0
39.05    0
39.15    0
39.25    0
39.35    0.000916257
39.45    0.0025675
39.55    0.00029108
39.65    0.000813549
39.75    0.000804607
39.85    0.000374542
39.95    0.00152757
40.05    0.000477257
40.15    0.000645188
40.25    0.00027217
40.35    0.000375145
40.45    0.000909977
40.55    0.000374743
40.65    0.000481688
40.75    0.000311924
40.85    0.000603529
40.95    0.000604619
41.05    0.00034284
41.15    0.00042895
41.25    0.000756736
41.35    0.00123181
41.45    0.00034922
41.55    0.000642578
41.65    0.000782241
41.75    0.000840199
41.85    0.00153071
41.95    0.000173907
42.05    0
42.15    0
42.25    0
42.35    0
42.45    0
42.55    0
42.65    0
42.75    0
42.85    0
42.95    0.0200476
43.05    0
43.15    0
43.25    0
43.35    0
43.45    0
43.55    0
43.65    0
43.75    0
43.85    0
43.95    0.000336773
44.05    0.000723493
44.15    0.00132261
44.25    0.00117455
44.35    0.00150721
44.45    0.000678308
44.55    0.000753714
44.65    0.000652263
44.75    0.00049844
44.85    0.000597046
44.95    0.000334196
45.05    0.000389206
45.15    0.000474695
45.25    0.000736785
45.35    0.000203473
45.45    0.000837838
45.55    0.000532238
45.65    0.000972595
45.75    0.000396861
45.85    0.000662123
45.95    0.000682542
46.05    0.000657946
46.15    0.000586085
46.25    0.000770678
46.35    0.000361837
46.45    0.000326476
46.55    0.000481818
46.65    0.000460245
46.75    0.00077487
46.85    0.00043096
46.95    0.000538179
47.05    0.000178767
47.15    0.000457855
47.25    0.000516008
47.35    0.00349121
47.45    0.000196323
47.55    0.000343202
47.65    0.000390847
47.75    0.000377298
47.85    0.000561409
47.95    0.00746045
48.05    0.000374705
48.15    0.000177446
48.25    0
48.35    0
48.45    0
48.55    0
48.65    0
48.75    0
48.85    0
48.95    0
49.05    0
49.15    0.0200476
49.25    0
49.35    0
49.45    0
49.55    0
49.65    0
49.75    0
49.85    0
49.95    0
50.05    0
50.15    9.82912e-005
50.25    0.00113573
50.35    0.000882607
50.45    0.00040966
50.55    0.00106599
50.65    0.000658298
50.75    0.000340221
50.85    0.00103634
50.95    0.000527531
51.05    0.00106105
51.15    0.00106679
51.25    0.000504227
51.35    0.000213955
51.45    0
51.55    0
51.65    0
51.75    0
51.85    0
51.95    0
52.05    0
52.15    0
52.25    0
52.35    0.0200476
52.45    0
52.55    0
52.65    0
52.75    0
52.85    0
52.95    0
53.05    0
53.15    0
53.25    0
53.35    0
53.45    0
53.55    0.0200476
53.65    0
53.75    0
53.85    0
53.95    0
54.05    0
54.15    0
54.25    0
54.35    0
54.45    0
54.55    0.000704211
54.65    0.000828039
54.75    0.00128964
54.85    0.000569233
54.95    0.000369655
55.05    0.000945335
55.15    0.000488305
55.25    0.000662529
55.35    0.000462463
55.45    0.000171559
55.55    0.000675049
55.65    0.000549961
55.75    0.00088719
55.85    0.000848937
55.95    0.00035062
56.05    0.000472593
56.15    0.000253291
56.25    0.000508319
56.35    0.000454872
56.45    0.000660805
56.55    0.00080237
56.65    0.000407463
56.75    0.000838316
56.85    0.000251797
56.95    0.000530094
57.05    0.00116876
57.15    0.0015077
57.25    0.000584102
57.35    0.00209948
57.45    0
57.55    0
57.65    0
57.75    0
57.85    0
57.95    0
58.05    0
58.15    0
58.25    0
58.35    0.0200476
58.45    0
58.55    0
58.65    0
58.75    0
58.85    0
58.95    0
59.05    0
59.15    0
59.25    0
59.35    0.000485918
59.45    0.000919355
59.55    0.000924069
59.65    0.000665651
59.75    0.000490238
59.85    0.00100113
59.95    0.000426667
60.05    0.00125089
60.15    0.000522411
60.25    0.000370089
60.35    0.000625587
60.45    0.000374866
60.55    0.000451189
60.65    0.000615548
60.75    0.00107031
60.85    0.000717167
60.95    0.000235492
61.05    0.000850904
61.15    0.000535795
61.25    0.00258685
61.35    0.000341876
61.45    0.000652941
61.55    0.00147027
61.65    0.00056528
61.75    0.00051088
61.85    0.000279107
61.95    0.000683838
62.05    7.35635e-005
62.15    8.25026e-005
62.25    1.92308e-005
62.35    0.000116335
62.45    0.00010194
62.55    0.000117567
62.65    0.000210583
62.75    0.000299985
62.85    0.0147299
62.95    9.72409e-005
63.05    0.000259268
63.15    7.97381e-005
63.25    0
63.35    0
63.45    0
63.55    0
63.65    0
63.75    0
63.85    0
63.95    0
64.05    0
64.15    0.0200476
64.25    0
64.35    0
64.45    0
64.55    0
64.65    0
64.75    0
64.85    0
64.95    0
65.05    0
65.15    0.000164709
65.25    0.00100201
65.35    0.000911481
65.45    0.000905899
65.55    0.000773119
65.65    0.000598212
65.75    0.00135784
65.85    0.000544791
65.95    0
66.05    0
66.15    0
66.25    0
66.35    0
66.45    0
66.55    0
66.65    0
66.75    0
66.85    0.0200476
66.95    0
67.05    0
67.15    0
67.25    0
67.35    0
67.45    0
67.55    0
67.65    0
67.75    0
67.85    0.000398671
67.95    0.000910763
68.05    0.000647366
68.15    0.000802834
68.25    0.000384715
68.35    0.00211762
68.45    0.000468645
68.55    0.000389963
68.65    0.00109239
68.75    0.000593263
68.85    0.000255919
68.95    0.00058655
69.05    0.000424677
69.15    0.000312977
69.25    0.00065333
69.35    0.00122993
69.45    0.000784945
69.55    0.000673861
69.65    0.000723401
69.75    0.000419836
69.85    0.00262534
69.95    0.000695973
70.05    0.000561657
70.15    0.000837274
70.25    2.12766e-005
70.35    0
70.45    0
70.55    0
70.65    0
70.75    0
70.85    0
70.95    0
71.05    0
71.15    0
71.25    0.0200476
71.35    0
71.45    0
71.55    0
71.65    0
71.75    0
71.85    0
71.95    0
72.05    0
72.15    0
72.25    0
72.35    0
72.45    0
72.55    0
72.65    0
72.75    0
72.85    0
72.95    0
73.05    0.0200476
73.15    0
73.25    0
73.35    0
73.45    0
73.55    0
73.65    0
73.75    0
73.85    0
73.95    0
74.05    0.000853476
74.15    0.000589368
74.25    0.000945129
74.35    0.000578146
74.45    0.000334471
74.55    0.000504426
74.65    0.000791786
74.75    0.000527662
74.85    0.000436465
74.95    0.00193689
75.05    0.0010487
75.15    0.000453367
75.25    0.00043778
75.35    0.000334601
75.45    0.000394881
75.55    0.00057312
75.65    0.000296035
75.75    0.000328978
75.85    0.000878149
75.95    0.000459231
76.05    0.00041461
76.15    0.000450679
76.25    0.000376047
76.35    0.000732366
76.45    0.000547106
76.55    0.000379627
76.65    0.000403936
76.75    0.000737412
76.85    0.000476225
76.95    0.000490418
77.05    0.000508622
77.15    0.000643213
77.25    0.000900439
77.35    0.000394056
77.45    0.000503973
77.55    0.00050302
77.65    0.000741601
77.75    0.000861975
77.85    0.000487664
77.95    0
78.05    0
78.15    0
78.25    0
78.35    0
78.45    0
78.55    0
78.65    0
78.75    0
78.85    0.0200476
78.95    0
79.05    0
79.15    0
79.25    0
79.35    0
79.45    0
79.55    0
79.65    0
79.75    0
79.85    0
79.95    0
80.05    0
80.15    0
80.25    0
80.35    0
80.45    0
80.55    0
80.65    0.0200476
80.75    0
80.85    0
80.95    0
81.05    0
81.15    0
81.25    0
81.35    0
81.45    0
81.55    0
81.65    9.83932e-005
81.75    0.000749682
81.85    0.000999305
81.95    0.0019144
82.05    0.00095286
82.15    0.00161574
82.25    9.67833e-005
82.35    0
82.45    0
82.55    0
82.65    0
82.75    0
82.85    0
82.95    0
83.05    0
83.15    0
83.25    0.0200476
83.35    0
83.45    0
83.55    0
83.65    0
83.75    0
83.85    0
83.95    0
84.05    0
84.15    0
84.25    0.000284346
84.35    0.000620292
84.45    0.000994908
84.55    0.000535519
84.65    0.00092776
84.75    0.000728682
84.85    0.00252706
84.95    0.000456919
85.05    0.000429257
85.15    0.0018582
85.25    0.00056754
85.35    3.88679e-005
85.45    0
85.55    0
85.65    0
85.75    0
85.85    0
85.95    0
86.05    0
86.15    0
86.25    0
86.35    0.0200476
86.45    0
86.55    0
86.65    0
86.75    0
86.85    0
86.95    0
87.05    0
87.15    0
87.25    0
87.35    0.000522759
87.45    0.000625265
87.55    0.000514268
87.65    0.000570573
87.75    0.00061269
87.85    0.000416613
87.95    0.000398754
88.05    0.000448409
88.15    0.00138964
88.25    0.000558419
88.35    0.00305578
88.45    0.000565609
88.55    0.000640533
88.65    0.000648594
88.75    0.000633364
88.85    0.000807098
88.95    0
89.05    0
89.15    0
89.25    0
89.35    0
89.45    0
89.55    0
89.65    0
89.75    0
89.85    0
89.95    0.0200476
90.05    0
90.15    0
90.25    0
90.35    0
90.45    0
90.55    0
90.65    0
90.75    0
90.85    0
90.95    0
91.05    0.0200476
91.15    0
91.25    0
91.35    0
91.45    0
91.55    0
91.65    0
91.75    0
91.85    0
91.95    0
92.05    1.96078e-005
92.15    0.000347255
92.25    0
92.35    0
92.45    0
92.55    0
92.65    0
92.75    0
92.85    0
92.95    0
93.05    0
93.15    0.0200476
93.25    0
93.35    0
93.45    0
93.55    0
93.65    0
93.75    0
93.85    0
93.95    0
94.05    0
94.15    0.000412214
94.25    0.000582432
94.35    0.000976257
94.45    0.000867748
94.55    0.00144516
94.65    0.000134962
94.75    0
94.85    0
94.95    0
95.05    0
95.15    0
95.25    0
95.35    0
95.45    0
95.55    0
95.65    0.0200476
95.75    0
95.85    0
95.95    0
96.05    0
96.15    0
96.25    0
96.35    0
96.45    0
96.55    0
96.65    0.0200476
96.75    0
96.85    0
96.95    0
97.05    0
97.15    0
97.25    0
97.35    0
97.45    0
97.55    0
97.65    0
97.75    0
97.85    0
97.95    0
98.05    0
98.15    0
98.25    0
98.35    0
98.45    0
98.55    0
98.65    0.0200476
98.75    0
98.85    0
98.95    0
99.05    0
99.15    0
99.25    0
99.35    0
99.45    0
99.55    0
99.65    0
99.75    0
99.85    0
99.95    0
