0    1
1000    68
2000    70
3000    72
4000    72
5000    70
6000    71
7000    71
8000    73
9000    70
10000    70
11000    72
12000    72
13000    69
14000    69
15000    69
16000    71
17000    72
18000    71
19000    71
20000    70
21000    69
22000    69
23000    72
24000    70
25000    71
26000    71
27000    69
28000    71
29000    70
30000    71
31000    71
32000    73
33000    71
34000    71
35000    69
36000    72
37000    71
38000    71
39000    72
40000    70
41000    69
42000    70
43000    73
44000    71
45000    71
46000    72
47000    71
48000    73
49000    72
50000    72
51000    69
52000    71
53000    70
54000    70
55000    73
56000    72
57000    73
58000    70
59000    71
60000    71
61000    68
62000    71
63000    72
64000    71
65000    71
66000    71
67000    70
68000    71
69000    72
70000    72
71000    72
72000    72
73000    71
74000    72
75000    71
76000    70
77000    71
78000    73
79000    71
80000    69
81000    72
82000    70
83000    71
84000    72
85000    71
86000    71
87000    73
88000    73
89000    71
90000    69
91000    70
92000    70
93000    69
94000    71
95000    69
96000    70
97000    70
98000    71
99000    73
100000    68
101000    70
102000    70
103000    70
104000    69
105000    71
106000    72
107000    70
108000    71
109000    71
110000    70
111000    72
112000    73
113000    71
114000    71
115000    71
116000    71
117000    71
118000    69
119000    72
120000    71
121000    70
122000    70
123000    71
124000    71
125000    71
126000    72
127000    73
128000    72
129000    70
130000    71
131000    71
132000    70
133000    71
134000    71
135000    70
136000    71
137000    70
138000    71
139000    69
140000    70
141000    70
142000    71
143000    72
144000    73
145000    71
146000    71
147000    71
148000    69
149000    70
150000    69
151000    69
152000    69
153000    71
154000    70
155000    69
156000    72
157000    73
158000    73
159000    72
160000    71
161000    70
162000    72
163000    72
164000    69
165000    70
166000    70
167000    72
168000    72
169000    71
170000    73
171000    71
172000    70
173000    69
174000    68
175000    71
176000    73
177000    71
178000    72
179000    72
180000    71
181000    71
182000    71
183000    71
184000    70
185000    69
186000    69
187000    71
188000    71
189000    72
190000    72
191000    71
192000    71
193000    70
194000    71
195000    71
196000    73
197000    71
198000    71
199000    72
200000    73
201000    71
202000    71
203000    71
204000    71
205000    72
206000    70
207000    72
208000    71
209000    71
210000    70
211000    70
212000    70
213000    73
214000    72
215000    72
216000    72
217000    71
218000    70
219000    71
220000    71
221000    72
222000    73
223000    71
224000    71
225000    72
226000    71
227000    72
228000    70
229000    72
230000    72
231000    70
232000    70
233000    72
234000    72
235000    71
236000    69
237000    69
238000    71
239000    70
240000    68
241000    71
242000    70
243000    69
244000    71
245000    70
246000    71
247000    71
248000    72
249000    72
250000    71
251000    70
252000    70
253000    71
254000    71
255000    71
256000    71
257000    72
258000    71
259000    69
260000    71
261000    70
262000    70
263000    72
264000    72
265000    71
266000    70
267000    68
268000    70
269000    72
270000    73
271000    72
272000    70
273000    72
274000    67
275000    71
276000    70
277000    72
278000    68
279000    71
280000    71
281000    67
282000    69
283000    71
284000    72
285000    71
286000    70
287000    70
288000    73
289000    72
290000    72
291000    70
292000    72
293000    73
294000    71
295000    71
296000    71
297000    72
298000    72
299000    73
300000    71
301000    73
302000    72
303000    73
304000    73
305000    72
306000    72
307000    73
308000    70
309000    72
310000    69
311000    68
312000    69
313000    72
314000    73
315000    71
316000    71
317000    72
318000    71
319000    73
320000    70
321000    70
322000    71
323000    72
324000    73
325000    72
326000    72
327000    71
328000    71
329000    72
330000    70
331000    70
332000    73
333000    72
334000    72
335000    72
336000    71
337000    71
338000    72
339000    72
340000    73
341000    71
342000    73
343000    73
344000    72
345000    71
346000    72
347000    72
348000    74
349000    72
350000    71
351000    71
352000    71
353000    72
354000    71
355000    70
356000    69
357000    69
358000    71
359000    71
360000    70
361000    72
362000    72
363000    72
364000    72
365000    71
366000    69
367000    68
368000    69
369000    70
370000    73
371000    72
372000    71
373000    72
374000    73
375000    72
376000    72
377000    72
378000    72
379000    71
380000    69
381000    70
382000    69
383000    71
384000    71
385000    72
386000    70
387000    71
388000    70
389000    72
390000    71
391000    73
392000    72
393000    71
394000    73
395000    73
396000    73
397000    72
398000    70
399000    72
400000    73
401000    71
402000    72
403000    72
404000    71
405000    71
406000    69
407000    70
408000    68
409000    71
410000    70
411000    71
412000    71
413000    72
414000    67
415000    69
416000    68
417000    71
418000    70
419000    71
420000    71
421000    70
422000    68
423000    70
424000    72
425000    69
426000    70
427000    67
428000    69
429000    71
430000    71
431000    72
432000    72
433000    73
434000    72
435000    73
436000    72
437000    71
438000    71
439000    68
440000    73
441000    72
442000    69
443000    70
444000    71
445000    72
446000    72
447000    72
448000    71
449000    71
450000    69
451000    70
452000    69
453000    69
454000    68
455000    72
456000    71
457000    70
458000    72
459000    73
460000    72
461000    71
462000    72
463000    69
464000    68
465000    71
466000    73
467000    70
468000    70
469000    70
470000    72
471000    71
472000    68
473000    71
474000    68
475000    72
476000    68
477000    72
478000    70
479000    71
480000    71
481000    72
482000    71
483000    69
484000    72
485000    73
486000    72
487000    69
488000    72
489000    72
490000    72
491000    73
492000    72
493000    72
494000    71
495000    71
496000    68
497000    71
498000    71
499000    70
500000    70
501000    68
502000    70
503000    71
504000    69
505000    71
506000    71
507000    70
508000    71
509000    71
510000    70
511000    69
512000    70
513000    71
514000    68
515000    70
516000    69
517000    67
518000    71
519000    70
520000    71
521000    70
522000    72
523000    72
524000    72
525000    70
526000    73
527000    73
528000    71
529000    70
530000    71
531000    70
532000    71
533000    70
534000    71
535000    70
536000    71
537000    70
538000    72
539000    70
540000    72
541000    70
542000    69
543000    70
544000    72
545000    72
546000    73
547000    71
548000    71
549000    71
550000    71
551000    71
552000    71
553000    74
554000    71
555000    72
556000    73
557000    72
558000    70
559000    69
560000    68
561000    69
562000    71
563000    73
564000    70
565000    71
566000    72
567000    72
568000    71
569000    69
570000    69
571000    71
572000    71
573000    71
574000    71
575000    72
576000    71
577000    72
578000    72
579000    72
580000    71
581000    71
582000    70
583000    71
584000    69
585000    73
586000    71
587000    72
588000    72
589000    72
590000    71
591000    69
592000    69
593000    69
594000    71
595000    70
596000    71
597000    72
598000    72
599000    71
600000    70
601000    71
602000    70
603000    72
604000    72
605000    73
606000    72
607000    71
608000    69
609000    71
610000    68
611000    72
612000    72
613000    73
614000    71
615000    72
616000    72
617000    71
618000    68
619000    70
620000    69
621000    72
622000    72
623000    72
624000    69
625000    69
626000    72
627000    68
628000    69
629000    70
630000    68
631000    70
632000    70
633000    72
634000    72
635000    72
636000    70
637000    69
638000    72
639000    70
640000    70
641000    71
642000    71
643000    71
644000    73
645000    72
646000    70
647000    71
648000    72
649000    68
650000    68
651000    70
652000    71
653000    69
654000    70
655000    72
656000    72
657000    71
658000    71
659000    72
660000    70
661000    71
662000    72
663000    73
664000    71
665000    73
666000    73
667000    70
668000    72
669000    67
670000    71
671000    69
672000    70
673000    71
674000    72
675000    71
676000    70
677000    72
678000    70
679000    70
680000    71
681000    71
682000    72
683000    72
684000    70
685000    73
686000    70
687000    70
688000    67
689000    69
690000    71
691000    73
692000    72
693000    70
694000    71
695000    72
696000    72
697000    70
698000    70
699000    71
700000    72
701000    73
702000    71
703000    71
704000    71
705000    71
706000    71
707000    72
708000    72
709000    73
710000    72
711000    71
712000    72
713000    72
714000    72
715000    72
716000    73
717000    70
718000    70
719000    72
720000    71
721000    69
722000    71
723000    71
724000    71
725000    71
726000    70
727000    71
728000    72
729000    71
730000    68
731000    69
732000    71
733000    70
734000    71
735000    71
736000    72
737000    71
738000    72
739000    71
740000    71
741000    73
742000    73
743000    72
744000    73
745000    74
746000    72
747000    72
748000    70
749000    69
750000    72
751000    71
752000    72
753000    72
754000    71
755000    71
756000    71
757000    71
758000    72
759000    68
760000    70
761000    68
762000    68
763000    71
764000    72
765000    71
766000    72
767000    71
768000    72
769000    72
770000    73
771000    70
772000    71
773000    71
774000    72
775000    71
776000    70
777000    69
778000    70
779000    72
780000    71
781000    72
782000    72
783000    71
784000    70
785000    72
786000    73
787000    72
788000    72
789000    71
790000    70
791000    70
792000    71
793000    72
794000    70
795000    70
796000    72
797000    71
798000    72
799000    72
800000    70
801000    70
802000    70
803000    69
804000    69
805000    70
806000    69
807000    70
808000    72
809000    70
810000    73
811000    71
812000    70
813000    71
814000    72
815000    73
816000    71
817000    72
818000    72
819000    69
820000    71
821000    71
822000    71
823000    71
824000    69
825000    72
826000    70
827000    72
828000    73
829000    73
830000    72
831000    70
832000    72
833000    71
834000    69
835000    70
836000    69
837000    70
838000    68
839000    69
840000    69
841000    70
842000    70
843000    70
844000    69
845000    71
846000    72
847000    73
848000    71
849000    70
850000    72
851000    70
852000    71
853000    72
854000    72
855000    73
856000    71
857000    71
858000    72
859000    73
860000    73
861000    72
862000    70
863000    72
864000    73
865000    73
866000    71
867000    72
868000    72
869000    73
870000    73
871000    68
872000    70
873000    71
874000    70
875000    73
876000    72
877000    72
878000    73
879000    73
880000    72
881000    71
882000    70
883000    69
884000    69
885000    70
886000    68
887000    71
888000    71
889000    68
890000    68
891000    69
892000    69
893000    69
894000    72
895000    72
896000    70
897000    69
898000    69
899000    70
900000    70
901000    70
902000    69
903000    70
904000    69
905000    72
906000    68
907000    72
908000    71
909000    71
910000    70
911000    71
912000    70
913000    69
914000    68
915000    70
916000    71
917000    72
918000    73
919000    70
920000    71
921000    72
922000    71
923000    70
924000    71
925000    72
926000    69
927000    73
928000    72
929000    73
930000    73
931000    72
932000    72
933000    72
934000    71
935000    71
936000    71
937000    71
938000    70
939000    69
940000    73
941000    73
942000    71
943000    73
944000    72
945000    72
946000    72
947000    72
948000    72
949000    70
950000    67
951000    71
952000    67
953000    70
954000    72
955000    71
956000    71
957000    68
958000    70
959000    72
960000    69
961000    70
962000    70
963000    70
964000    71
965000    69
966000    71
967000    70
968000    70
969000    71
970000    70
971000    66
972000    70
973000    69
974000    71
975000    66
976000    71
977000    71
978000    73
979000    72
980000    73
981000    71
982000    71
983000    71
984000    70
985000    72
986000    71
987000    73
988000    73
989000    71
990000    73
991000    72
992000    71
993000    70
994000    69
995000    70
996000    68
997000    72
998000    72
999000    70
