0    1
1000    48
2000    48
3000    51
4000    51
5000    55
6000    55
7000    52
8000    42
9000    52
10000    44
11000    56
12000    44
13000    50
14000    50
15000    51
16000    51
17000    49
18000    52
19000    50
20000    56
21000    52
22000    52
23000    51
24000    49
25000    56
26000    47
27000    46
28000    53
29000    51
30000    49
31000    47
32000    46
33000    51
34000    45
35000    61
36000    47
37000    46
38000    54
39000    49
40000    52
41000    52
42000    53
43000    52
44000    46
45000    45
46000    50
47000    51
48000    45
49000    50
50000    55
51000    45
52000    48
53000    47
54000    50
55000    49
56000    51
57000    51
58000    50
59000    42
60000    45
61000    46
62000    45
63000    48
64000    49
65000    47
66000    53
67000    48
68000    50
69000    52
70000    52
71000    48
72000    56
73000    53
74000    46
75000    49
76000    45
77000    50
78000    45
79000    56
80000    53
81000    52
82000    53
83000    51
84000    59
85000    47
86000    53
87000    42
88000    48
89000    42
90000    50
91000    48
92000    47
93000    47
94000    49
95000    48
96000    53
97000    43
98000    49
99000    49
100000    48
101000    48
102000    52
103000    53
104000    48
105000    53
106000    48
107000    48
108000    50
109000    50
110000    49
111000    52
112000    52
113000    44
114000    49
115000    47
116000    49
117000    51
118000    49
119000    48
120000    52
121000    48
122000    52
123000    45
124000    50
125000    48
126000    49
127000    53
128000    49
129000    50
130000    50
131000    42
132000    48
133000    47
134000    53
135000    51
136000    47
137000    43
138000    51
139000    52
140000    47
141000    43
142000    52
143000    49
144000    42
145000    54
146000    52
147000    49
148000    53
149000    55
150000    52
151000    53
152000    58
153000    49
154000    53
155000    50
156000    47
157000    47
158000    42
159000    57
160000    47
161000    52
162000    55
163000    49
164000    52
165000    48
166000    48
167000    48
168000    53
169000    50
170000    52
171000    55
172000    53
173000    54
174000    52
175000    53
176000    53
177000    49
178000    57
179000    53
180000    52
181000    48
182000    49
183000    48
184000    48
185000    51
186000    51
187000    47
188000    52
189000    49
190000    51
191000    55
192000    42
193000    52
194000    44
195000    45
196000    54
197000    49
198000    47
199000    51
200000    54
201000    42
202000    46
203000    47
204000    50
205000    56
206000    47
207000    52
208000    56
209000    50
210000    54
211000    54
212000    45
213000    54
214000    47
215000    48
216000    50
217000    45
218000    49
219000    51
220000    44
221000    47
222000    54
223000    53
224000    50
225000    54
226000    50
227000    53
228000    57
229000    47
230000    52
231000    55
232000    47
233000    54
234000    52
235000    47
236000    50
237000    54
238000    54
239000    47
240000    48
241000    52
242000    47
243000    50
244000    45
245000    53
246000    47
247000    52
248000    49
249000    50
250000    50
251000    47
252000    54
253000    52
254000    49
255000    55
256000    47
257000    48
258000    47
259000    44
260000    50
261000    52
262000    50
263000    53
264000    46
265000    48
266000    42
267000    46
268000    48
269000    57
270000    55
271000    43
272000    52
273000    51
274000    48
275000    60
276000    44
277000    47
278000    54
279000    48
280000    52
281000    49
282000    52
283000    47
284000    47
285000    51
286000    58
287000    52
288000    60
289000    56
290000    52
291000    50
292000    50
293000    49
294000    46
295000    51
296000    48
297000    50
298000    47
299000    49
300000    42
301000    51
302000    57
303000    55
304000    47
305000    54
306000    48
307000    52
308000    47
309000    49
310000    49
311000    52
312000    53
313000    51
314000    52
315000    54
316000    49
317000    47
318000    47
319000    52
320000    55
321000    53
322000    51
323000    54
324000    50
325000    55
326000    54
327000    53
328000    50
329000    44
330000    50
331000    46
332000    51
333000    46
334000    53
335000    49
336000    51
337000    50
338000    50
339000    53
340000    48
341000    49
342000    54
343000    49
344000    56
345000    50
346000    53
347000    50
348000    51
349000    51
350000    48
351000    51
352000    45
353000    46
354000    52
355000    53
356000    44
357000    52
358000    51
359000    52
360000    52
361000    51
362000    45
363000    53
364000    47
365000    52
366000    53
367000    51
368000    43
369000    49
370000    49
371000    47
372000    47
373000    51
374000    51
375000    47
376000    45
377000    49
378000    48
379000    48
380000    51
381000    52
382000    54
383000    49
384000    43
385000    52
386000    55
387000    52
388000    45
389000    51
390000    47
391000    50
392000    50
393000    55
394000    50
395000    48
396000    49
397000    46
398000    47
399000    51
400000    46
401000    46
402000    54
403000    51
404000    49
405000    51
406000    53
407000    53
408000    56
409000    46
410000    50
411000    51
412000    48
413000    51
414000    53
415000    53
416000    48
417000    52
418000    54
419000    48
420000    53
421000    46
422000    53
423000    51
424000    51
425000    44
426000    52
427000    49
428000    54
429000    52
430000    50
431000    51
432000    47
433000    45
434000    47
435000    48
436000    49
437000    51
438000    49
439000    54
440000    50
441000    54
442000    53
443000    47
444000    49
445000    50
446000    48
447000    42
448000    47
449000    46
450000    53
451000    53
452000    50
453000    48
454000    50
455000    44
456000    44
457000    49
458000    50
459000    48
460000    43
461000    48
462000    51
463000    55
464000    49
465000    51
466000    47
467000    50
468000    49
469000    48
470000    49
471000    50
472000    49
473000    47
474000    48
475000    52
476000    44
477000    47
478000    52
479000    53
480000    47
481000    45
482000    48
483000    50
484000    54
485000    56
486000    51
487000    47
488000    50
489000    50
490000    46
491000    48
492000    53
493000    48
494000    49
495000    52
496000    46
497000    46
498000    46
499000    51
500000    48
501000    52
502000    53
503000    53
504000    55
505000    49
506000    51
507000    58
508000    50
509000    50
510000    48
511000    51
512000    47
513000    63
514000    57
515000    58
516000    55
517000    48
518000    48
519000    49
520000    51
521000    55
522000    48
523000    51
524000    52
525000    53
526000    43
527000    51
528000    52
529000    51
530000    54
531000    50
532000    51
533000    51
534000    54
535000    46
536000    55
537000    60
538000    50
539000    51
540000    48
541000    50
542000    52
543000    53
544000    47
545000    45
546000    48
547000    48
548000    47
549000    48
550000    51
551000    55
552000    53
553000    51
554000    59
555000    46
556000    48
557000    49
558000    42
559000    52
560000    54
561000    54
562000    41
563000    51
564000    51
565000    51
566000    55
567000    48
568000    50
569000    47
570000    52
571000    55
572000    51
573000    51
574000    45
575000    55
576000    51
577000    49
578000    43
579000    50
580000    50
581000    53
582000    47
583000    54
584000    56
585000    48
586000    49
587000    53
588000    57
589000    45
590000    51
591000    50
592000    49
593000    46
594000    53
595000    49
596000    48
597000    48
598000    56
599000    51
600000    50
601000    52
602000    49
603000    50
604000    48
605000    56
606000    48
607000    48
608000    55
609000    55
610000    48
611000    52
612000    51
613000    50
614000    52
615000    51
616000    45
617000    49
618000    50
619000    50
620000    50
621000    56
622000    51
623000    59
624000    53
625000    52
626000    48
627000    55
628000    48
629000    51
630000    52
631000    49
632000    55
633000    52
634000    56
635000    50
636000    43
637000    53
638000    49
639000    54
640000    46
641000    47
642000    57
643000    47
644000    48
645000    50
646000    45
647000    47
648000    52
649000    50
650000    48
651000    46
652000    48
653000    52
654000    44
655000    48
656000    48
657000    48
658000    50
659000    48
660000    44
661000    52
662000    49
663000    53
664000    51
665000    40
666000    44
667000    52
668000    54
669000    48
670000    47
671000    47
672000    49
673000    55
674000    55
675000    45
676000    51
677000    54
678000    54
679000    51
680000    46
681000    55
682000    49
683000    50
684000    45
685000    53
686000    47
687000    52
688000    50
689000    50
690000    53
691000    53
692000    46
693000    49
694000    56
695000    45
696000    47
697000    54
698000    46
699000    50
700000    49
701000    54
702000    53
703000    49
704000    48
705000    44
706000    47
707000    52
708000    50
709000    55
710000    56
711000    52
712000    49
713000    47
714000    43
715000    50
716000    45
717000    46
718000    53
719000    51
720000    46
721000    48
722000    54
723000    52
724000    54
725000    52
726000    49
727000    48
728000    52
729000    50
730000    47
731000    54
732000    52
733000    50
734000    52
735000    45
736000    49
737000    57
738000    54
739000    52
740000    51
741000    50
742000    55
743000    51
744000    51
745000    52
746000    50
747000    51
748000    52
749000    52
750000    47
751000    48
752000    49
753000    44
754000    50
755000    47
756000    49
757000    54
758000    45
759000    44
760000    45
761000    48
762000    51
763000    50
764000    49
765000    50
766000    50
767000    47
768000    49
769000    52
770000    42
771000    48
772000    49
773000    53
774000    46
775000    55
776000    50
777000    53
778000    57
779000    45
780000    52
781000    49
782000    49
783000    49
784000    54
785000    48
786000    50
787000    47
788000    52
789000    48
790000    52
791000    51
792000    53
793000    55
794000    49
795000    48
796000    55
797000    47
798000    48
799000    50
800000    48
801000    45
802000    50
803000    47
804000    50
805000    59
806000    52
807000    50
808000    48
809000    49
810000    51
811000    55
812000    49
813000    50
814000    50
815000    48
816000    59
817000    58
818000    54
819000    49
820000    51
821000    52
822000    46
823000    51
824000    52
825000    48
826000    49
827000    50
828000    48
829000    47
830000    56
831000    50
832000    52
833000    50
834000    54
835000    49
836000    53
837000    50
838000    52
839000    49
840000    49
841000    57
842000    50
843000    47
844000    51
845000    56
846000    51
847000    54
848000    51
849000    48
850000    45
851000    51
852000    55
853000    52
854000    53
855000    54
856000    52
857000    53
858000    48
859000    53
860000    48
861000    49
862000    49
863000    53
864000    48
865000    53
866000    50
867000    51
868000    45
869000    52
870000    57
871000    52
872000    51
873000    48
874000    50
875000    49
876000    44
877000    53
878000    50
879000    47
880000    47
881000    55
882000    55
883000    53
884000    48
885000    52
886000    46
887000    52
888000    49
889000    53
890000    51
891000    56
892000    52
893000    52
894000    49
895000    54
896000    45
897000    54
898000    42
899000    50
900000    47
901000    49
902000    52
903000    50
904000    49
905000    48
906000    51
907000    43
908000    52
909000    52
910000    48
911000    54
912000    53
913000    53
914000    52
915000    55
916000    49
917000    49
918000    56
919000    49
920000    46
921000    45
922000    49
923000    45
924000    49
925000    48
926000    57
927000    48
928000    48
929000    48
930000    50
931000    55
932000    45
933000    50
934000    48
935000    47
936000    52
937000    49
938000    49
939000    48
940000    48
941000    51
942000    50
943000    50
944000    48
945000    56
946000    54
947000    56
948000    46
949000    52
950000    49
951000    47
952000    52
953000    55
954000    49
955000    52
956000    53
957000    53
958000    47
959000    51
960000    56
961000    49
962000    52
963000    50
964000    53
965000    53
966000    46
967000    49
968000    51
969000    45
970000    50
971000    47
972000    48
973000    51
974000    45
975000    49
976000    52
977000    50
978000    50
979000    51
980000    49
981000    47
982000    46
983000    53
984000    50
985000    54
986000    53
987000    49
988000    49
989000    50
990000    47
991000    46
992000    56
993000    51
994000    49
995000    47
996000    48
997000    49
998000    53
999000    41
