0    1
1000    68
2000    72
3000    73
4000    73
5000    73
6000    73
7000    73
8000    73
9000    73
10000    73
11000    73
12000    73
13000    73
14000    73
15000    73
16000    73
17000    73
18000    73
19000    73
20000    73
21000    73
22000    73
23000    73
24000    73
25000    73
26000    73
27000    73
28000    73
29000    73
30000    73
31000    73
32000    73
33000    73
34000    73
35000    73
36000    73
37000    73
38000    73
39000    73
40000    73
41000    73
42000    73
43000    73
44000    73
45000    73
46000    73
47000    73
48000    74
49000    74
50000    74
51000    74
52000    74
53000    74
54000    74
55000    74
56000    74
57000    74
58000    74
59000    74
60000    74
61000    74
62000    74
63000    74
64000    74
65000    74
66000    74
67000    74
68000    74
69000    74
70000    74
71000    74
72000    74
73000    74
74000    74
75000    74
76000    74
77000    73
78000    73
79000    73
80000    73
81000    73
82000    73
83000    73
84000    73
85000    73
86000    73
87000    73
88000    73
89000    73
90000    73
91000    73
92000    73
93000    73
94000    73
95000    73
96000    73
97000    73
98000    73
99000    73
100000    73
101000    73
102000    73
103000    73
104000    73
105000    73
106000    73
107000    73
108000    73
109000    73
110000    73
111000    73
112000    73
113000    73
114000    73
115000    73
116000    73
117000    73
118000    73
119000    73
120000    73
121000    73
122000    73
123000    73
124000    73
125000    73
126000    73
127000    73
128000    73
129000    73
130000    73
131000    73
132000    73
133000    73
134000    73
135000    73
136000    73
137000    73
138000    73
139000    73
140000    73
141000    73
142000    73
143000    73
144000    73
145000    73
146000    73
147000    74
148000    74
149000    74
150000    74
151000    74
152000    74
153000    74
154000    74
155000    74
156000    74
157000    74
158000    74
159000    74
160000    74
161000    74
162000    74
163000    74
164000    74
165000    74
166000    74
167000    74
168000    74
169000    74
170000    74
171000    74
172000    74
173000    74
174000    74
175000    74
176000    74
177000    74
178000    74
179000    74
180000    74
181000    74
182000    74
183000    74
184000    74
185000    74
186000    74
187000    74
188000    74
189000    74
190000    74
191000    74
192000    74
193000    74
194000    74
195000    74
196000    74
197000    74
198000    74
199000    74
200000    74
201000    74
202000    74
203000    74
204000    74
205000    74
206000    74
207000    74
208000    74
209000    74
210000    74
211000    74
212000    74
213000    74
214000    74
215000    74
216000    74
217000    74
218000    74
219000    74
220000    74
221000    74
222000    74
223000    74
224000    74
225000    74
226000    74
227000    74
228000    74
229000    74
230000    74
231000    74
232000    74
233000    74
234000    74
235000    74
236000    74
237000    74
238000    74
239000    74
240000    74
241000    74
242000    74
243000    74
244000    74
245000    74
246000    74
247000    74
248000    74
249000    74
250000    74
251000    74
252000    74
253000    74
254000    74
255000    74
256000    74
257000    74
258000    74
259000    74
260000    74
261000    74
262000    74
263000    74
264000    74
265000    74
266000    74
267000    74
268000    74
269000    74
270000    74
271000    74
272000    74
273000    74
274000    74
275000    74
276000    74
277000    74
278000    74
279000    74
280000    74
281000    74
282000    74
283000    74
284000    74
285000    74
286000    74
287000    74
288000    74
289000    74
290000    74
291000    74
292000    74
293000    74
294000    74
295000    74
296000    74
297000    74
298000    74
299000    74
300000    74
301000    74
302000    74
303000    74
304000    74
305000    74
306000    74
307000    74
308000    74
309000    74
310000    74
311000    74
312000    74
313000    74
314000    74
315000    74
316000    74
317000    74
318000    74
319000    74
320000    74
321000    74
322000    74
323000    74
324000    74
325000    74
326000    74
327000    74
328000    74
329000    74
330000    74
331000    74
332000    74
333000    74
334000    74
335000    74
336000    74
337000    74
338000    74
339000    74
340000    74
341000    74
342000    74
343000    74
344000    74
345000    74
346000    74
347000    74
348000    74
349000    74
350000    74
351000    74
352000    74
353000    74
354000    74
355000    74
356000    74
357000    74
358000    74
359000    74
360000    74
361000    74
362000    74
363000    74
364000    74
365000    74
366000    74
367000    74
368000    74
369000    74
370000    74
371000    74
372000    74
373000    74
374000    74
375000    74
376000    74
377000    74
378000    74
379000    74
380000    74
381000    74
382000    74
383000    74
384000    74
385000    74
386000    74
387000    74
388000    74
389000    74
390000    74
391000    74
392000    74
393000    74
394000    74
395000    74
396000    74
397000    74
398000    74
399000    74
400000    74
401000    74
402000    74
403000    74
404000    74
405000    74
406000    74
407000    74
408000    74
409000    74
410000    74
411000    74
412000    74
413000    74
414000    74
415000    74
416000    74
417000    74
418000    74
419000    74
420000    74
421000    74
422000    74
423000    74
424000    74
425000    74
426000    74
427000    74
428000    74
429000    74
430000    74
431000    74
432000    74
433000    74
434000    73
435000    74
436000    74
437000    74
438000    74
439000    74
440000    74
441000    74
442000    74
443000    74
444000    74
445000    74
446000    74
447000    74
448000    74
449000    74
450000    74
451000    74
452000    74
453000    74
454000    74
455000    74
456000    74
457000    74
458000    74
459000    74
460000    74
461000    74
462000    74
463000    74
464000    74
465000    74
466000    74
467000    74
468000    74
469000    74
470000    74
471000    74
472000    74
473000    74
474000    74
475000    74
476000    74
477000    74
478000    74
479000    74
480000    74
481000    74
482000    74
483000    74
484000    74
485000    74
486000    74
487000    74
488000    74
489000    74
490000    74
491000    74
492000    74
493000    74
494000    74
495000    74
496000    74
497000    74
498000    74
499000    74
500000    74
501000    74
502000    74
503000    74
504000    74
505000    74
506000    74
507000    74
508000    74
509000    74
510000    74
511000    74
512000    74
513000    74
514000    74
515000    74
516000    74
517000    74
518000    74
519000    74
520000    74
521000    74
522000    74
523000    74
524000    74
525000    74
526000    74
527000    74
528000    74
529000    74
530000    74
531000    74
532000    74
533000    74
534000    74
535000    74
536000    74
537000    74
538000    74
539000    74
540000    74
541000    74
542000    74
543000    74
544000    74
545000    74
546000    74
547000    74
548000    74
549000    74
550000    74
551000    74
552000    74
553000    74
554000    74
555000    74
556000    74
557000    74
558000    74
559000    74
560000    74
561000    74
562000    74
563000    74
564000    74
565000    74
566000    74
567000    74
568000    74
569000    74
570000    74
571000    74
572000    74
573000    74
574000    74
575000    74
576000    74
577000    74
578000    74
579000    74
580000    74
581000    74
582000    74
583000    74
584000    74
585000    74
586000    74
587000    74
588000    74
589000    74
590000    74
591000    74
592000    74
593000    74
594000    74
595000    74
596000    74
597000    74
598000    74
599000    74
600000    74
601000    74
602000    74
603000    74
604000    74
605000    74
606000    74
607000    74
608000    74
609000    74
610000    74
611000    74
612000    74
613000    74
614000    74
615000    74
616000    74
617000    74
618000    74
619000    74
620000    74
621000    74
622000    74
623000    74
624000    74
625000    74
626000    74
627000    74
628000    74
629000    73
630000    73
631000    73
632000    73
633000    74
634000    74
635000    74
636000    74
637000    74
638000    74
639000    74
640000    74
641000    74
642000    74
643000    74
644000    74
645000    74
646000    74
647000    74
648000    74
649000    74
650000    74
651000    74
652000    74
653000    74
654000    74
655000    74
656000    74
657000    74
658000    74
659000    74
660000    74
661000    74
662000    74
663000    74
664000    74
665000    74
666000    74
667000    74
668000    74
669000    74
670000    74
671000    74
672000    74
673000    74
674000    74
675000    74
676000    74
677000    74
678000    74
679000    74
680000    74
681000    74
682000    74
683000    74
684000    74
685000    74
686000    74
687000    74
688000    74
689000    74
690000    74
691000    74
692000    74
693000    74
694000    74
695000    74
696000    74
697000    74
698000    74
699000    74
700000    74
701000    74
702000    74
703000    74
704000    74
705000    74
706000    74
707000    74
708000    74
709000    74
710000    74
711000    74
712000    74
713000    74
714000    74
715000    74
716000    74
717000    74
718000    74
719000    74
720000    74
721000    74
722000    74
723000    74
724000    74
725000    74
726000    74
727000    73
728000    73
729000    73
730000    74
731000    74
732000    74
733000    74
734000    74
735000    74
736000    74
737000    74
738000    74
739000    74
740000    74
741000    74
742000    74
743000    74
744000    74
745000    74
746000    74
747000    74
748000    74
749000    74
750000    74
751000    74
752000    74
753000    74
754000    74
755000    74
756000    74
757000    74
758000    74
759000    74
760000    74
761000    74
762000    74
763000    74
764000    74
765000    74
766000    74
767000    74
768000    74
769000    74
770000    74
771000    74
772000    74
773000    74
774000    74
775000    74
776000    74
777000    74
778000    74
779000    74
780000    74
781000    74
782000    74
783000    74
784000    74
785000    74
786000    74
787000    74
788000    74
789000    74
790000    74
791000    74
792000    74
793000    74
794000    74
795000    74
796000    74
797000    74
798000    74
799000    74
800000    74
801000    74
802000    74
803000    74
804000    74
805000    74
806000    74
807000    74
808000    74
809000    74
810000    74
811000    74
812000    74
813000    74
814000    74
815000    74
816000    74
817000    74
818000    74
819000    74
820000    74
821000    74
822000    74
823000    74
824000    74
825000    74
826000    74
827000    74
828000    74
829000    74
830000    74
831000    74
832000    74
833000    74
834000    74
835000    74
836000    74
837000    74
838000    74
839000    74
840000    73
841000    73
842000    73
843000    73
844000    73
845000    73
846000    73
847000    73
848000    73
849000    73
850000    73
851000    73
852000    73
853000    73
854000    73
855000    73
856000    73
857000    73
858000    73
859000    73
860000    73
861000    73
862000    73
863000    73
864000    73
865000    73
866000    73
867000    73
868000    73
869000    73
870000    73
871000    73
872000    73
873000    73
874000    73
875000    73
876000    72
877000    73
878000    73
879000    73
880000    73
881000    73
882000    73
883000    73
884000    73
885000    73
886000    73
887000    73
888000    73
889000    73
890000    73
891000    73
892000    73
893000    73
894000    73
895000    73
896000    73
897000    73
898000    73
899000    73
900000    73
901000    73
902000    73
903000    73
904000    73
905000    73
906000    73
907000    73
908000    73
909000    73
910000    73
911000    73
912000    73
913000    73
914000    73
915000    73
916000    73
917000    73
918000    73
919000    74
920000    74
921000    74
922000    74
923000    74
924000    74
925000    74
926000    74
927000    74
928000    74
929000    74
930000    74
931000    74
932000    74
933000    74
934000    74
935000    74
936000    74
937000    74
938000    74
939000    74
940000    74
941000    74
942000    74
943000    74
944000    74
945000    74
946000    74
947000    74
948000    74
949000    74
950000    74
951000    74
952000    74
953000    74
954000    74
955000    74
956000    74
957000    74
958000    74
959000    74
960000    74
961000    74
962000    74
963000    74
964000    74
965000    74
966000    74
967000    74
968000    74
969000    74
970000    74
971000    74
972000    74
973000    74
974000    74
975000    74
976000    74
977000    74
978000    74
979000    74
980000    74
981000    74
982000    74
983000    74
984000    74
985000    74
986000    74
987000    74
988000    74
989000    74
990000    74
991000    74
992000    74
993000    74
994000    74
995000    74
996000    74
997000    74
998000    74
999000    74
