10.6775    10.9921
10.3591    11.9068
10.7914    13.4509
10.9968    0.586513
11.0314    1.73151
11.8893    3.44196
10.3763    4.06256
10.6012    5.17689
10.4823    6.22096
10.9026    7.55758
10.7408    8.65518
10.7951    9.84959
11.5397    10.5943
11.3927    11.8627
11.8674    12.7999
11.9947    13.9801
12.0506    1.36266
12.9779    3.78803
12.1612    4.59202
13.0713    5.53799
11.6847    5.76488
11.7174    6.80424
11.6759    8.21982
11.761    9.46961
13.2887    10.6755
12.3862    11.3124
12.9025    13.2508
13.1944    0.449088
13.4437    1.88167
12.5346    2.33992
13.7351    4.69863
0.283795    5.56617
13.2783    6.55773
12.6425    7.36537
13.1221    8.38315
12.8734    9.66247
0.741803    10.0905
0.156849    11.4094
12.9559    12.1534
0.0262238    13.2442
0.297729    0.779447
0.106756    2.87116
0.434769    3.96444
1.26285    5.44682
0.284392    6.59109
0.177559    7.61662
0.592092    8.62206
13.9332    9.42509
1.44214    10.8461
1.9471    12.071
0.552676    12.3912
1.19003    13.956
1.20952    1.79931
1.24939    2.93628
1.51713    4.1284
2.30296    5.53086
1.35694    6.46912
1.65015    8.27511
1.51361    9.33145
2.43783    10.1961
2.62646    11.2875
3.00383    12.5477
1.64105    13.0435
2.50834    13.9433
1.84101    0.90002
2.25551    1.97942
2.53799    3.82563
2.93147    4.78868
3.0813    6.29609
2.14214    7.35399
2.73243    8.36382
3.57437    10.5191
4.476    11.1088
3.89948    12
3.80229    13.4279
4.19006    0.423361
3.37315    1.26231
2.9501    2.63169
3.65848    3.69741
3.6944    5.52452
3.89011    7.03771
4.78915    7.68458
3.85559    8.41515
3.21805    9.41253
5.54052    11.2022
5.01121    12.2661
4.83226    13.597
5.26933    0.598678
5.63766    1.74131
4.18894    2.05998
4.68384    3.23336
4.66183    5.07478
4.58125    6.17467
5.74288    7.941
4.80119    8.76691
4.44241    9.9114
5.80053    10.1994
6.49396    11.7508
6.0123    12.6469
6.16183    13.9367
6.53966    1.00644
5.84626    2.75139
5.84602    3.80486
6.01062    4.8034
5.71979    5.75769
5.97536    6.92256
6.83345    8.47772
5.92639    9.08546
6.93702    10.8044
7.90897    11.9016
7.27503    13.2344
7.32586    0.311584
7.54066    1.46046
6.66176    2.12125
6.77813    3.3715
6.99068    4.79215
6.79165    6.20023
7.44648    6.98307
7.89698    8.9013
6.8235    9.75746
8.39646    10.9505
8.62425    12.6338
8.81656    13.7302
8.3334    0.653025
8.94954    1.52169
8.04568    2.51993
8.67356    3.38212
7.89563    4.11967
8.38424    5.71591
8.62377    6.8547
8.16369    7.8355
8.58064    9.92615
9.60487    10.7525
9.34673    11.7982
9.78914    12.7806
9.65216    0.343281
9.98091    1.99883
10.7446    2.9401
9.62589    3.06804
9.32399    4.6757
9.43234    6.08653
9.63607    7.17689
9.37521    8.2209
9.47854    9.40251
