0.583333    0.583333
0.359449    1.64062
0.486711    2.83427
0.495073    4.0735
0.583333    5.25
0.583333    6.41667
0.583333    7.58333
0.583333    8.75
0.57198    9.84532
0.583333    11.0833
0.47957    12.1791
0.583333    13.4167
1.75    0.583333
1.72308    1.55346
1.62719    2.73106
1.45006    3.78236
1.75    5.25
1.67596    6.33445
1.75    7.58333
1.58563    8.5874
1.75    9.91667
1.75    11.0833
1.71973    12.1925
1.65777    13.4003
2.91667    0.583333
2.91667    1.75
2.91667    2.91667
2.76164    4.0804
2.91667    5.25
2.82322    6.21195
2.79685    7.48274
2.70603    8.54815
2.87162    9.7327
2.88133    10.9464
2.7617    11.9602
2.91667    13.4167
4.08333    0.583333
4.00587    1.67309
3.94764    2.84037
3.90419    3.96681
3.94496    5.03155
3.92634    6.32218
3.75507    7.31904
3.81397    8.65808
4.08333    9.91667
3.92164    10.9505
4.08333    12.25
4.08333    13.4167
5.25    0.583333
5.25    1.75
4.91979    2.86802
4.98656    3.96785
5.25    5.25
5.08093    6.39079
5.15222    7.4153
4.94274    8.4771
5.25    9.91667
5.10467    11.0369
5.21802    12.2313
5.25    13.4167
6.41667    0.583333
6.38792    1.5548
6.37877    2.71464
6.37419    3.92091
6.41667    5.25
6.41667    6.41667
6.41667    7.58333
6.25199    8.56072
6.41667    9.91667
6.06327    10.8857
6.38542    12.1652
6.41667    13.4167
7.58333    0.583333
7.58333    1.75
7.33051    2.77976
7.43184    4.08315
7.58333    5.25
7.58333    6.41667
7.45515    7.47609
7.58333    8.75
7.58333    9.91667
7.38838    10.9085
7.58333    12.25
7.58333    13.4167
8.75    0.583333
8.75    1.75
8.54247    2.77256
8.62744    3.87226
8.75    5.25
8.74176    6.34568
8.41051    7.32331
8.58465    8.54443
8.59002    9.7357
8.50512    10.8684
8.69806    11.9075
8.73547    12.9875
9.91667    0.583333
9.91667    1.75
9.89305    2.75895
9.67881    3.80793
9.83689    5.13012
9.91667    6.41667
9.57431    7.49318
9.68967    8.48382
9.63163    9.88408
9.90874    10.841
9.91667    12.25
9.91667    13.4167
10.9196    0.534076
11.0833    1.75
11.0698    2.91472
10.9772    4.06178
11.0009    5.17041
11.0833    6.41667
10.7956    7.40461
10.9246    8.5219
10.774    9.7233
10.9975    11.0116
11.0833    12.25
11.0259    13.208
12.1837    0.412124
12.25    1.75
12.25    2.91667
12.223    3.9861
12.056    5.1607
12.1019    6.36076
12.0246    7.37062
12.0933    8.61242
12.1267    9.69462
12.25    11.0833
12.25    12.25
12.25    13.4167
13.3981    0.463578
13.2456    1.68554
13.4031    2.87291
13.4167    4.08333
13.3772    5.12481
13.2322    6.31474
13.0934    7.47194
13.1918    8.6344
13.4167    9.91667
13.4167    11.0833
13.4167    12.25
13.39    13.3419
