13.4544    12.7186
13.0514    0.241958
11.1782    0.847851
12.196    1.12822
12.3246    2.96229
12.6607    4.77046
11.1019    4.79467
13.4247    6.73363
12.6258    7.61123
11.6451    8.06552
12.37    9.51615
13.1377    11.6812
0.463034    12.6489
0.0339137    13.9578
13.9708    1.17444
13.0441    1.86602
13.3177    3.00689
13.5402    4.11341
13.3717    5.69426
0.609706    6.86458
13.7912    7.77786
12.8976    8.65696
12.9961    10.61
0.193144    11.6138
1.56197    12.7995
1.17133    13.86
1.0181    0.905866
0.883252    2.03891
0.737999    3.08241
0.790339    4.14429
0.304362    5.0972
1.10097    5.79956
1.14046    7.84013
0.230965    8.72578
13.4999    9.60815
1.2306    11.7301
2.35191    11.6893
2.20566    0.538919
2.19455    1.83722
2.95927    2.6483
1.77985    3.02761
2.15781    4.87506
2.47569    5.87626
1.90409    6.75609
2.59462    8.25507
1.70566    8.75405
1.1126    9.60699
0.320672    10.3162
3.09924    12.402
2.87807    13.4625
3.06161    1.26373
3.97369    2.39375
3.07159    3.79799
3.22002    5.1851
3.58831    6.1984
3.14662    7.08068
3.80396    8.15423
2.75244    9.34808
2.70976    10.4431
1.35102    10.7322
4.49233    11.6878
4.18125    13.6524
4.10823    0.691581
4.75225    1.73513
4.07529    3.51736
4.28697    4.60212
4.50751    5.62314
4.43335    7.1103
4.83769    8.14492
3.91963    9.14777
4.4259    10.264
3.49315    11.476
4.97595    12.644
5.11937    0.201353
6.07446    1.61948
5.3092    2.60892
5.25274    3.85897
5.61396    4.81941
5.4523    6.09665
5.57936    7.27934
5.70385    8.72895
5.82426    9.79499
5.58461    10.8183
6.38694    11.5693
6.01841    12.623
6.74934    13.6436
6.17613    0.504731
7.16614    2.02499
7.27516    3.70906
6.21333    3.74879
6.71989    4.81211
6.72926    5.982
6.69766    7.70286
6.69508    8.76852
6.82807    10.0251
7.42769    11.6782
8.78579    12.849
7.45494    12.7684
7.19668    0.644597
8.0962    1.30167
7.81872    2.81375
8.24748    4.43309
7.88516    5.46359
7.63186    6.57679
7.71796    7.95282
7.95882    9.0676
7.88702    10.4622
8.39805    11.3509
9.8251    12.4791
8.09091    13.8938
9.00839    0.797877
9.35351    1.8318
8.75565    3.35385
9.09993    4.99216
8.63402    6.19782
8.77602    7.18081
8.73809    8.25106
9.06656    9.29971
9.09996    10.4714
9.59909    11.4411
11.3591    12.834
10.6948    13.6434
9.40578    13.7529
10.4376    2.07272
11.0061    3.3261
9.88874    2.90739
11.1474    6.36595
9.61659    6.45148
9.73483    8.04042
10.46    8.98473
9.95952    10.0119
10.984    11.7938
12.1729    12.3068
11.9745    13.9593
10.0745    1.02643
11.5683    2.34359
11.8655    4.02485
10.0816    3.89824
10.1614    5.30256
12.2205    5.92765
10.4642    7.24128
11.4747    9.10744
11.0132    10.4422
11.7927    11.1368
