0.583333    0.583333
0.583333    1.75
0.438401    2.79307
0.450944    4.06859
0.583333    5.25
0.583333    6.41667
0.583333    7.58333
0.377333    8.74121
0.566304    9.80964
0.583333    11.0833
0.583333    12.25
0.583333    13.4167
1.75    0.583333
1.75    1.75
1.75    2.91667
1.61065    4.08306
1.75    5.25
1.75    6.41667
1.70019    7.44938
1.62201    8.68619
1.75    9.91667
1.74689    11.0433
1.70459    12.1638
1.75    13.4167
2.88673    0.438858
2.91667    1.75
2.91667    2.91667
2.68412    4.07894
2.91667    5.25
2.91667    6.41667
2.73695    7.43245
2.81733    8.56726
2.91667    9.91667
2.87758    10.9841
2.90504    12.112
2.79545    13.1184
4.08333    0.583333
3.96715    1.63464
4.08333    2.91667
3.81461    3.90855
4.08333    5.25
4.08333    6.41667
4.08333    7.58333
3.82725    8.73993
4.02153    9.80012
4.08333    11.0833
4.08333    12.25
4.08333    13.4167
5.25    0.583333
5.25    1.75
5.25    2.91667
5.25    4.08333
5.19598    5.22336
5.25    6.41667
5.15945    7.56291
5.25    8.75
5.25    9.91667
5.13409    11.0711
5.25    12.25
5.25    13.4167
6.41667    0.583333
6.41667    1.75
6.41667    2.91667
6.41667    4.08333
6.41667    5.25
6.41667    6.41667
6.41667    7.58333
6.41667    8.75
6.41667    9.91667
6.41667    11.0833
6.41667    12.25
6.41667    13.4167
7.58333    0.583333
7.58333    1.75
7.58333    2.91667
7.58333    4.08333
7.58333    5.25
7.58333    6.41667
7.58333    7.58333
7.58333    8.75
7.58333    9.91667
7.58333    11.0833
7.58333    12.25
7.58333    13.4167
8.75    0.583333
8.75    1.75
8.75    2.91667
8.75    4.08333
8.75    5.25
8.73764    6.31019
8.75    7.58333
8.75    8.75
8.75    9.91667
8.75    11.0833
8.75    12.25
8.75    13.4167
9.80744    0.515857
9.91667    1.75
9.91667    2.91667
9.91667    4.08333
9.91667    5.25
9.87401    6.3806
9.91667    7.58333
9.91667    8.75
9.91667    9.91667
9.91667    11.0833
9.91667    12.25
9.90751    13.3636
11.0833    0.583333
11.0833    1.75
11.008    2.88206
11.0722    4.02657
10.9597    5.13061
11.0833    6.41667
11.0833    7.58333
11.0833    8.75
11.0833    9.91667
11.0833    11.0833
11.0833    12.25
11.0429    13.374
12.25    0.583333
12.25    1.75
12.25    2.91667
12.25    4.08333
12.0105    5.21594
12.2102    6.33903
12.0945    7.45479
12.1347    8.57449
12.179    9.67835
12.2037    11.0512
12.211    12.2193
12.25    13.4167
13.396    0.473649
13.4167    1.75
13.3224    2.84681
13.3451    3.89399
13.4167    5.25
13.4167    6.41667
13.3018    7.54991
13.2215    8.69644
13.4167    9.91667
13.3887    10.8827
13.4167    12.25
13.4167    13.4167
