6.20438    6.53134
13.6916    3.76557
6.13104    5.45822
9.51959    10.2465
7.35582    7.11503
8.36378    3.62718
7.50616    13.7436
6.53284    11.9943
8.16552    8.91474
10.3131    9.50214
10.1382    8.3021
4.77387    5.82818
12.3829    9.94104
12.6969    8.55441
9.2378    7.57254
2.18512    7.64782
7.44275    11.1033
5.96382    8.43307
9.76042    1.968
4.71883    9.13186
9.63662    3.41029
11.6089    8.78013
8.77738    0.280125
1.91929    10.4204
0.720637    10.9683
1.5784    11.6946
7.99021    7.94442
5.68329    10.9124
0.555932    13.8765
4.55048    11.5177
8.56574    10.8333
9.90868    12.2822
8.88521    2.61141
11.6782    7.62201
13.778    10.4951
12.0267    6.40345
13.8895    7.92605
11.4572    11.0524
9.96989    11.1493
12.3046    12.5853
11.1271    0.197609
6.90418    1.75889
1.55212    6.39504
2.50041    9.41229
10.6245    2.79488
8.35404    6.89968
11.4075    4.83224
10.5202    4.27641
12.8356    7.50366
0.686448    7.13022
0.0229911    12.593
12.7969    10.8913
9.21253    8.87221
8.93186    11.8103
1.86191    13.8138
4.79833    10.1812
6.74333    10.2541
8.72915    1.56972
13.2367    2.39767
1.13589    3.66624
3.5944    12.1571
2.79978    13.3517
5.72547    9.49925
0.971039    12.5985
5.38613    3.82202
1.05446    0.795954
10.7596    13.1432
7.68937    12.1515
13.6205    6.91421
10.92    12.119
13.4102    4.94785
0.894742    9.99565
13.5521    5.89592
2.89864    0.54519
5.94645    2.33009
5.00655    2.88779
7.8827    2.65154
12.1176    0.462088
11.3859    2.09515
12.9957    13.5243
8.5936    12.995
10.557    1.23938
0.999511    2.11196
9.63242    13.2574
2.47855    12.3206
4.15226    4.23737
1.40825    4.99448
5.01726    0.411615
6.86574    8.93972
6.78189    12.9862
2.31039    1.52968
3.86479    0.38303
11.7627    13.4312
2.09396    4.2878
13.6763    0.358939
0.399971    4.97476
2.42692    5.26775
12.3934    1.53806
4.38765    7.96248
11.4834    3.58266
9.72576    6.58448
7.35061    3.91277
6.49623    13.9778
7.50326    0.965015
0.10919    1.33689
10.0288    0.311917
3.39542    7.39411
0.536705    6.09985
3.65559    5.59585
3.70849    10.1801
12.578    3.11435
5.03023    1.74514
9.16607    4.38458
4.02691    6.52677
6.84084    3.01289
7.08343    5.07785
3.10569    2.16966
6.3563    4.24112
13.4166    11.7151
3.53574    3.09604
8.62876    9.7895
4.08736    2.26505
3.90617    13.3126
2.92433    6.43932
5.19423    4.98585
5.04329    12.4767
10.5695    7.26098
9.24086    5.66061
7.61364    6.03938
5.37796    7.22088
1.82541    2.89077
10.2418    5.59385
0.291599    2.85791
3.09449    4.36593
3.13314    8.34832
2.83393    11.0273
0.297898    8.86567
1.26132    8.98571
6.0584    1.22975
5.5989    13.3079
12.3157    4.29569
13.394    9.35679
8.18117    4.92972
11.1783    10.0599
