10.6604    9.75253
10.74    11.3749
10.295    12.614
10.8806    0.288285
10.1739    1.84578
11.1083    2.85746
10.4481    3.68017
11.5703    4.65295
11.7277    6.09107
10.5023    6.93213
11.163    7.95544
9.4548    9.3136
11.9454    11.4018
11.633    12.4094
11.1146    13.2806
12.0302    0.179433
11.5559    1.69356
13.2416    2.46877
12.2224    2.75574
12.4411    5.18456
12.6942    6.50954
11.5663    7.05544
12.0523    9.13798
12.1289    10.3351
12.9812    10.9078
12.8478    11.9893
12.4057    13.1842
13.1302    13.9227
12.8216    0.958724
0.316287    3.10208
12.3711    3.80662
13.4801    5.34863
13.8288    6.31958
12.5284    7.59313
13.1304    8.50546
13.2782    9.89974
0.462416    10.7759
13.9751    11.6447
0.660237    12.8263
13.4667    12.7047
0.0225676    0.937185
0.208357    2.03601
13.7829    4.19227
0.763794    5.55491
1.15242    6.54109
0.218115    7.35431
0.181973    8.4245
0.410977    9.69774
1.65529    10.8263
1.05641    11.8312
1.92129    13.5171
0.97808    0.18221
1.70669    1.81526
1.55007    2.77542
1.52397    4.03628
1.80749    5.26357
2.10125    6.82942
2.19665    7.93679
1.16744    8.22057
1.61349    9.85457
2.6203    11.262
2.09217    12.2629
3.11268    13.8477
1.8367    0.714132
2.78533    1.43831
2.58772    2.47341
2.49982    3.84298
2.80677    4.93025
2.93046    6.17657
3.15947    7.33341
2.83374    8.87623
2.69007    10.0931
3.71746    10.6973
3.87532    11.8718
3.06652    12.4316
3.72032    0.881847
4.34512    1.76744
3.57427    2.49661
3.64638    4.3623
3.88684    5.46097
4.38584    6.29261
4.21246    7.40175
3.89952    8.40876
3.80666    9.48798
4.82437    11.243
5.03458    12.2836
5.39667    13.1716
4.19401    13.406
4.8489    0.504036
5.6738    2.41655
4.34581    3.28969
4.77904    4.69578
5.29985    5.60487
5.35325    7.83094
5.12844    8.89794
4.81522    9.96392
5.71123    10.6022
6.19112    11.7739
6.5751    12.8658
6.00341    0.161122
5.74249    1.25533
6.75566    2.44059
6.12355    3.51436
5.93541    4.80117
6.3744    6.07535
5.51089    6.73807
6.23558    8.48457
6.08956    9.57415
7.15316    11.031
7.25964    12.1154
7.35878    13.6757
6.70042    0.86864
7.72792    2.02315
8.00546    3.14115
7.30733    3.99327
7.00909    5.09187
7.41939    6.433
6.60054    7.01308
7.23648    8.55822
7.51384    9.88792
8.7861    10.3318
8.24405    11.236
8.2667    12.4161
8.3281    13.9543
7.95626    0.997078
8.80644    2.4167
8.57435    4.12605
9.18414    5.07665
8.14835    5.29999
8.40016    6.76189
7.63838    7.44329
8.42715    9.31559
9.76404    10.7093
9.37356    11.7681
9.22785    12.7473
9.59807    13.8574
9.48014    0.949927
9.75931    2.86555
10.2928    4.92974
10.7231    5.9337
9.33301    6.07123
9.51484    7.57318
10.1485    8.36929
8.5597    8.19003
