0.112219    0.205758
0.174507    1.15544
0.25886    2.37014
13.9684    3.5361
13.3867    4.3255
13.6702    5.33039
13.8948    6.42811
13.3996    7.82251
13.7612    9.40478
13.898    10.8631
13.9586    11.9154
13.6642    13.0076
1.14872    13.9853
1.25911    1.0369
1.19383    2.01961
1.0319    3.79768
0.782868    4.95119
0.944372    5.85403
1.14131    6.81872
0.552332    7.66678
0.553766    8.69767
1.13072    10.4599
1.19902    11.6794
0.86652    12.8818
2.19359    13.9444
2.61695    1.18297
2.18896    2.25292
2.04439    3.61545
2.15999    4.80788
2.09288    5.87686
2.20385    6.98712
1.55905    7.94895
2.28118    8.83403
2.02187    9.93117
2.02928    11.0447
2.16436    12.6047
3.28194    13.8713
3.90785    0.76474
3.59012    2.06136
3.17049    3.01857
3.03465    4.07797
3.13097    5.86206
3.56537    7.03223
3.05058    8.08299
3.43622    9.15673
3.41653    10.3977
3.49832    11.6061
3.217    12.6823
4.86315    13.8838
4.92391    1.55206
4.58131    2.54019
4.20834    3.62696
3.97887    4.63398
4.17938    6.0105
4.58723    7.1923
4.25211    8.13365
4.58659    9.2557
4.60716    10.6843
4.92446    11.7353
4.22751    12.6024
6.24378    13.9684
5.47874    0.697905
5.77639    2.40237
5.57463    3.38168
5.19208    4.33579
5.54647    5.4637
5.40846    6.56712
5.63183    7.92499
5.92483    9.16115
5.80065    10.1381
5.95926    11.5657
5.56325    13.0149
7.44279    0.0184354
6.79241    0.988411
6.87866    2.03176
6.51289    3.65857
6.80663    4.73836
7.33775    5.81018
6.43043    6.91189
6.60875    8.33538
7.10956    9.26376
6.93243    10.371
6.97693    11.9831
6.92209    12.9679
8.42446    0.069676
8.0536    1.19008
8.08967    2.69764
7.61316    3.6063
7.96241    4.93392
8.55224    5.78814
8.06178    6.95068
7.73563    7.92286
8.19902    8.98866
7.89176    10.6768
8.01917    11.6703
8.04368    12.9406
9.46381    0.0110499
9.64579    1.29292
9.00322    2.11742
9.14348    3.12355
8.92753    4.22076
9.30203    5.21751
9.04268    6.76076
8.75916    7.77921
9.39834    9.05281
8.65021    9.89735
9.0667    11.4591
9.08272    12.4633
10.5537    0.209939
10.7528    1.31475
10.2369    2.40783
10.6948    3.50778
10.3638    4.55494
10.5845    5.69506
10.0542    6.96701
10.3032    8.19697
10.4681    9.2344
10.184    10.2851
10.3418    11.29
10.1132    13.1793
11.6371    0.0979971
11.8649    1.34557
11.6115    2.45517
11.7461    3.55332
11.5695    4.6277
11.7868    5.58467
11.234    7.0546
11.3616    8.37645
11.9524    9.51325
11.3992    10.5456
11.567    11.9683
11.5357    12.944
12.5755    13.5629
12.9973    1.06678
12.7776    2.06414
12.9038    3.40811
12.6105    4.87871
12.8725    5.92868
12.7934    6.90725
12.391    7.88837
12.8139    8.8997
12.8545    10.0654
12.5718    11.5333
12.5983    12.5331
