11.0289    11.0304
11.2792    12.2831
11.535    13.9333
11.6907    1.02408
11.2569    1.99729
11.3368    3.5146
11.574    4.83793
11.2111    5.81128
11.4885    6.77231
10.9345    7.63881
11.3047    8.95521
11.2045    10.0047
11.9764    10.6478
12.2532    12.2254
12.5047    13.6553
12.7332    0.936814
12.6122    1.9264
12.1083    2.80666
12.4792    4.10857
12.3486    5.51922
12.7587    6.712
12.2023    7.74595
12.4153    8.83617
12.769    9.79033
13.1689    11.0297
13.3102    12.3967
13.4963    13.5912
13.7711    0.624759
13.6034    2.03147
13.5555    3.39267
13.6663    4.65088
13.9139    5.65495
13.8786    6.83586
0.122115    8.20046
13.6223    9.15446
0.00703225    10.325
1.28341    11.7769
0.51065    12.6176
0.666646    13.8913
0.89442    0.860954
0.985152    1.96381
0.685591    3.01098
0.834207    4.12361
0.864293    5.15009
1.06643    6.30307
0.844065    7.33109
0.707324    9.25634
1.10474    10.5033
2.38146    11.3501
2.1358    12.5362
1.5859    13.401
2.24425    0.553895
2.05555    1.5747
1.97105    3.30532
2.16944    4.29292
2.00685    5.57961
2.07477    6.88528
2.02754    8.15037
1.89108    9.30891
2.12096    10.3804
3.43049    11.3887
3.2722    12.6096
2.65944    13.4724
3.17359    1.01119
3.37271    2.05772
3.00145    3.12468
3.41969    4.26002
2.87513    5.11314
2.91413    6.26081
3.12215    7.38336
3.00911    8.66749
3.02905    9.94027
4.37291    10.9932
4.55592    12.308
3.92126    13.4013
4.21184    0.725348
4.69686    2.12996
4.65854    3.25825
4.45146    4.57724
3.93169    5.55501
4.15409    6.56428
4.43462    7.6016
4.08028    8.73977
4.14964    9.90815
5.87071    11.1894
5.58705    12.2962
4.97002    13.4841
5.92951    1.13545
5.91709    2.40878
5.92635    3.30577
5.55439    4.33537
5.08452    5.53471
5.32576    6.55268
5.44553    7.58137
5.2227    8.96213
5.1732    10.3207
6.85039    11.6589
6.66647    12.6588
7.00687    13.9144
6.98764    0.889574
6.73782    1.89927
6.93899    3.06637
6.78123    4.20165
6.62623    5.31029
6.59161    6.38696
6.57073    7.43972
6.30345    8.73639
6.40085    10.0269
8.02803    11.9449
8.09523    12.9326
8.01157    0.0831057
8.22267    1.08203
7.96617    2.22763
8.22982    3.50385
8.04094    4.55975
7.72093    5.543
7.57296    6.82927
7.79276    7.85906
7.56181    8.90953
7.63253    9.97658
8.71256    11.1349
9.01104    12.4158
9.34272    13.6565
9.34409    1.05557
9.02319    2.17197
9.30093    3.42839
9.31145    4.42734
8.72077    5.35765
8.53691    6.38105
8.76743    7.83995
9.11192    9.03365
8.88472    10.0659
9.88354    11.447
10.1304    12.5529
10.4232    13.5568
10.3181    0.76754
9.99684    1.94198
10.303    2.94526
10.3602    4.27843
9.79823    5.48424
10.2023    6.58762
9.90429    7.71552
10.1696    8.95226
10.1684    10.2506
