0.10241    0.0508161
13.9547    1.07777
0.03935    2.3824
0.0257607    3.61724
0.123294    4.82071
0.0639623    6.00477
0.0162722    7.03215
0.0736052    8.15767
0.0344485    9.39821
0.141169    10.6965
0.116661    11.784
0.100124    12.9317
1.21235    0.0939898
1.3531    1.41619
1.32433    2.52861
1.29482    3.60467
1.31038    4.8088
1.25104    5.88542
1.29029    7.09132
1.27895    8.25477
1.32241    9.38766
1.26399    10.6627
1.33486    11.807
1.32017    12.9823
2.48539    0.163725
2.46535    1.28164
2.37377    2.41578
2.3534    3.53275
2.44026    4.80381
2.40696    5.93151
2.41046    7.06919
2.43124    8.23328
2.36349    9.43929
2.41802    10.5786
2.37239    11.6483
2.36541    12.8831
3.65005    0.10717
3.58771    1.22191
3.65237    2.39865
3.67893    3.63493
3.57891    4.77531
3.57318    5.91403
3.5155    6.9313
3.56258    8.27741
3.5816    9.38916
3.55954    10.6546
3.60007    11.7817
3.54861    12.9038
4.74467    0.114284
4.83778    1.33293
4.76242    2.44285
4.77423    3.62479
4.72578    4.74737
4.62298    5.84326
4.78267    7.11733
4.74013    8.24619
4.67886    9.42479
4.68424    10.5726
4.64858    11.6503
4.72617    12.8951
5.94584    0.164963
5.92764    1.27359
5.96392    2.40074
5.91172    3.56816
5.96295    4.72901
5.97317    5.92845
5.94565    7.01655
5.81493    8.19491
5.94537    9.48041
5.94098    10.6305
5.86182    11.6852
5.89327    12.9463
7.12108    0.151617
7.18492    1.37285
7.06751    2.41158
7.09078    3.58948
6.9944    4.64636
7.17305    5.95882
7.1039    7.10099
7.14994    8.3319
7.05674    9.43724
7.07731    10.5574
7.02813    11.7566
7.0436    12.8983
8.24826    0.0462536
8.30807    1.30221
8.2023    2.36165
8.24187    3.5282
8.24554    4.734
8.2536    5.89231
8.20914    7.08087
8.30334    8.32482
8.24365    9.38254
8.20603    10.6109
8.20361    11.794
8.27649    12.9695
9.50035    0.10323
9.54814    1.35733
9.41915    2.42806
9.40879    3.54851
9.45177    4.74057
9.45634    5.90596
9.35942    7.04148
9.49752    8.31966
9.35929    9.32838
9.40498    10.587
9.36801    11.6706
9.38809    12.9241
10.6632    0.158629
10.6129    1.32346
10.6273    2.51041
10.6609    3.64893
10.5738    4.7671
10.611    5.94897
10.5497    7.00515
10.5821    8.2936
10.5714    9.43369
10.5347    10.5744
10.6659    11.7759
10.6319    12.9814
11.7585    0.0792917
11.8353    1.33064
11.7962    2.42202
11.7707    3.60894
11.6354    4.68117
11.721    5.82887
11.7892    7.09859
11.7665    8.23561
11.7283    9.30379
11.8264    10.6637
11.7191    11.702
11.7015    12.8767
12.88    13.9924
13.0055    1.3153
12.8357    2.34136
12.9489    3.59893
12.9032    4.78392
12.9923    5.99613
12.8931    7.01704
12.8472    8.23753
12.8389    9.38363
12.9509    10.6091
12.9391    11.7609
12.9128    12.9
