0    0.0175    0
1    0.0525    0
2    0.0875    0
3    0.1225    0
4    0.1575    0
5    0.1925    0
6    0.2275    0
7    0.2625    0
8    0.2975    0
9    0.3325    0
10    0.3675    0
11    0.4025    0
12    0.4375    0
13    0.4725    0
14    0.5075    0
15    0.5425    0
16    0.5775    0
17    0.6125    0
18    0.6475    0
19    0.6825    0
20    0.7175    0
21    0.7525    0
22    0.7875    0
23    0.8225    0
24    0.8575    1.51425e-005
25    0.8925    0.00339081
26    0.9275    0.107754
27    0.9625    0.682601
28    0.9975    1.80304
29    1.0325    2.77823
30    1.0675    3.1
31    1.1025    2.85405
32    1.1375    2.40277
33    1.1725    2.02549
34    1.2075    1.71387
35    1.2425    1.49393
36    1.2775    1.31212
37    1.3125    1.17597
38    1.3475    1.05656
39    1.3825    0.971083
40    1.4175    0.894457
41    1.4525    0.828993
42    1.4875    0.781309
43    1.5225    0.745851
44    1.5575    0.722337
45    1.5925    0.69813
46    1.6275    0.690185
47    1.6625    0.680191
48    1.6975    0.678987
49    1.7325    0.686967
50    1.7675    0.696994
51    1.8025    0.715799
52    1.8375    0.753984
53    1.8725    0.79436
54    1.9075    0.85187
55    1.9425    0.926083
56    1.9775    1.01939
57    2.0125    1.11784
58    2.0475    1.22573
59    2.0825    1.3001
60    2.1175    1.35205
61    2.1525    1.35511
62    2.1875    1.34289
63    2.2225    1.31485
64    2.2575    1.27233
65    2.2925    1.23166
66    2.3275    1.18972
67    2.3625    1.13593
68    2.3975    1.09975
69    2.4325    1.06369
70    2.4675    1.02876
71    2.5025    0.993164
72    2.5375    0.977315
73    2.5725    0.95529
74    2.6075    0.932081
75    2.6425    0.920208
76    2.6775    0.913098
77    2.7125    0.904803
78    2.7475    0.904337
79    2.7825    0.90694
80    2.8175    0.911491
81    2.8525    0.927131
82    2.8875    0.94685
83    2.9225    0.965236
84    2.9575    0.993676
85    2.9925    1.01567
86    3.0275    1.04138
87    3.0625    1.06905
88    3.0975    1.09046
89    3.1325    1.10797
90    3.1675    1.11654
91    3.2025    1.12943
92    3.2375    1.12399
93    3.2725    1.11749
94    3.3075    1.11541
95    3.3425    1.10239
96    3.3775    1.09306
97    3.4125    1.08518
98    3.4475    1.06732
99    3.4825    1.05318
100    3.5175    1.03938
101    3.5525    1.02616
102    3.5875    1.01501
103    3.6225    1.00706
104    3.6575    1.00142
105    3.6925    0.99491
106    3.7275    0.98917
107    3.7625    0.981053
108    3.7975    0.983232
109    3.8325    0.986471
110    3.8675    0.991217
111    3.9025    0.999431
112    3.9375    1.00883
113    3.9725    1.01442
114    4.0075    1.0212
115    4.0425    1.02636
116    4.0775    1.03945
117    4.1125    1.04671
118    4.1475    1.0558
119    4.1825    1.05928
120    4.2175    1.06499
121    4.2525    1.06637
122    4.2875    1.06512
123    4.3225    1.06296
124    4.3575    1.06504
125    4.3925    1.06192
126    4.4275    1.05677
127    4.4625    1.05232
128    4.4975    1.04785
129    4.5325    1.04071
130    4.5675    1.03788
131    4.6025    1.03191
132    4.6375    1.03317
133    4.6725    1.02591
134    4.7075    1.0214
135    4.7425    1.02362
136    4.7775    1.01479
137    4.8125    1.01682
138    4.8475    1.0134
139    4.8825    1.0175
140    4.9175    1.02213
141    4.9525    1.02521
142    4.9875    1.02712
143    5.0225    1.03048
144    5.0575    1.03643
145    5.0925    1.03436
146    5.1275    1.03821
147    5.1625    1.04328
148    5.1975    1.04349
149    5.2325    1.04797
150    5.2675    1.04392
151    5.3025    1.04341
152    5.3375    1.0428
153    5.3725    1.03781
154    5.4075    1.04114
155    5.4425    1.03799
156    5.4775    1.03633
157    5.5125    1.03805
158    5.5475    1.03765
159    5.5825    1.03874
160    5.6175    1.03718
161    5.6525    1.03625
162    5.6875    1.03624
163    5.7225    1.03401
164    5.7575    1.03171
165    5.7925    1.02747
166    5.8275    1.03231
167    5.8625    1.0299
168    5.8975    1.02794
169    5.9325    1.03192
170    5.9675    1.03045
171    6.0025    1.03309
172    6.0375    1.03588
173    6.0725    1.03321
174    6.1075    1.03467
175    6.1425    1.03574
176    6.1775    1.03991
177    6.2125    1.0439
178    6.2475    1.04282
179    6.2825    1.04022
180    6.3175    1.04074
181    6.3525    1.03549
182    6.3875    1.03994
183    6.4225    1.03582
184    6.4575    1.03588
185    6.4925    1.03472
186    6.5275    1.03553
187    6.5625    1.03743
188    6.5975    1.03935
189    6.6325    1.0361
190    6.6675    1.03682
191    6.7025    1.03306
192    6.7375    1.03175
193    6.7725    1.03147
194    6.8075    1.03057
195    6.8425    1.02871
196    6.8775    1.02728
197    6.9125    1.02874
198    6.9475    1.02967
199    6.9825    1.03024
