0    0.0175    0
1    0.0525    0
2    0.0875    0
3    0.1225    0
4    0.1575    0
5    0.1925    0
6    0.2275    0
7    0.2625    0
8    0.2975    0
9    0.3325    0
10    0.3675    0
11    0.4025    0
12    0.4375    0
13    0.4725    0
14    0.5075    0
15    0.5425    0
16    0.5775    0
17    0.6125    0
18    0.6475    0
19    0.6825    0
20    0.7175    0
21    0.7525    0
22    0.7875    0
23    0.8225    0
24    0.8575    0
25    0.8925    0.000290973
26    0.9275    0.0562786
27    0.9625    0.510213
28    0.9975    1.46956
29    1.0325    2.32412
30    1.0675    2.83842
31    1.1025    2.74729
32    1.1375    2.448
33    1.1725    2.24167
34    1.2075    1.78929
35    1.2425    1.52841
36    1.2775    1.40157
37    1.3125    1.19324
38    1.3475    1.0274
39    1.3825    0.984049
40    1.4175    0.922744
41    1.4525    0.908793
42    1.4875    0.974759
43    1.5225    0.929438
44    1.5575    1.0734
45    1.5925    1.13276
46    1.6275    1.16494
47    1.6625    1.30667
48    1.6975    1.01679
49    1.7325    0.969372
50    1.7675    0.835133
51    1.8025    0.789237
52    1.8375    0.63801
53    1.8725    0.5272
54    1.9075    0.484216
55    1.9425    0.435786
56    1.9775    0.407674
57    2.0125    0.488417
58    2.0475    0.565216
59    2.0825    0.65498
60    2.1175    0.814135
61    2.1525    0.892227
62    2.1875    0.993226
63    2.2225    1.112
64    2.2575    1.14798
65    2.2925    1.25548
66    2.3275    1.40184
67    2.3625    1.41094
68    2.3975    1.4736
69    2.4325    1.47421
70    2.4675    1.5134
71    2.5025    1.54118
72    2.5375    1.60039
73    2.5725    1.5939
74    2.6075    1.74869
75    2.6425    1.49978
76    2.6775    1.35936
77    2.7125    1.24152
78    2.7475    1.04331
79    2.7825    0.980379
80    2.8175    0.774979
81    2.8525    0.681773
82    2.8875    0.573199
83    2.9225    0.541246
84    2.9575    0.505923
85    2.9925    0.469806
86    3.0275    0.493539
87    3.0625    0.501325
88    3.0975    0.53241
89    3.1325    0.60754
90    3.1675    0.693117
91    3.2025    0.794717
92    3.2375    0.903506
93    3.2725    0.997746
94    3.3075    1.16181
95    3.3425    1.24536
96    3.3775    1.26572
97    3.4125    1.33519
98    3.4475    1.33692
99    3.4825    1.4301
100    3.5175    1.3979
101    3.5525    1.39897
102    3.5875    1.3867
103    3.6225    1.38563
104    3.6575    1.36562
105    3.6925    1.4137
106    3.7275    1.30243
107    3.7625    1.1903
108    3.7975    1.08865
109    3.8325    0.983074
110    3.8675    0.883125
111    3.9025    0.841112
112    3.9375    0.806968
113    3.9725    0.76728
114    4.0075    0.793607
115    4.0425    0.793524
116    4.0775    0.842398
117    4.1125    0.915215
118    4.1475    0.987618
119    4.1825    1.05752
120    4.2175    1.12052
121    4.2525    1.03541
122    4.2875    0.965767
123    4.3225    0.933715
124    4.3575    0.905118
125    4.3925    0.837956
126    4.4275    0.81878
127    4.4625    0.798527
128    4.4975    0.795084
129    4.5325    0.846183
130    4.5675    0.888956
131    4.6025    0.972136
132    4.6375    1.04878
133    4.6725    1.16277
134    4.7075    1.14993
135    4.7425    1.23125
136    4.7775    1.3127
137    4.8125    1.39613
138    4.8475    1.38326
139    4.8825    1.3868
140    4.9175    1.33609
141    4.9525    1.32864
142    4.9875    1.24778
143    5.0225    1.2155
144    5.0575    1.17117
145    5.0925    1.11749
146    5.1275    1.08986
147    5.1625    1.10311
148    5.1975    1.06311
149    5.2325    1.0959
150    5.2675    0.946531
151    5.3025    0.839769
152    5.3375    0.72959
153    5.3725    0.677789
154    5.4075    0.617421
155    5.4425    0.590054
156    5.4775    0.578097
157    5.5125    0.590381
158    5.5475    0.638619
159    5.5825    0.674249
160    5.6175    0.779596
161    5.6525    0.866227
162    5.6875    0.988638
163    5.7225    1.10421
164    5.7575    1.24266
165    5.7925    1.38242
166    5.8275    1.53212
167    5.8625    1.50271
168    5.8975    1.50403
169    5.9325    1.51908
170    5.9675    1.41678
171    6.0025    1.30619
172    6.0375    1.24476
173    6.0725    1.15728
174    6.1075    1.08779
175    6.1425    1.03208
176    6.1775    1.05213
177    6.2125    1.03022
178    6.2475    0.993894
179    6.2825    1.036
180    6.3175    0.944488
181    6.3525    0.920615
182    6.3875    0.870727
183    6.4225    0.80111
184    6.4575    0.797144
185    6.4925    0.79066
186    6.5275    0.774445
187    6.5625    0.797804
188    6.5975    0.868085
189    6.6325    0.857226
190    6.6675    0.90066
191    6.7025    0.935942
192    6.7375    0.956365
193    6.7725    1.00582
194    6.8075    1.08949
195    6.8425    1.05593
196    6.8775    1.06483
197    6.9125    1.08923
198    6.9475    1.10812
199    6.9825    1.17136
