0    0
14    0
28    0.000117877
42    0.000672823
56    0.000672823
70    0.0010593
84    0.0010593
98    0.00127477
112    0.00127477
126    0.001512
140    0.001512
154    0.00175052
168    0.00325452
182    0.00404237
196    0.00416623
210    0.00447667
224    0.00610379
238    0.00610379
252    0.00631803
266    0.0065205
280    0.00676662
294    0.00699518
308    0.00733063
322    0.00761687
336    0.00815339
350    0.00877245
364    0.00953168
378    0.00988458
392    0.00988458
406    0.0101789
420    0.0105656
434    0.0110005
448    0.0112247
462    0.0113628
476    0.0117724
490    0.0122718
504    0.0124662
518    0.013127
532    0.0134279
546    0.0150041
560    0.0163974
574    0.0164326
588    0.0164326
602    0.016434
616    0.0175093
630    0.0175093
644    0.0177729
658    0.0181996
672    0.0183663
686    0.0183663
700    0.0190247
714    0.0206351
728    0.0207281
742    0.0208053
756    0.0221439
770    0.0221439
784    0.0222366
798    0.0233604
812    0.0266536
826    0.02699
840    0.0272647
854    0.0278733
868    0.0283178
882    0.0290825
896    0.0290825
910    0.0297827
924    0.0310933
938    0.0314342
952    0.0320056
966    0.0329578
980    0.0340018
994    0.0340018
1008    0.0343894
1022    0.0350974
1036    0.0351994
1050    0.0357442
1064    0.0374843
1078    0.0394166
1092    0.0401005
1106    0.043479
1120    0.0455997
1134    0.0463443
1148    0.0479744
1162    0.0497824
1176    0.0497824
1190    0.0522508
1204    0.0528899
1218    0.0547822
1232    0.0559759
1246    0.0589266
1260    0.059225
1274    0.0609288
1288    0.0616174
1302    0.062292
1316    0.0625765
1330    0.0659232
1344    0.0674902
1358    0.0677641
1372    0.069216
1386    0.0725965
1400    0.0742011
1414    0.0751735
1428    0.0776229
1442    0.0807525
1456    0.0823306
1470    0.0828731
1484    0.0828731
1498    0.0852057
1512    0.0879137
1526    0.0898455
1540    0.0926534
1554    0.0940335
1568    0.0948046
1582    0.0971604
1596    0.101962
1610    0.103543
1624    0.106102
1638    0.10651
1652    0.107065
1666    0.108054
1680    0.11016
1694    0.112328
1708    0.11238
1722    0.112754
1736    0.116553
1750    0.117395
1764    0.121495
1778    0.121761
1792    0.122462
1806    0.122462
1820    0.12273
1834    0.126751
1848    0.126751
1862    0.13048
1876    0.131461
1890    0.138271
1904    0.141646
1918    0.144296
1932    0.145136
1946    0.149591
1960    0.149591
1974    0.150737
1988    0.151229
2002    0.151348
2016    0.151631
2030    0.156324
2044    0.156324
2058    0.160581
2072    0.161308
2086    0.163609
2100    0.16699
2114    0.16699
2128    0.16722
2142    0.169527
2156    0.169527
2170    0.171221
2184    0.171221
2198    0.172319
2212    0.175831
2226    0.178134
2240    0.178984
2254    0.185819
2268    0.186579
2282    0.191842
2296    0.191966
2310    0.193697
2324    0.193697
2338    0.195031
2352    0.19954
2366    0.20929
2380    0.21067
2394    0.212215
2408    0.215028
2422    0.216869
2436    0.218251
2450    0.220476
2464    0.221117
2478    0.226243
2492    0.233685
2506    0.237192
2520    0.240306
2534    0.248018
2548    0.248018
2562    0.249017
2576    0.253512
2590    0.25574
2604    0.25574
2618    0.259235
2632    0.25948
2646    0.259679
2660    0.268465
2674    0.270953
2688    0.275676
2702    0.276935
2716    0.277959
2730    0.278436
2744    0.284909
2758    0.285188
2772    0.285188
2786    0.285803
2800    0.289448
2814    0.298763
2828    0.300768
2842    0.302738
2856    0.304467
2870    0.306271
2884    0.307963
2898    0.312487
2912    0.313746
2926    0.318055
2940    0.318401
2954    0.322394
2968    0.325376
2982    0.327807
2996    0.328442
3010    0.330052
3024    0.338227
3038    0.340226
3052    0.344914
3066    0.347239
3080    0.356434
3094    0.358548
3108    0.363076
3122    0.368233
3136    0.370441
3150    0.371018
3164    0.37245
3178    0.378418
3192    0.384282
3206    0.386224
3220    0.38869
3234    0.400849
3248    0.403133
3262    0.411029
3276    0.413442
3290    0.417291
3304    0.423647
3318    0.423647
3332    0.425347
3346    0.429019
3360    0.429681
3374    0.436112
3388    0.43686
3402    0.443659
3416    0.444391
3430    0.449694
3444    0.464308
3458    0.473702
3472    0.481921
3486    0.487427
3500    0.494591
3514    0.500573
3528    0.508144
3542    0.513287
3556    0.539092
3570    0.546005
3584    0.547748
3598    0.551241
3612    0.554595
3626    0.558693
3640    0.563126
3654    0.5648
3668    0.572023
3682    0.575241
3696    0.583915
3710    0.588939
3724    0.601723
3738    0.610702
3752    0.621699
3766    0.63111
3780    0.633361
3794    0.636203
3808    0.641615
3822    0.642672
3836    0.645461
3850    0.648112
3864    0.6493
3878    0.651075
3892    0.661074
3906    0.67453
3920    0.676458
3934    0.679554
3948    0.682091
3962    0.697538
3976    0.69775
3990    0.69775
4004    0.705998
4018    0.705998
4032    0.7103
4046    0.711482
4060    0.713479
4074    0.721276
4088    0.725292
4102    0.729954
4116    0.734676
4130    0.734676
4144    0.748757
4158    0.756891
4172    0.758872
4186    0.761316
4200    0.773523
4214    0.778622
4228    0.778622
4242    0.781242
4256    0.786469
4270    0.792006
4284    0.793949
4298    0.793949
4312    0.798222
4326    0.79908
4340    0.81221
4354    0.815108
4368    0.821525
4382    0.822105
4396    0.822777
4410    0.827918
4424    0.828864
4438    0.840722
4452    0.846228
4466    0.857252
4480    0.868313
4494    0.874472
4508    0.895247
4522    0.909389
4536    0.913673
4550    0.921653
4564    0.921653
4578    0.931573
4592    0.938608
4606    0.942721
4620    0.949856
4634    0.95457
4648    0.970362
4662    0.977815
4676    0.981303
4690    0.982512
4704    0.984293
4718    0.988316
4732    1.00057
4746    1.01156
4760    1.01552
4774    1.02526
4788    1.03092
4802    1.04436
4816    1.06285
4830    1.06497
4844    1.0673
4858    1.06774
4872    1.07644
4886    1.0849
4900    1.09001
4914    1.09482
4928    1.09482
4942    1.09881
4956    1.111
4970    1.12072
4984    1.13726
4998    1.14355
5012    1.15688
5026    1.16041
5040    1.16648
5054    1.17567
5068    1.17844
5082    1.17844
5096    1.18102
5110    1.18102
5124    1.187
5138    1.18826
5152    1.19018
5166    1.19755
5180    1.20019
5194    1.20932
5208    1.21946
5222    1.24121
5236    1.25039
5250    1.25133
5264    1.27023
5278    1.27208
5292    1.28077
5306    1.29206
5320    1.29824
5334    1.31187
5348    1.31403
5362    1.31629
5376    1.3252
5390    1.33376
5404    1.34452
5418    1.34506
5432    1.35333
5446    1.36346
5460    1.37423
5474    1.37423
5488    1.39268
5502    1.3982
5516    1.3982
5530    1.3982
5544    1.40851
5558    1.41715
5572    1.42659
5586    1.43744
5600    1.44149
5614    1.44845
5628    1.4547
5642    1.46058
5656    1.48175
5670    1.49566
5684    1.50916
5698    1.51325
5712    1.51787
5726    1.51829
5740    1.52228
5754    1.53053
5768    1.54541
5782    1.55238
5796    1.55877
5810    1.57364
5824    1.5823
5838    1.59402
5852    1.5948
5866    1.59566
5880    1.59799
5894    1.60313
5908    1.60533
5922    1.62378
5936    1.63944
5950    1.64414
5964    1.64809
5978    1.65049
5992    1.65049
6006    1.65168
6020    1.65524
6034    1.66798
6048    1.67964
6062    1.68504
6076    1.68829
6090    1.69835
6104    1.7076
6118    1.71872
6132    1.72588
6146    1.72969
6160    1.74434
6174    1.7595
6188    1.7698
6202    1.78877
6216    1.7895
6230    1.79445
6244    1.80762
6258    1.81205
6272    1.81205
6286    1.82047
6300    1.82047
6314    1.84043
6328    1.84861
6342    1.85391
6356    1.85718
6370    1.86068
6384    1.86068
6398    1.8663
6412    1.87235
6426    1.8831
6440    1.89756
6454    1.89756
6468    1.90539
6482    1.91393
6496    1.91934
6510    1.92579
6524    1.92787
6538    1.94025
6552    1.94025
6566    1.94618
6580    1.96157
6594    1.96157
6608    1.96596
6622    1.97031
6636    1.97326
6650    1.97728
6664    1.98111
6678    1.99367
6692    2.00875
6706    2.02888
6720    2.03137
6734    2.04002
6748    2.06224
6762    2.08001
6776    2.1037
6790    2.12251
6804    2.12251
6818    2.12836
6832    2.12905
6846    2.14108
6860    2.14155
6874    2.15813
6888    2.16899
6902    2.17479
6916    2.17978
6930    2.18757
6944    2.19105
6958    2.20203
6972    2.20203
6986    2.20203
7000    2.21206
7014    2.21871
7028    2.22907
7042    2.23287
7056    2.23287
7070    2.24053
7084    2.24738
7098    2.26275
7112    2.27349
7126    2.27722
7140    2.28434
7154    2.29744
7168    2.29744
7182    2.30641
7196    2.30881
7210    2.33786
7224    2.35811
7238    2.37338
7252    2.38283
7266    2.38792
7280    2.38792
7294    2.3973
7308    2.39832
7322    2.40571
7336    2.42858
7350    2.44973
7364    2.45427
7378    2.45769
7392    2.46038
7406    2.47469
7420    2.49958
7434    2.50575
7448    2.50871
7462    2.52103
7476    2.53864
7490    2.54895
7504    2.54895
7518    2.5632
7532    2.58727
7546    2.58727
7560    2.60905
7574    2.62098
7588    2.62098
7602    2.62345
7616    2.63759
7630    2.64475
7644    2.66038
7658    2.66239
7672    2.67063
7686    2.6764
7700    2.67911
7714    2.68815
7728    2.6897
7742    2.6897
7756    2.70297
7770    2.72182
7784    2.74474
7798    2.75899
7812    2.76832
7826    2.78903
7840    2.79919
7854    2.82149
7868    2.8296
7882    2.84661
7896    2.85629
7910    2.86868
7924    2.88296
7938    2.8853
7952    2.8923
7966    2.91148
7980    2.91148
7994    2.94577
8008    2.94872
8022    2.9597
8036    2.96808
8050    2.98785
8064    3.00346
8078    3.01875
8092    3.02863
8106    3.04869
8120    3.06523
8134    3.08209
8148    3.09199
8162    3.10519
8176    3.11633
8190    3.1298
8204    3.14085
8218    3.16107
8232    3.17189
8246    3.196
8260    3.22188
8274    3.23154
8288    3.23579
8302    3.24723
8316    3.26971
8330    3.26971
8344    3.28429
8358    3.28542
8372    3.28737
8386    3.3072
8400    3.32871
8414    3.35766
8428    3.36939
8442    3.41736
8456    3.42556
8470    3.44021
8484    3.44575
8498    3.46357
8512    3.46943
8526    3.47563
8540    3.49208
8554    3.49758
8568    3.5184
8582    3.52785
8596    3.55412
8610    3.55524
8624    3.562
8638    3.56487
8652    3.56966
8666    3.56966
8680    3.56966
8694    3.59511
8708    3.60248
8722    3.61019
8736    3.64136
8750    3.64554
8764    3.64996
8778    3.66931
8792    3.69138
8806    3.69889
8820    3.70225
8834    3.72213
8848    3.73237
8862    3.73723
8876    3.74603
8890    3.76396
8904    3.78141
8918    3.80611
8932    3.81958
8946    3.83653
8960    3.84798
8974    3.87458
8988    3.88674
9002    3.89106
9016    3.9037
9030    3.92583
9044    3.93185
9058    3.93185
9072    3.93702
9086    3.94233
9100    3.94677
9114    3.96227
9128    3.96675
9142    3.96713
9156    3.96713
9170    3.98234
9184    3.99266
9198    3.99266
9212    3.99575
9226    4.00055
9240    4.00055
9254    4.00651
9268    4.00651
9282    4.01278
9296    4.02553
9310    4.02553
9324    4.02883
9338    4.0299
9352    4.03695
9366    4.04953
9380    4.05994
9394    4.07048
9408    4.07392
9422    4.08383
9436    4.08835
9450    4.09609
9464    4.09855
9478    4.11245
9492    4.11245
9506    4.11396
9520    4.12153
9534    4.1401
9548    4.1565
9562    4.17829
9576    4.17829
9590    4.17996
9604    4.21081
9618    4.21282
9632    4.23211
9646    4.23503
9660    4.24053
9674    4.24535
9688    4.25885
9702    4.26778
9716    4.27311
9730    4.27822
9744    4.28705
9758    4.28921
9772    4.29453
9786    4.30512
9800    4.30512
9814    4.31394
9828    4.33266
9842    4.33672
9856    4.36237
9870    4.37037
9884    4.37308
9898    4.37917
9912    4.3815
9926    4.39295
9940    4.3958
9954    4.40425
9968    4.43131
9982    4.44802
9996    4.45575
10010    4.47191
10024    4.49825
10038    4.49825
10052    4.49825
10066    4.51269
10080    4.52527
10094    4.53025
10108    4.55823
10122    4.57791
10136    4.59128
10150    4.60718
10164    4.61688
10178    4.61953
10192    4.61953
10206    4.62831
10220    4.62831
10234    4.63548
10248    4.63802
10262    4.65611
10276    4.66559
10290    4.67013
10304    4.67988
10318    4.67988
10332    4.67988
10346    4.69402
10360    4.72245
10374    4.73162
10388    4.73581
10402    4.73684
10416    4.74417
10430    4.75694
10444    4.78388
10458    4.78388
10472    4.78964
10486    4.79649
10500    4.81916
10514    4.8278
10528    4.8278
10542    4.83783
10556    4.84377
10570    4.86056
10584    4.87346
10598    4.87346
10612    4.88007
10626    4.89951
10640    4.91693
10654    4.94689
10668    4.9533
10682    4.96853
10696    4.98669
10710    5.00029
10724    5.01682
10738    5.0282
10752    5.04514
10766    5.0469
10780    5.06208
10794    5.0636
10808    5.07846
10822    5.10294
10836    5.1149
10850    5.13202
10864    5.1354
10878    5.16673
10892    5.19009
10906    5.20659
10920    5.23281
10934    5.24785
10948    5.26859
10962    5.27656
10976    5.29479
10990    5.3147
11004    5.3147
11018    5.33545
11032    5.35529
11046    5.38158
11060    5.39683
11074    5.39683
11088    5.40475
11102    5.451
11116    5.48778
11130    5.49886
11144    5.49886
11158    5.50007
11172    5.50007
11186    5.52288
11200    5.54443
11214    5.57408
11228    5.58832
11242    5.59746
11256    5.61484
11270    5.61484
11284    5.61742
11298    5.67129
11312    5.68172
11326    5.68172
11340    5.68172
11354    5.68954
11368    5.70243
11382    5.71048
11396    5.7231
11410    5.73648
11424    5.74063
11438    5.76582
11452    5.79689
11466    5.80244
11480    5.81549
11494    5.82367
11508    5.82842
11522    5.86539
11536    5.87034
11550    5.88324
11564    5.88683
11578    5.91239
11592    5.92386
11606    5.95723
11620    5.97075
11634    5.98718
11648    5.99222
11662    6.00316
11676    6.02364
11690    6.03387
11704    6.03387
11718    6.04441
11732    6.05354
11746    6.07297
11760    6.0832
11774    6.0832
11788    6.09254
11802    6.10671
11816    6.1186
11830    6.12081
11844    6.13733
11858    6.13733
11872    6.13758
11886    6.14163
11900    6.16168
11914    6.17616
11928    6.18757
11942    6.21849
11956    6.24799
11970    6.27281
11984    6.31401
11998    6.31545
12012    6.34949
12026    6.3537
12040    6.37134
12054    6.37518
12068    6.39933
12082    6.42472
12096    6.42764
12110    6.46774
12124    6.49042
12138    6.49976
12152    6.49976
12166    6.51099
12180    6.5159
12194    6.54815
12208    6.56169
12222    6.58544
12236    6.61435
12250    6.61435
12264    6.63672
12278    6.64124
12292    6.67132
12306    6.67568
12320    6.71611
12334    6.73949
12348    6.74559
12362    6.74559
12376    6.75894
12390    6.78467
12404    6.78657
12418    6.78657
12432    6.8118
12446    6.86247
12460    6.87353
12474    6.88703
12488    6.88703
12502    6.89029
12516    6.91921
12530    6.9312
12544    6.95499
12558    6.95779
12572    6.97326
12586    6.99771
12600    7.01309
12614    7.02687
12628    7.04535
12642    7.04535
12656    7.05695
12670    7.06938
12684    7.07434
12698    7.07589
12712    7.07589
12726    7.08227
12740    7.09402
12754    7.09402
12768    7.10369
12782    7.12127
12796    7.14588
12810    7.15145
12824    7.15966
12838    7.17118
12852    7.22388
12866    7.26199
12880    7.2832
12894    7.29281
12908    7.3221
12922    7.3221
12936    7.32746
12950    7.34191
12964    7.36317
12978    7.3854
12992    7.38778
13006    7.39826
13020    7.39913
13034    7.42134
13048    7.44471
13062    7.47078
13076    7.50718
13090    7.50718
13104    7.52449
13118    7.54917
13132    7.5634
13146    7.59223
13160    7.61793
13174    7.63507
13188    7.66511
13202    7.67968
13216    7.6882
13230    7.70645
13244    7.71596
13258    7.71596
13272    7.74019
13286    7.76359
13300    7.76359
13314    7.76637
13328    7.77741
13342    7.81831
13356    7.82986
13370    7.83801
13384    7.84477
13398    7.86907
13412    7.87309
13426    7.87309
13440    7.91605
13454    7.92833
13468    7.9481
13482    7.95395
13496    7.95395
13510    7.95395
13524    7.96207
13538    7.97568
13552    7.99903
13566    8.03941
13580    8.04252
13594    8.05277
13608    8.0605
13622    8.06202
13636    8.0709
13650    8.0709
13664    8.07511
13678    8.11925
13692    8.11992
13706    8.13506
13720    8.13969
13734    8.17037
13748    8.18662
13762    8.20471
13776    8.20471
13790    8.21811
13804    8.25456
13818    8.29359
13832    8.30924
13846    8.33055
13860    8.34672
13874    8.36817
13888    8.39087
13902    8.39848
13916    8.39985
13930    8.44119
13944    8.46236
13958    8.46614
13972    8.46614
13986    8.50149
14000    8.50149
14014    8.52738
14028    8.57866
14042    8.62268
14056    8.63412
14070    8.63412
14084    8.65121
14098    8.66292
14112    8.66968
14126    8.68129
14140    8.701
14154    8.73407
14168    8.73407
14182    8.73527
14196    8.74602
14210    8.76475
14224    8.79151
14238    8.79151
14252    8.79519
14266    8.79928
14280    8.82532
14294    8.83454
14308    8.83454
14322    8.85939
14336    8.88921
14350    8.9264
14364    8.92785
14378    8.93338
14392    8.93338
