0    0
14    0.000998873
28    0.0015747
42    0.00381508
56    0.00461925
70    0.00586774
84    0.00687722
98    0.00779864
112    0.00839312
126    0.0103725
140    0.0135073
154    0.0154028
168    0.017222
182    0.0195282
196    0.020337
210    0.0232574
224    0.0237477
238    0.0259505
252    0.0283005
266    0.029613
280    0.0312579
294    0.0334128
308    0.0343941
322    0.0353372
336    0.0371934
350    0.0383439
364    0.0410065
378    0.0426109
392    0.045751
406    0.0479518
420    0.0521354
434    0.0535202
448    0.0561889
462    0.0575263
476    0.0587121
490    0.0615743
504    0.0622818
518    0.0653125
532    0.0666844
546    0.0689187
560    0.0700463
574    0.0731223
588    0.075302
602    0.0789208
616    0.0796266
630    0.0818412
644    0.0841112
658    0.0864398
672    0.0922054
686    0.0964878
700    0.0999405
714    0.103179
728    0.10561
742    0.108156
756    0.114899
770    0.116047
784    0.119775
798    0.122836
812    0.129394
826    0.134687
840    0.140329
854    0.144229
868    0.148211
882    0.151668
896    0.157137
910    0.161193
924    0.166228
938    0.168217
952    0.171419
966    0.176351
980    0.178004
994    0.182701
1008    0.189557
1022    0.194518
1036    0.199535
1050    0.206331
1064    0.211652
1078    0.218202
1092    0.220894
1106    0.22449
1120    0.230935
1134    0.232693
1148    0.239547
1162    0.242731
1176    0.247938
1190    0.252189
1204    0.258943
1218    0.261323
1232    0.267977
1246    0.269876
1260    0.272039
1274    0.279048
1288    0.286084
1302    0.288873
1316    0.29486
1330    0.297574
1344    0.305781
1358    0.310749
1372    0.318581
1386    0.320841
1400    0.325914
1414    0.332862
1428    0.334165
1442    0.341125
1456    0.347566
1470    0.356012
1484    0.361395
1498    0.365764
1512    0.371726
1526    0.376777
1540    0.382594
1554    0.389472
1568    0.397689
1582    0.402182
1596    0.406978
1610    0.415778
1624    0.418906
1638    0.425471
1652    0.433539
1666    0.441724
1680    0.450248
1694    0.456339
1708    0.458113
1722    0.471791
1736    0.477187
1750    0.484954
1764    0.490042
1778    0.498257
1792    0.509978
1806    0.517084
1820    0.528443
1834    0.536421
1848    0.544865
1862    0.549216
1876    0.559363
1890    0.565608
1904    0.577349
1918    0.588635
1932    0.596773
1946    0.603584
1960    0.613213
1974    0.624601
1988    0.635796
2002    0.642257
2016    0.64545
2030    0.65425
2044    0.663873
2058    0.666825
2072    0.670762
2086    0.675868
2100    0.685559
2114    0.693135
2128    0.703025
2142    0.709192
2156    0.716736
2170    0.727391
2184    0.734321
2198    0.740094
2212    0.747941
2226    0.759877
2240    0.7739
2254    0.789842
2268    0.800182
2282    0.817773
2296    0.831799
2310    0.847592
2324    0.862158
2338    0.874737
2352    0.882679
2366    0.894507
2380    0.898653
2394    0.913451
2408    0.92229
2422    0.943447
2436    0.958837
2450    0.977338
2464    0.981586
2478    0.985155
2492    0.985997
2506    0.994364
2520    1.00803
2534    1.02941
2548    1.04021
2562    1.05211
2576    1.06636
2590    1.06636
2604    1.07988
2618    1.09789
2632    1.11407
2646    1.1239
2660    1.13458
2674    1.1472
2688    1.15959
2702    1.17607
2716    1.18858
2730    1.19687
2744    1.20873
2758    1.22095
2772    1.23269
2786    1.24783
2800    1.25935
2814    1.26716
2828    1.29053
2842    1.30399
2856    1.31541
2870    1.3322
2884    1.35046
2898    1.36817
2912    1.37964
2926    1.38833
2940    1.4008
2954    1.4161
2968    1.4302
2982    1.44375
2996    1.46873
3010    1.50043
3024    1.51278
3038    1.52524
3052    1.53771
3066    1.55535
3080    1.56316
3094    1.57505
3108    1.58595
3122    1.60545
3136    1.61466
3150    1.63054
3164    1.65739
3178    1.67001
3192    1.68231
3206    1.68766
3220    1.70273
3234    1.70487
3248    1.71611
3262    1.73193
3276    1.74547
3290    1.74674
3304    1.75932
3318    1.77687
3332    1.79753
3346    1.80904
3360    1.82359
3374    1.83831
3388    1.86049
3402    1.87599
3416    1.88672
3430    1.9103
3444    1.93692
3458    1.96127
3472    1.96635
3486    1.97248
3500    1.97808
3514    1.98409
3528    1.99576
3542    2.01055
3556    2.02704
3570    2.05169
3584    2.06711
3598    2.0854
3612    2.10514
3626    2.12225
3640    2.13098
3654    2.1522
3668    2.17562
3682    2.18749
3696    2.1973
3710    2.20855
3724    2.23083
3738    2.24152
3752    2.26389
3766    2.27705
3780    2.2968
3794    2.32435
3808    2.34424
3822    2.3674
3836    2.3878
3850    2.3986
3864    2.40884
3878    2.43099
3892    2.44901
3906    2.46751
3920    2.47892
3934    2.49109
3948    2.49965
3962    2.52031
3976    2.5449
3990    2.56145
4004    2.57862
4018    2.58359
4032    2.58696
4046    2.59927
4060    2.60787
4074    2.62705
4088    2.64234
4102    2.65456
4116    2.67699
4130    2.69173
4144    2.71777
4158    2.73414
4172    2.75206
4186    2.77588
4200    2.78968
4214    2.80581
4228    2.81872
4242    2.83661
4256    2.85219
4270    2.88128
4284    2.90188
4298    2.91906
4312    2.93289
4326    2.94103
4340    2.96496
4354    2.97017
4368    2.9986
4382    3.02392
4396    3.0543
4410    3.0604
4424    3.06808
4438    3.08835
4452    3.09366
4466    3.10778
4480    3.12953
4494    3.14582
4508    3.17077
4522    3.18797
4536    3.19434
4550    3.21808
4564    3.22606
4578    3.23884
4592    3.25475
4606    3.26771
4620    3.29652
4634    3.29968
4648    3.31758
4662    3.32922
4676    3.34967
4690    3.35863
4704    3.3782
4718    3.39673
4732    3.40968
4746    3.4248
4760    3.44398
4774    3.46888
4788    3.47184
4802    3.50057
4816    3.51632
4830    3.53878
4844    3.55813
4858    3.57833
4872    3.58919
4886    3.6081
4900    3.62263
4914    3.6607
4928    3.67589
4942    3.67885
4956    3.68157
4970    3.69788
4984    3.70784
4998    3.73416
5012    3.75398
5026    3.77777
5040    3.80041
5054    3.81032
5068    3.81861
5082    3.83702
5096    3.84932
5110    3.8569
5124    3.89703
5138    3.91492
5152    3.94253
5166    3.96639
5180    3.98693
5194    4.00089
5208    4.01509
5222    4.03106
5236    4.03768
5250    4.06639
5264    4.08792
5278    4.09922
5292    4.1413
5306    4.17072
5320    4.21568
5334    4.22985
5348    4.25251
5362    4.26659
5376    4.28092
5390    4.29886
5404    4.31873
5418    4.34368
5432    4.35946
5446    4.37509
5460    4.38805
5474    4.39964
5488    4.42721
5502    4.45161
5516    4.48063
5530    4.50014
5544    4.5259
5558    4.5626
5572    4.57454
5586    4.58408
5600    4.63829
5614    4.65551
5628    4.68268
5642    4.70959
5656    4.73623
5670    4.75185
5684    4.77934
5698    4.80306
5712    4.82045
5726    4.83878
5740    4.86192
5754    4.89144
5768    4.91904
5782    4.93901
5796    4.95163
5810    4.98097
5824    5.02361
5838    5.05596
5852    5.09545
5866    5.11662
5880    5.13901
5894    5.17539
5908    5.19575
5922    5.20425
5936    5.24504
5950    5.25896
5964    5.29045
5978    5.31822
5992    5.32248
6006    5.36382
6020    5.37234
6034    5.40738
6048    5.42167
6062    5.44372
6076    5.46414
6090    5.49734
6104    5.53198
6118    5.57338
6132    5.596
6146    5.63037
6160    5.66029
6174    5.69953
6188    5.70694
6202    5.72571
6216    5.7607
6230    5.7797
6244    5.78652
6258    5.81864
6272    5.83929
6286    5.86829
6300    5.89217
6314    5.91766
6328    5.93302
6342    5.96536
6356    5.99021
6370    6.024
6384    6.04724
6398    6.0764
6412    6.09414
6426    6.11419
6440    6.14596
6454    6.15995
6468    6.18853
6482    6.23753
6496    6.24875
6510    6.27958
6524    6.30921
6538    6.3353
6552    6.37525
6566    6.40958
6580    6.42155
6594    6.44578
6608    6.46918
6622    6.50071
6636    6.53604
6650    6.55937
6664    6.58692
6678    6.59851
6692    6.60548
6706    6.61631
6720    6.64633
6734    6.67197
6748    6.70206
6762    6.73897
6776    6.77581
6790    6.7879
6804    6.81793
6818    6.82731
6832    6.87031
6846    6.89504
6860    6.92002
6874    6.93955
6888    6.96915
6902    7.00169
6916    7.03433
6930    7.05927
6944    7.08418
6958    7.13218
6972    7.15291
6986    7.16613
7000    7.19534
7014    7.22406
7028    7.2409
7042    7.26446
7056    7.29525
7070    7.32512
7084    7.37094
7098    7.39583
7112    7.42353
7126    7.43992
7140    7.47713
7154    7.49709
7168    7.51585
7182    7.54084
7196    7.54714
7210    7.58628
7224    7.62002
7238    7.65322
7252    7.69466
7266    7.70376
7280    7.72154
7294    7.74571
7308    7.76487
7322    7.79249
7336    7.82541
7350    7.84597
7364    7.86064
7378    7.90618
7392    7.92474
7406    7.96539
7420    7.99982
7434    8.02036
7448    8.03536
7462    8.06599
7476    8.09137
7490    8.12796
7504    8.15391
7518    8.16772
7532    8.18905
7546    8.21617
7560    8.25515
7574    8.29071
7588    8.32003
7602    8.33672
7616    8.35492
7630    8.41862
7644    8.44669
7658    8.47866
7672    8.51716
7686    8.54821
7700    8.57624
7714    8.61021
7728    8.6467
7742    8.69536
7756    8.73505
7770    8.7696
7784    8.79396
7798    8.8288
7812    8.86928
7826    8.89835
7840    8.92429
7854    8.94476
7868    8.96004
7882    8.99023
7896    9.01507
7910    9.05154
7924    9.09339
7938    9.10677
7952    9.13851
7966    9.1576
7980    9.21973
7994    9.23444
8008    9.24378
8022    9.27011
8036    9.30821
8050    9.33763
8064    9.37441
8078    9.424
8092    9.46191
8106    9.49216
8120    9.54603
8134    9.60584
8148    9.62769
8162    9.69053
8176    9.69396
8190    9.74414
8204    9.7773
8218    9.80976
8232    9.84968
8246    9.89347
8260    9.93603
8274    9.96571
8288    9.991
8302    10.0328
8316    10.0612
8330    10.0906
8344    10.1152
8358    10.1523
8372    10.193
8386    10.2193
8400    10.2501
8414    10.2639
8428    10.2787
8442    10.3005
8456    10.3128
8470    10.3456
8484    10.3732
8498    10.3941
8512    10.4364
8526    10.4795
8540    10.5152
8554    10.5698
8568    10.6046
8582    10.6618
8596    10.6818
8610    10.7081
8624    10.7208
8638    10.731
8652    10.7448
8666    10.7866
8680    10.8334
8694    10.8598
8708    10.8725
8722    10.9063
8736    10.9407
8750    10.9825
8764    11.0339
8778    11.0811
8792    11.1303
8806    11.1732
8820    11.2051
8834    11.2433
8848    11.2637
8862    11.2993
8876    11.3382
8890    11.3609
8904    11.379
8918    11.4179
8932    11.4444
8946    11.4699
8960    11.5016
8974    11.5304
8988    11.576
9002    11.6295
9016    11.6597
9030    11.6891
9044    11.7157
9058    11.7529
9072    11.8068
9086    11.8529
9100    11.8973
9114    11.914
9128    11.9194
9142    11.9633
9156    11.9853
9170    12.0165
9184    12.0431
9198    12.0961
9212    12.1195
9226    12.1324
9240    12.1746
9254    12.1971
9268    12.2287
9282    12.2743
9296    12.2924
9310    12.3295
9324    12.3619
9338    12.399
9352    12.4225
9366    12.4347
9380    12.4708
9394    12.4952
9408    12.521
9422    12.5466
9436    12.5707
9450    12.5991
9464    12.6314
9478    12.6799
9492    12.7207
9506    12.7795
9520    12.8038
9534    12.8539
9548    12.9066
9562    12.9603
9576    12.9839
9590    13.0095
9604    13.0669
9618    13.1095
9632    13.1419
9646    13.1622
9660    13.1822
9674    13.2284
9688    13.2499
9702    13.3035
9716    13.331
9730    13.3596
9744    13.404
9758    13.453
9772    13.4702
9786    13.5013
9800    13.5593
9814    13.5938
9828    13.6144
9842    13.6577
9856    13.7093
9870    13.717
9884    13.7734
9898    13.8141
9912    13.8479
9926    13.8958
9940    13.9441
9954    13.9662
9968    13.9947
9982    14.031
9996    14.087
10010    14.1313
10024    14.1755
10038    14.2104
10052    14.2767
10066    14.3442
10080    14.3907
10094    14.4381
10108    14.4751
10122    14.5163
10136    14.5425
10150    14.5607
10164    14.599
10178    14.6513
10192    14.7247
10206    14.7372
10220    14.765
10234    14.7917
10248    14.8329
10262    14.8629
10276    14.8973
10290    14.942
10304    14.9796
10318    15.0037
10332    15.0248
10346    15.0599
10360    15.0978
10374    15.1198
10388    15.1645
10402    15.2254
10416    15.2587
10430    15.2929
10444    15.3042
10458    15.3571
10472    15.4164
10486    15.4568
10500    15.4983
10514    15.5333
10528    15.5518
10542    15.624
10556    15.6575
10570    15.7185
10584    15.7639
10598    15.7922
10612    15.8128
10626    15.8534
10640    15.8976
10654    15.9522
10668    16.0001
10682    16.068
10696    16.125
10710    16.1353
10724    16.2
10738    16.2625
10752    16.3069
10766    16.3491
10780    16.3964
10794    16.4397
10808    16.4965
10822    16.5366
10836    16.5751
10850    16.6168
10864    16.645
10878    16.69
10892    16.7316
10906    16.7687
10920    16.8033
10934    16.8338
10948    16.8715
10962    16.9152
10976    16.9558
10990    16.9934
11004    17.0562
11018    17.0848
11032    17.1572
11046    17.1941
11060    17.265
11074    17.2814
11088    17.3181
11102    17.374
11116    17.4048
11130    17.4688
11144    17.5063
11158    17.5723
11172    17.6043
11186    17.6477
11200    17.7074
11214    17.7459
11228    17.7941
11242    17.8165
11256    17.8939
11270    17.9087
11284    17.953
11298    18.0195
11312    18.0433
11326    18.1176
11340    18.1885
11354    18.2624
11368    18.2699
11382    18.3515
11396    18.4007
11410    18.4605
11424    18.4816
11438    18.4945
11452    18.5421
11466    18.5661
11480    18.6187
11494    18.6797
11508    18.7109
11522    18.7608
11536    18.8052
11550    18.8246
11564    18.8826
11578    18.9077
11592    18.9394
11606    18.9677
11620    18.9974
11634    19.0347
11648    19.0772
11662    19.1398
11676    19.1586
11690    19.2005
11704    19.2618
11718    19.277
11732    19.3152
11746    19.3603
11760    19.4113
11774    19.4764
11788    19.5197
11802    19.5581
11816    19.6113
11830    19.6382
11844    19.6952
11858    19.7433
11872    19.797
11886    19.8311
11900    19.8799
11914    19.9431
11928    19.9751
11942    19.9955
11956    20.0123
11970    20.051
11984    20.1018
11998    20.1298
12012    20.1526
12026    20.1918
12040    20.2506
12054    20.3121
12068    20.3541
12082    20.4236
12096    20.443
12110    20.4972
12124    20.559
12138    20.6141
12152    20.6506
12166    20.6922
12180    20.7358
12194    20.7828
12208    20.8311
12222    20.9177
12236    21.0268
12250    21.0711
12264    21.1139
12278    21.1627
12292    21.2302
12306    21.236
12320    21.2713
12334    21.3171
12348    21.3485
12362    21.3854
12376    21.4208
12390    21.4625
12404    21.5511
12418    21.61
12432    21.6764
12446    21.7249
12460    21.7719
12474    21.824
12488    21.8658
12502    21.9118
12516    21.9801
12530    22.065
12544    22.1074
12558    22.2
12572    22.241
12586    22.2962
12600    22.376
12614    22.488
12628    22.5313
12642    22.5715
12656    22.657
12670    22.718
12684    22.7898
12698    22.8404
12712    22.8562
12726    22.8786
12740    22.9132
12754    22.9285
12768    22.997
12782    23.0648
12796    23.0922
12810    23.162
12824    23.2111
12838    23.2387
12852    23.2937
12866    23.3326
12880    23.4057
12894    23.482
12908    23.5427
12922    23.621
12936    23.7042
12950    23.7271
12964    23.8021
12978    23.8376
12992    23.8689
13006    23.9322
13020    24.0249
13034    24.0336
13048    24.1168
13062    24.1823
13076    24.1991
13090    24.2249
13104    24.2794
13118    24.3344
13132    24.3745
13146    24.4335
13160    24.5056
13174    24.5378
13188    24.5794
13202    24.6498
13216    24.6955
13230    24.7674
13244    24.8242
13258    24.8737
13272    24.9043
13286    24.959
13300    24.9838
13314    25.0185
13328    25.074
13342    25.1703
13356    25.2319
13370    25.3011
13384    25.3222
13398    25.3924
13412    25.4034
13426    25.4548
13440    25.5112
13454    25.5621
13468    25.6165
13482    25.644
13496    25.669
13510    25.737
13524    25.801
13538    25.807
13552    25.8993
13566    25.9342
13580    25.9892
13594    26.0222
13608    26.0579
13622    26.1558
13636    26.2492
13650    26.297
13664    26.3565
13678    26.3885
13692    26.4803
13706    26.5029
13720    26.5994
13734    26.651
13748    26.7135
13762    26.8065
13776    26.8674
13790    26.9022
13804    26.9577
13818    27.0543
13832    27.1556
13846    27.2139
13860    27.2637
13874    27.2853
13888    27.3251
13902    27.3796
13916    27.4607
13930    27.508
13944    27.5621
13958    27.5926
13972    27.6636
13986    27.7301
14000    27.8062
14014    27.8621
14028    27.8694
14042    27.9047
14056    27.9216
14070    27.9216
14084    27.9711
14098    28.0121
14112    28.0874
14126    28.1309
14140    28.1968
14154    28.2827
14168    28.3475
14182    28.3955
14196    28.4611
14210    28.4976
14224    28.5611
14238    28.6155
14252    28.6724
14266    28.7383
14280    28.8004
14294    28.8004
14308    28.8152
14322    28.856
14336    28.8914
14350    28.9145
14364    28.9408
14378    29.0355
14392    29.1067
