0    0
14    0
28    0
42    0
56    0
70    0
84    0
98    0
112    0
126    0
140    0
154    0
168    0
182    0.000405218
196    0.000516712
210    0.000516712
224    0.000516712
238    0.000736961
252    0.00152169
266    0.00152169
280    0.00187645
294    0.00200724
308    0.00200724
322    0.00200724
336    0.00200724
350    0.00200724
364    0.00200724
378    0.00200724
392    0.00200724
406    0.00200724
420    0.00200724
434    0.00205663
448    0.00205663
462    0.00205663
476    0.00205663
490    0.00205663
504    0.0021471
518    0.00233832
532    0.00233832
546    0.00243567
560    0.00243567
574    0.00244833
588    0.00245885
602    0.00245894
616    0.00245894
630    0.0029153
644    0.0029153
658    0.0029153
672    0.00319744
686    0.00319744
700    0.00319744
714    0.00349952
728    0.00349952
742    0.00353845
756    0.00353845
770    0.00353845
784    0.00353845
798    0.00386987
812    0.004207
826    0.00424874
840    0.00424874
854    0.00430269
868    0.00454984
882    0.00454984
896    0.00454984
910    0.00535378
924    0.00552132
938    0.00560497
952    0.00560497
966    0.00640416
980    0.00673872
994    0.00673872
1008    0.00673872
1022    0.00675543
1036    0.00718605
1050    0.00718605
1064    0.00719636
1078    0.00719636
1092    0.00730595
1106    0.00749144
1120    0.00749144
1134    0.00749144
1148    0.00749144
1162    0.00749144
1176    0.00749144
1190    0.00749144
1204    0.00749144
1218    0.0077076
1232    0.0077076
1246    0.00787301
1260    0.00885045
1274    0.00885045
1288    0.00885045
1302    0.00885045
1316    0.00953242
1330    0.0097111
1344    0.00989198
1358    0.00989198
1372    0.0113626
1386    0.0114295
1400    0.0114295
1414    0.0114295
1428    0.0114295
1442    0.0123786
1456    0.0123786
1470    0.0137297
1484    0.0137297
1498    0.0137297
1512    0.0137297
1526    0.0137297
1540    0.0137297
1554    0.0137297
1568    0.0137297
1582    0.0137297
1596    0.0137297
1610    0.0139107
1624    0.0139107
1638    0.0150342
1652    0.0153221
1666    0.0153352
1680    0.0153489
1694    0.0154071
1708    0.0154629
1722    0.0154629
1736    0.0160734
1750    0.0160734
1764    0.0160734
1778    0.0160734
1792    0.0161317
1806    0.0161317
1820    0.0161317
1834    0.0161317
1848    0.0161317
1862    0.0161317
1876    0.0163129
1890    0.0163129
1904    0.0163129
1918    0.0163129
1932    0.0163129
1946    0.016621
1960    0.0167816
1974    0.0167816
1988    0.0171063
2002    0.0171549
2016    0.0183965
2030    0.0187088
2044    0.0188332
2058    0.0188332
2072    0.0188332
2086    0.0188332
2100    0.0194432
2114    0.0194432
2128    0.0194432
2142    0.0194432
2156    0.0194432
2170    0.0194432
2184    0.0194619
2198    0.0194619
2212    0.019733
2226    0.019733
2240    0.019733
2254    0.0197733
2268    0.0197733
2282    0.0197733
2296    0.0198669
2310    0.0198669
2324    0.0198669
2338    0.0198669
2352    0.0204788
2366    0.0211839
2380    0.0211839
2394    0.0211839
2408    0.0211839
2422    0.0211839
2436    0.0211839
2450    0.0212761
2464    0.0212761
2478    0.0215209
2492    0.0215209
2506    0.0229106
2520    0.0251304
2534    0.0252534
2548    0.0252534
2562    0.0254812
2576    0.0254812
2590    0.0254812
2604    0.0254812
2618    0.0254812
2632    0.025837
2646    0.0264284
2660    0.0264284
2674    0.0264284
2688    0.0264284
2702    0.0264284
2716    0.0264284
2730    0.0264284
2744    0.0269616
2758    0.0269616
2772    0.0278198
2786    0.027893
2800    0.027893
2814    0.027956
2828    0.0284601
2842    0.0284601
2856    0.028614
2870    0.028614
2884    0.0292958
2898    0.0294112
2912    0.0294112
2926    0.0294112
2940    0.0294112
2954    0.0294112
2968    0.0294112
2982    0.0294112
2996    0.0294115
3010    0.0311832
3024    0.0329846
3038    0.0343402
3052    0.0343402
3066    0.0344725
3080    0.0344725
3094    0.0351147
3108    0.0351147
3122    0.0351147
3136    0.0351147
3150    0.0351888
3164    0.0351888
3178    0.0351888
3192    0.035885
3206    0.035885
3220    0.035885
3234    0.035885
3248    0.035885
3262    0.035885
3276    0.0370542
3290    0.0370542
3304    0.0373116
3318    0.0373116
3332    0.0373116
3346    0.0373116
3360    0.0384038
3374    0.0384038
3388    0.0387542
3402    0.0391469
3416    0.0396171
3430    0.0396171
3444    0.0396171
3458    0.0396171
3472    0.0396171
3486    0.0396171
3500    0.0402394
3514    0.0402394
3528    0.041498
3542    0.041498
3556    0.041498
3570    0.041539
3584    0.041539
3598    0.041539
3612    0.0415414
3626    0.0433647
3640    0.0441552
3654    0.0441552
3668    0.0443027
3682    0.044371
3696    0.0452362
3710    0.0461599
3724    0.0480617
3738    0.0499724
3752    0.0499724
3766    0.0499724
3780    0.05031
3794    0.0503629
3808    0.0503629
3822    0.0503629
3836    0.0509556
3850    0.05173
3864    0.05173
3878    0.05173
3892    0.05173
3906    0.0523341
3920    0.052582
3934    0.0531314
3948    0.0531314
3962    0.0531314
3976    0.0574624
3990    0.0582017
4004    0.0582531
4018    0.0582531
4032    0.0582531
4046    0.0600899
4060    0.0600899
4074    0.0600899
4088    0.0600899
4102    0.0600899
4116    0.0600899
4130    0.0616936
4144    0.0626766
4158    0.0633012
4172    0.0633012
4186    0.0633012
4200    0.0633012
4214    0.0633012
4228    0.0633012
4242    0.0633012
4256    0.0637297
4270    0.0642797
4284    0.0642797
4298    0.0642797
4312    0.0643401
4326    0.0650906
4340    0.0650906
4354    0.0650906
4368    0.0656154
4382    0.0661256
4396    0.0668941
4410    0.067443
4424    0.067443
4438    0.0687006
4452    0.0687006
4466    0.0687006
4480    0.0687006
4494    0.069262
4508    0.069436
4522    0.0720957
4536    0.0733689
4550    0.0733689
4564    0.0733689
4578    0.0736712
4592    0.0736712
4606    0.0736712
4620    0.0736712
4634    0.074145
4648    0.074145
4662    0.074145
4676    0.074145
4690    0.074145
4704    0.0743282
4718    0.0743282
4732    0.0743282
4746    0.0743282
4760    0.0757914
4774    0.0759725
4788    0.0767553
4802    0.0767553
4816    0.0767553
4830    0.0774355
4844    0.0774355
4858    0.0776507
4872    0.0776507
4886    0.0776507
4900    0.0776507
4914    0.0798357
4928    0.0832263
4942    0.0832263
4956    0.0832263
4970    0.0832263
4984    0.0832263
4998    0.0852581
5012    0.0869494
5026    0.0882587
5040    0.0882587
5054    0.0882587
5068    0.0882587
5082    0.0889995
5096    0.0889995
5110    0.0919891
5124    0.0934369
5138    0.0934369
5152    0.0934369
5166    0.0934369
5180    0.093673
5194    0.093673
5208    0.093673
5222    0.093673
5236    0.0948665
5250    0.0948665
5264    0.0948665
5278    0.0948665
5292    0.0987724
5306    0.0987724
5320    0.0987724
5334    0.0987724
5348    0.0987724
5362    0.0987724
5376    0.0987724
5390    0.0997962
5404    0.101889
5418    0.102188
5432    0.102871
5446    0.104563
5460    0.10662
5474    0.10824
5488    0.10824
5502    0.108424
5516    0.11143
5530    0.112328
5544    0.11598
5558    0.116054
5572    0.11638
5586    0.11638
5600    0.117616
5614    0.118332
5628    0.120002
5642    0.120002
5656    0.120002
5670    0.120002
5684    0.121942
5698    0.121942
5712    0.121942
5726    0.121942
5740    0.123053
5754    0.123053
5768    0.123053
5782    0.123771
5796    0.123771
5810    0.123771
5824    0.123771
5838    0.123771
5852    0.123771
5866    0.123771
5880    0.125097
5894    0.125097
5908    0.125097
5922    0.125097
5936    0.125445
5950    0.125445
5964    0.125445
5978    0.127031
5992    0.129559
6006    0.129607
6020    0.129607
6034    0.130046
6048    0.130046
6062    0.130046
6076    0.131424
6090    0.132405
6104    0.132405
6118    0.132405
6132    0.132405
6146    0.132405
6160    0.132405
6174    0.132405
6188    0.132405
6202    0.132405
6216    0.132405
6230    0.132405
6244    0.134678
6258    0.135416
6272    0.135666
6286    0.135666
6300    0.135711
6314    0.135711
6328    0.147274
6342    0.147274
6356    0.147908
6370    0.149447
6384    0.149447
6398    0.149447
6412    0.149447
6426    0.149447
6440    0.150799
6454    0.150799
6468    0.152865
6482    0.152865
6496    0.152865
6510    0.156623
6524    0.156623
6538    0.159232
6552    0.160878
6566    0.162958
6580    0.165359
6594    0.165359
6608    0.165359
6622    0.165663
6636    0.166657
6650    0.166657
6664    0.166657
6678    0.166657
6692    0.1668
6706    0.1668
6720    0.169373
6734    0.169373
6748    0.169373
6762    0.169554
6776    0.171158
6790    0.171158
6804    0.173001
6818    0.173001
6832    0.17308
6846    0.17308
6860    0.173107
6874    0.173107
6888    0.174821
6902    0.177126
6916    0.179244
6930    0.17983
6944    0.17983
6958    0.181947
6972    0.182881
6986    0.184889
7000    0.185299
7014    0.186018
7028    0.186018
7042    0.192287
7056    0.192287
7070    0.193736
7084    0.193736
7098    0.193736
7112    0.193736
7126    0.193736
7140    0.193736
7154    0.193736
7168    0.193736
7182    0.196292
7196    0.196292
7210    0.196292
7224    0.197086
7238    0.197086
7252    0.197325
7266    0.197325
7280    0.201611
7294    0.201611
7308    0.201611
7322    0.201611
7336    0.203876
7350    0.205892
7364    0.208419
7378    0.209595
7392    0.213212
7406    0.216417
7420    0.219418
7434    0.220279
7448    0.220279
7462    0.224696
7476    0.224696
7490    0.225549
7504    0.225549
7518    0.225549
7532    0.23192
7546    0.23192
7560    0.23192
7574    0.23192
7588    0.232892
7602    0.234221
7616    0.240426
7630    0.240426
7644    0.240426
7658    0.24413
7672    0.24413
7686    0.24413
7700    0.245508
7714    0.245508
7728    0.248862
7742    0.252612
7756    0.253146
7770    0.255369
7784    0.255369
7798    0.258085
7812    0.258085
7826    0.258085
7840    0.258085
7854    0.258085
7868    0.258085
7882    0.260709
7896    0.260709
7910    0.261567
7924    0.261676
7938    0.261676
7952    0.261676
7966    0.262161
7980    0.265886
7994    0.270356
8008    0.270356
8022    0.273821
8036    0.273821
8050    0.273821
8064    0.273821
8078    0.273821
8092    0.276537
8106    0.276537
8120    0.277274
8134    0.277274
8148    0.278061
8162    0.278061
8176    0.279532
8190    0.279532
8204    0.280302
8218    0.282697
8232    0.282697
8246    0.282697
8260    0.282697
8274    0.282697
8288    0.283375
8302    0.283375
8316    0.285084
8330    0.285084
8344    0.285084
8358    0.28566
8372    0.288808
8386    0.288808
8400    0.291006
8414    0.291404
8428    0.291404
8442    0.291582
8456    0.297909
8470    0.297909
8484    0.298027
8498    0.298759
8512    0.303766
8526    0.305181
8540    0.307823
8554    0.310266
8568    0.313055
8582    0.314206
8596    0.314206
8610    0.314206
8624    0.314206
8638    0.318696
8652    0.318696
8666    0.318696
8680    0.33093
8694    0.33093
8708    0.33093
8722    0.33093
8736    0.334505
8750    0.334505
8764    0.334505
8778    0.334505
8792    0.337213
8806    0.337213
8820    0.337213
8834    0.33924
8848    0.342045
8862    0.342045
8876    0.343907
8890    0.343907
8904    0.353065
8918    0.353187
8932    0.353187
8946    0.353187
8960    0.353187
8974    0.353187
8988    0.353583
9002    0.353583
9016    0.357526
9030    0.357526
9044    0.357526
9058    0.357526
9072    0.357526
9086    0.357526
9100    0.357526
9114    0.357526
9128    0.360273
9142    0.361684
9156    0.361684
9170    0.361684
9184    0.361684
9198    0.36758
9212    0.370293
9226    0.371218
9240    0.376427
9254    0.376568
9268    0.380006
9282    0.380006
9296    0.389087
9310    0.396569
9324    0.396569
9338    0.396569
9352    0.398794
9366    0.398794
9380    0.400068
9394    0.400068
9408    0.400068
9422    0.400884
9436    0.402424
9450    0.402424
9464    0.407974
9478    0.407974
9492    0.407974
9506    0.407974
9520    0.407974
9534    0.409527
9548    0.409527
9562    0.412816
9576    0.415814
9590    0.415814
9604    0.415814
9618    0.415814
9632    0.417071
9646    0.417071
9660    0.420397
9674    0.420397
9688    0.420397
9702    0.420397
9716    0.423214
9730    0.423214
9744    0.424539
9758    0.424539
9772    0.427897
9786    0.427897
9800    0.428702
9814    0.434413
9828    0.434413
9842    0.434413
9856    0.434413
9870    0.434413
9884    0.434413
9898    0.434413
9912    0.434617
9926    0.434617
9940    0.434617
9954    0.434617
9968    0.434617
9982    0.434617
9996    0.435435
10010    0.441219
10024    0.446025
10038    0.446624
10052    0.454575
10066    0.454575
10080    0.455564
10094    0.456471
10108    0.456471
10122    0.456471
10136    0.456471
10150    0.460958
10164    0.466739
10178    0.47306
10192    0.47306
10206    0.47306
10220    0.475294
10234    0.475294
10248    0.477782
10262    0.47975
10276    0.47975
10290    0.47975
10304    0.47975
10318    0.47975
10332    0.47975
10346    0.47975
10360    0.47975
10374    0.47975
10388    0.47975
10402    0.483387
10416    0.487595
10430    0.487595
10444    0.487595
10458    0.487595
10472    0.502379
10486    0.502379
10500    0.502379
10514    0.502379
10528    0.502379
10542    0.503007
10556    0.50335
10570    0.505863
10584    0.505863
10598    0.50875
10612    0.511973
10626    0.511973
10640    0.511973
10654    0.511973
10668    0.51317
10682    0.51317
10696    0.51317
10710    0.51317
10724    0.51317
10738    0.517945
10752    0.517945
10766    0.518381
10780    0.521149
10794    0.523987
10808    0.523987
10822    0.523987
10836    0.523987
10850    0.524595
10864    0.526531
10878    0.526531
10892    0.526531
10906    0.536043
10920    0.536043
10934    0.541213
10948    0.541213
10962    0.541213
10976    0.541213
10990    0.544803
11004    0.544803
11018    0.544803
11032    0.544803
11046    0.551259
11060    0.552453
11074    0.552453
11088    0.553321
11102    0.55366
11116    0.561334
11130    0.572253
11144    0.572253
11158    0.573198
11172    0.573198
11186    0.573198
11200    0.573198
11214    0.573198
11228    0.573198
11242    0.573198
11256    0.573198
11270    0.578492
11284    0.578492
11298    0.578492
11312    0.581411
11326    0.581411
11340    0.581411
11354    0.581411
11368    0.582205
11382    0.584001
11396    0.584001
11410    0.586169
11424    0.586169
11438    0.587848
11452    0.587848
11466    0.604409
11480    0.605932
11494    0.612754
11508    0.612754
11522    0.612754
11536    0.612754
11550    0.613619
11564    0.621146
11578    0.624569
11592    0.624569
11606    0.627497
11620    0.62755
11634    0.62755
11648    0.62755
11662    0.62755
11676    0.628866
11690    0.645901
11704    0.645901
11718    0.645901
11732    0.649573
11746    0.649573
11760    0.650104
11774    0.650104
11788    0.658931
11802    0.658931
11816    0.658931
11830    0.67028
11844    0.670872
11858    0.670872
11872    0.670872
11886    0.670872
11900    0.671639
11914    0.67449
11928    0.677185
11942    0.691459
11956    0.691459
11970    0.691459
11984    0.691459
11998    0.693555
12012    0.693749
12026    0.695911
12040    0.701785
12054    0.701785
12068    0.704116
12082    0.704116
12096    0.704116
12110    0.704116
12124    0.708659
12138    0.708659
12152    0.712102
12166    0.712102
12180    0.712102
12194    0.717321
12208    0.719739
12222    0.719739
12236    0.72062
12250    0.72062
12264    0.721323
12278    0.737295
12292    0.746538
12306    0.746538
12320    0.748415
12334    0.748415
12348    0.753791
12362    0.755582
12376    0.755949
12390    0.763089
12404    0.763514
12418    0.763514
12432    0.764045
12446    0.765718
12460    0.765718
12474    0.765718
12488    0.765718
12502    0.774535
12516    0.774535
12530    0.779478
12544    0.779478
12558    0.779478
12572    0.779478
12586    0.790807
12600    0.7947
12614    0.798963
12628    0.798963
12642    0.798963
12656    0.802828
12670    0.807446
12684    0.808642
12698    0.808642
12712    0.815271
12726    0.818924
12740    0.82255
12754    0.822884
12768    0.824961
12782    0.830865
12796    0.833185
12810    0.833185
12824    0.837418
12838    0.837418
12852    0.840797
12866    0.840797
12880    0.847369
12894    0.854612
12908    0.85552
12922    0.85552
12936    0.859221
12950    0.865372
12964    0.870582
12978    0.870582
12992    0.874612
13006    0.874612
13020    0.885962
13034    0.885962
13048    0.891967
13062    0.897366
13076    0.897366
13090    0.897366
13104    0.901148
13118    0.901148
13132    0.901148
13146    0.901148
13160    0.902269
13174    0.902269
13188    0.902269
13202    0.902269
13216    0.905576
13230    0.905576
13244    0.905576
13258    0.914353
13272    0.922361
13286    0.922361
13300    0.922361
13314    0.922361
13328    0.929293
13342    0.929293
13356    0.932643
13370    0.932643
13384    0.932643
13398    0.932643
13412    0.932643
13426    0.938526
13440    0.940288
13454    0.946094
13468    0.948912
13482    0.948912
13496    0.953589
13510    0.964353
13524    0.966757
13538    0.971303
13552    0.972821
13566    0.972821
13580    0.978235
13594    0.978235
13608    0.978235
13622    0.978235
13636    0.978235
13650    0.981942
13664    0.985263
13678    0.985263
13692    0.988524
13706    0.988524
13720    0.989684
13734    0.995452
13748    0.995452
13762    0.998257
13776    0.999943
13790    0.999943
13804    0.999943
13818    0.999943
13832    0.999943
13846    0.999943
13860    0.999943
13874    1.00033
13888    1.00033
13902    1.00717
13916    1.01148
13930    1.01561
13944    1.01561
13958    1.02231
13972    1.02424
13986    1.03163
14000    1.03163
14014    1.04364
14028    1.04364
14042    1.04364
14056    1.04733
14070    1.04733
14084    1.04733
14098    1.04905
14112    1.05311
14126    1.05423
14140    1.05423
14154    1.05423
14168    1.05423
14182    1.05423
14196    1.05423
14210    1.05423
14224    1.05423
14238    1.05792
14252    1.05792
14266    1.06332
14280    1.06736
14294    1.06736
14308    1.06736
14322    1.06736
14336    1.07491
14350    1.08021
14364    1.08883
14378    1.09354
14392    1.09354
