0    0
14    6.60666e-006
28    1.36387e-005
42    2.16126e-005
56    2.74892e-005
70    3.6328e-005
84    4.77602e-005
98    6.08088e-005
112    7.51402e-005
126    9.30822e-005
140    0.000109972
154    0.000125612
168    0.000146316
182    0.000157121
196    0.000178608
210    0.000209406
224    0.000236989
238    0.000258046
252    0.00027638
266    0.000298567
280    0.000317864
294    0.000331691
308    0.000351475
322    0.000383123
336    0.000419668
350    0.000443845
364    0.000481494
378    0.000519825
392    0.000545952
406    0.000582105
420    0.000619322
434    0.000645614
448    0.000682317
462    0.000722839
476    0.000759935
490    0.000796656
504    0.000849007
518    0.000901679
532    0.000949752
546    0.00099342
560    0.00104233
574    0.00110122
588    0.00114361
602    0.00119055
616    0.00124628
630    0.00129783
644    0.00134017
658    0.00139643
672    0.00145357
686    0.00149576
700    0.00156194
714    0.00161876
728    0.00167442
742    0.00174084
756    0.00178385
770    0.00183813
784    0.00188814
798    0.00197013
812    0.00201842
826    0.00207431
840    0.00213265
854    0.00220739
868    0.00226055
882    0.00234021
896    0.00240862
910    0.00248487
924    0.00254878
938    0.00262071
952    0.00268483
966    0.00276012
980    0.00282438
994    0.00289456
1008    0.00297843
1022    0.00303816
1036    0.00310827
1050    0.00319662
1064    0.00327068
1078    0.00333528
1092    0.00340426
1106    0.00347753
1120    0.00357051
1134    0.00365973
1148    0.00374882
1162    0.00383286
1176    0.00392024
1190    0.0040005
1204    0.00408333
1218    0.00415185
1232    0.00422292
1246    0.00430778
1260    0.00440128
1274    0.00448399
1288    0.00457189
1302    0.00466508
1316    0.00474991
1330    0.00485485
1344    0.0049343
1358    0.00504
1372    0.00515227
1386    0.00525258
1400    0.00533697
1414    0.00545245
1428    0.00556523
1442    0.00567227
1456    0.00576591
1470    0.00587102
1484    0.00596642
1498    0.00605323
1512    0.00617074
1526    0.00628573
1540    0.00637662
1554    0.00647827
1568    0.00655442
1582    0.00664538
1596    0.0067886
1610    0.00690553
1624    0.00700437
1638    0.00710606
1652    0.00720217
1666    0.0073051
1680    0.00744448
1694    0.00755763
1708    0.00770228
1722    0.00783452
1736    0.00797841
1750    0.00809396
1764    0.00822417
1778    0.00831795
1792    0.00846116
1806    0.00856588
1820    0.00871014
1834    0.00882765
1848    0.00896037
1862    0.00908054
1876    0.00920412
1890    0.0093276
1904    0.0094373
1918    0.00958077
1932    0.00972926
1946    0.00986858
1960    0.0100282
1974    0.0101629
1988    0.0103124
2002    0.0104657
2016    0.0106167
2030    0.0107585
2044    0.0108902
2058    0.0110288
2072    0.0111463
2086    0.0112858
2100    0.0114325
2114    0.0115758
2128    0.0117557
2142    0.0119202
2156    0.0120776
2170    0.012237
2184    0.0123412
2198    0.0124544
2212    0.0125982
2226    0.0127583
2240    0.0129288
2254    0.0130851
2268    0.0132301
2282    0.0133426
2296    0.013504
2310    0.0136875
2324    0.0138323
2338    0.0139855
2352    0.0141703
2366    0.014335
2380    0.0144847
2394    0.0146321
2408    0.0147664
2422    0.0149069
2436    0.0150528
2450    0.0152209
2464    0.0154108
2478    0.0156148
2492    0.0157873
2506    0.0159733
2520    0.0161291
2534    0.0163482
2548    0.0165123
2562    0.0166723
2576    0.0168461
2590    0.0170789
2604    0.0172774
2618    0.0174957
2632    0.0176864
2646    0.0178678
2660    0.0180415
2674    0.0181975
2688    0.0183342
2702    0.0185248
2716    0.0187042
2730    0.0188699
2744    0.0190743
2758    0.0192725
2772    0.0194351
2786    0.0195766
2800    0.0197383
2814    0.0199225
2828    0.0201939
2842    0.0203974
2856    0.0205466
2870    0.0207435
2884    0.0209779
2898    0.0211464
2912    0.0213594
2926    0.0215288
2940    0.0217527
2954    0.0219842
2968    0.0221942
2982    0.0223644
2996    0.0225963
3010    0.0227457
3024    0.0229509
3038    0.0231519
3052    0.0233428
3066    0.0235481
3080    0.0237793
3094    0.0240062
3108    0.0241783
3122    0.0243583
3136    0.0245743
3150    0.0247785
3164    0.0249991
3178    0.0251769
3192    0.0254406
3206    0.0256784
3220    0.0258371
3234    0.0260859
3248    0.0263048
3262    0.0265317
3276    0.0268112
3290    0.0270277
3304    0.0272851
3318    0.0275298
3332    0.0277784
3346    0.0279694
3360    0.0281623
3374    0.0283975
3388    0.028612
3402    0.0288091
3416    0.0290755
3430    0.0292837
3444    0.0295404
3458    0.029759
3472    0.0300023
3486    0.0302096
3500    0.0304852
3514    0.0306938
3528    0.0309514
3542    0.031192
3556    0.0314226
3570    0.0316755
3584    0.0318974
3598    0.0321084
3612    0.032404
3626    0.0326457
3640    0.0329256
3654    0.03321
3668    0.0333944
3682    0.0336362
3696    0.0339092
3710    0.034179
3724    0.0344013
3738    0.0346299
3752    0.0349123
3766    0.0351705
3780    0.0354395
3794    0.0356758
3808    0.0359236
3822    0.0361726
3836    0.0363977
3850    0.0366649
3864    0.036916
3878    0.0371456
3892    0.0373777
3906    0.0376198
3920    0.0378748
3934    0.0381566
3948    0.0384368
3962    0.0387263
3976    0.0389913
3990    0.0392434
4004    0.0395094
4018    0.0398301
4032    0.0401325
4046    0.0403695
4060    0.0406657
4074    0.040936
4088    0.0412317
4102    0.0415208
4116    0.0417247
4130    0.0420379
4144    0.0423215
4158    0.0425909
4172    0.0428579
4186    0.0431216
4200    0.0434024
4214    0.0436912
4228    0.0439809
4242    0.0442644
4256    0.0445353
4270    0.0447672
4284    0.0451315
4298    0.0453884
4312    0.0456895
4326    0.0459444
4340    0.046199
4354    0.0464502
4368    0.046758
4382    0.0470607
4396    0.0473616
4410    0.0476006
4424    0.0479237
4438    0.0483133
4452    0.0486313
4466    0.0489834
4480    0.0493172
4494    0.0495735
4508    0.0498781
4522    0.0502249
4536    0.0505061
4550    0.0508226
4564    0.0510868
4578    0.0513699
4592    0.0516695
4606    0.051986
4620    0.052296
4634    0.0526081
4648    0.0528606
4662    0.0531457
4676    0.0534631
4690    0.0538308
4704    0.0541522
4718    0.0544034
4732    0.0547329
4746    0.0550378
4760    0.0552855
4774    0.0556489
4788    0.0559968
4802    0.0562877
4816    0.0565864
4830    0.056894
4844    0.0572382
4858    0.057544
4872    0.0579754
4886    0.0584023
4900    0.0587044
4914    0.0590482
4928    0.0593997
4942    0.0596866
4956    0.0600675
4970    0.0603905
4984    0.0607098
4998    0.0610497
5012    0.0614091
5026    0.0617102
5040    0.0621164
5054    0.0625056
5068    0.0628846
5082    0.0632108
5096    0.0635602
5110    0.0639201
5124    0.0643263
5138    0.0646227
5152    0.0649549
5166    0.0652691
5180    0.0656186
5194    0.0660202
5208    0.066382
5222    0.0667375
5236    0.0671416
5250    0.0674257
5264    0.067758
5278    0.0681723
5292    0.0684669
5306    0.0688574
5320    0.0692091
5334    0.0695177
5348    0.0698145
5362    0.0702427
5376    0.0706478
5390    0.0709746
5404    0.071327
5418    0.0716617
5432    0.0719779
5446    0.0722887
5460    0.0726059
5474    0.0729733
5488    0.0733514
5502    0.0736983
5516    0.0740482
5530    0.0744103
5544    0.0747561
5558    0.0751626
5572    0.075534
5586    0.075875
5600    0.076266
5614    0.0766982
5628    0.0770416
5642    0.0773598
5656    0.0776946
5670    0.078151
5684    0.0784945
5698    0.0789086
5712    0.0792934
5726    0.0796568
5740    0.0800674
5754    0.0804439
5768    0.0808204
5782    0.081203
5796    0.0816647
5810    0.0820494
5824    0.0824473
5838    0.0827886
5852    0.0831898
5866    0.0836334
5880    0.0840479
5894    0.0845512
5908    0.0850202
5922    0.0855182
5936    0.0858818
5950    0.0863749
5964    0.08677
5978    0.087093
5992    0.0875086
6006    0.0879273
6020    0.0883905
6034    0.0888099
6048    0.0892154
6062    0.0896354
6076    0.0899539
6090    0.0904495
6104    0.0908485
6118    0.0912526
6132    0.0916338
6146    0.0920789
6160    0.0925163
6174    0.0928864
6188    0.0932801
6202    0.0937494
6216    0.0941719
6230    0.0946804
6244    0.0950679
6258    0.0955106
6272    0.0958551
6286    0.096262
6300    0.0967618
6314    0.0971441
6328    0.09751
6342    0.0980065
6356    0.0983558
6370    0.0987182
6384    0.0991138
6398    0.0995264
6412    0.100024
6426    0.1005
6440    0.10087
6454    0.10126
6468    0.101604
6482    0.101995
6496    0.102317
6510    0.102699
6524    0.103141
6538    0.103646
6552    0.104129
6566    0.104502
6580    0.104973
6594    0.105446
6608    0.105892
6622    0.106354
6636    0.106844
6650    0.10733
6664    0.107847
6678    0.108356
6692    0.108764
6706    0.109253
6720    0.109672
6734    0.110084
6748    0.110447
6762    0.110951
6776    0.111435
6790    0.111877
6804    0.112301
6818    0.112762
6832    0.113193
6846    0.113587
6860    0.114022
6874    0.114443
6888    0.115045
6902    0.115529
6916    0.116053
6930    0.116459
6944    0.116854
6958    0.11729
6972    0.117799
6986    0.11824
7000    0.118711
7014    0.119214
7028    0.119594
7042    0.120139
7056    0.120684
7070    0.121139
7084    0.121664
7098    0.122155
7112    0.122634
7126    0.123107
7140    0.123523
7154    0.124105
7168    0.124539
7182    0.125029
7196    0.125513
7210    0.126018
7224    0.126461
7238    0.126981
7252    0.127463
7266    0.128088
7280    0.12858
7294    0.12912
7308    0.129554
7322    0.130036
7336    0.130432
7350    0.1309
7364    0.13133
7378    0.131754
7392    0.132265
7406    0.132733
7420    0.133157
7434    0.133681
7448    0.134138
7462    0.134708
7476    0.135147
7490    0.13563
7504    0.13606
7518    0.136598
7532    0.137085
7546    0.137546
7560    0.138025
7574    0.138478
7588    0.138879
7602    0.139474
7616    0.1401
7630    0.14062
7644    0.14116
7658    0.141607
7672    0.142095
7686    0.142676
7700    0.143184
7714    0.143666
7728    0.144123
7742    0.144694
7756    0.145238
7770    0.145883
7784    0.146458
7798    0.147118
7812    0.147599
7826    0.14813
7840    0.14861
7854    0.149114
7868    0.149672
7882    0.150125
7896    0.1507
7910    0.151176
7924    0.151711
7938    0.152327
7952    0.152951
7966    0.153482
7980    0.154077
7994    0.154684
8008    0.155194
8022    0.155733
8036    0.156298
8050    0.156866
8064    0.157216
8078    0.157819
8092    0.158382
8106    0.158828
8120    0.159317
8134    0.159943
8148    0.160526
8162    0.16104
8176    0.161603
8190    0.162195
8204    0.16264
8218    0.163173
8232    0.163843
8246    0.164409
8260    0.164902
8274    0.165477
8288    0.166033
8302    0.166601
8316    0.167229
8330    0.167828
8344    0.168364
8358    0.168832
8372    0.169419
8386    0.169951
8400    0.170604
8414    0.171157
8428    0.171681
8442    0.172298
8456    0.172849
8470    0.173487
8484    0.174043
8498    0.174691
8512    0.175144
8526    0.175744
8540    0.176325
8554    0.176844
8568    0.177361
8582    0.177833
8596    0.178336
8610    0.17906
8624    0.17957
8638    0.180293
8652    0.180849
8666    0.18135
8680    0.181854
8694    0.182418
8708    0.183017
8722    0.183611
8736    0.184218
8750    0.184899
8764    0.185478
8778    0.186121
8792    0.186716
8806    0.187282
8820    0.187851
8834    0.188529
8848    0.189165
8862    0.189778
8876    0.190278
8890    0.190845
8904    0.191414
8918    0.191938
8932    0.192569
8946    0.193176
8960    0.193769
8974    0.194387
8988    0.195026
9002    0.195559
9016    0.196172
9030    0.196827
9044    0.197453
9058    0.198195
9072    0.198813
9086    0.199476
9100    0.200139
9114    0.200795
9128    0.201377
9142    0.201981
9156    0.202536
9170    0.203228
9184    0.203901
9198    0.204442
9212    0.205106
9226    0.20578
9240    0.206484
9254    0.20703
9268    0.2077
9282    0.208414
9296    0.208756
9310    0.209358
9324    0.209953
9338    0.210616
9352    0.211259
9366    0.21189
9380    0.212574
9394    0.213362
9408    0.21397
9422    0.214637
9436    0.215232
9450    0.215643
9464    0.216254
9478    0.216801
9492    0.217401
9506    0.21801
9520    0.218542
9534    0.219132
9548    0.219857
9562    0.22044
9576    0.221147
9590    0.221745
9604    0.222432
9618    0.22305
9632    0.223527
9646    0.224094
9660    0.224738
9674    0.225285
9688    0.225922
9702    0.226524
9716    0.227093
9730    0.227755
9744    0.228231
9758    0.228949
9772    0.229529
9786    0.230325
9800    0.230885
9814    0.231479
9828    0.232146
9842    0.232797
9856    0.23356
9870    0.234232
9884    0.234876
9898    0.23555
9912    0.236158
9926    0.236857
9940    0.237547
9954    0.238374
9968    0.23901
9982    0.239747
9996    0.240348
10010    0.241022
10024    0.241732
10038    0.242354
10052    0.242935
10066    0.243607
10080    0.244165
10094    0.244845
10108    0.245425
10122    0.246112
10136    0.246733
10150    0.24722
10164    0.24779
10178    0.248436
10192    0.249185
10206    0.249844
10220    0.250629
10234    0.251368
10248    0.252001
10262    0.252614
10276    0.253338
10290    0.253916
10304    0.254678
10318    0.255355
10332    0.255999
10346    0.256595
10360    0.257278
10374    0.257998
10388    0.258821
10402    0.25953
10416    0.260422
10430    0.261068
10444    0.261896
10458    0.262538
10472    0.263321
10486    0.264007
10500    0.264665
10514    0.265334
10528    0.265923
10542    0.266562
10556    0.267269
10570    0.267967
10584    0.268816
10598    0.269464
10612    0.270221
10626    0.270969
10640    0.271749
10654    0.272457
10668    0.273154
10682    0.273802
10696    0.274606
10710    0.275293
10724    0.275876
10738    0.276514
10752    0.277328
10766    0.278179
10780    0.278917
10794    0.279594
10808    0.280474
10822    0.281112
10836    0.281706
10850    0.282394
10864    0.2832
10878    0.283791
10892    0.284585
10906    0.285401
10920    0.286131
10934    0.286949
10948    0.287712
10962    0.288247
10976    0.28897
10990    0.289788
11004    0.290593
11018    0.291303
11032    0.292068
11046    0.292916
11060    0.293657
11074    0.294356
11088    0.295028
11102    0.295729
11116    0.296419
11130    0.297258
11144    0.29785
11158    0.298497
11172    0.29916
11186    0.299847
11200    0.300545
11214    0.301357
11228    0.30218
11242    0.303003
11256    0.303731
11270    0.304589
11284    0.305386
11298    0.306225
11312    0.306979
11326    0.307844
11340    0.308461
11354    0.309056
11368    0.309645
11382    0.310323
11396    0.311169
11410    0.311901
11424    0.312728
11438    0.313497
11452    0.314223
11466    0.315026
11480    0.315889
11494    0.316522
11508    0.317331
11522    0.318147
11536    0.319146
11550    0.319885
11564    0.320726
11578    0.32148
11592    0.322219
11606    0.323058
11620    0.323868
11634    0.324549
11648    0.32527
11662    0.326127
11676    0.326718
11690    0.327687
11704    0.328396
11718    0.329191
11732    0.329906
11746    0.330804
11760    0.331486
11774    0.332219
11788    0.333221
11802    0.333805
11816    0.334685
11830    0.33546
11844    0.336135
11858    0.336871
11872    0.337745
11886    0.338417
11900    0.339278
11914    0.340086
11928    0.340873
11942    0.341688
11956    0.342477
11970    0.343276
11984    0.344187
11998    0.345008
12012    0.345777
12026    0.346706
12040    0.347412
12054    0.34821
12068    0.349132
12082    0.349919
12096    0.350763
12110    0.351343
12124    0.352046
12138    0.353057
12152    0.353916
12166    0.354852
12180    0.355687
12194    0.356588
12208    0.357358
12222    0.358257
12236    0.359096
12250    0.359953
12264    0.360878
12278    0.361603
12292    0.362418
12306    0.362955
12320    0.363801
12334    0.364703
12348    0.365448
12362    0.366303
12376    0.367256
12390    0.367978
12404    0.369013
12418    0.369801
12432    0.37063
12446    0.371466
12460    0.372217
12474    0.373064
12488    0.373743
12502    0.374547
12516    0.375387
12530    0.376325
12544    0.377233
12558    0.378033
12572    0.378766
12586    0.379607
12600    0.380325
12614    0.381137
12628    0.38219
12642    0.383096
12656    0.384089
12670    0.385008
12684    0.385921
12698    0.386904
12712    0.387892
12726    0.38874
12740    0.389589
12754    0.390517
12768    0.391382
12782    0.392131
12796    0.393152
12810    0.394042
12824    0.394872
12838    0.395601
12852    0.396447
12866    0.397421
12880    0.398244
12894    0.399178
12908    0.399954
12922    0.4009
12936    0.4019
12950    0.402828
12964    0.403725
12978    0.40471
12992    0.405662
13006    0.406494
13020    0.407354
13034    0.408387
13048    0.409323
13062    0.410158
13076    0.410971
13090    0.411816
13104    0.412549
13118    0.413355
13132    0.414125
13146    0.414996
13160    0.415863
13174    0.416638
13188    0.417507
13202    0.418382
13216    0.419368
13230    0.420201
13244    0.421067
13258    0.422053
13272    0.423002
13286    0.423911
13300    0.425009
13314    0.426008
13328    0.42702
13342    0.428011
13356    0.429037
13370    0.429939
13384    0.430742
13398    0.431348
13412    0.432067
13426    0.433193
13440    0.434202
13454    0.435216
13468    0.435874
13482    0.436611
13496    0.437354
13510    0.438378
13524    0.439155
13538    0.440058
13552    0.440956
13566    0.442065
13580    0.442961
13594    0.443917
13608    0.444822
13622    0.445682
13636    0.446553
13650    0.447331
13664    0.448139
13678    0.449275
13692    0.450132
13706    0.451079
13720    0.451987
13734    0.452808
13748    0.453737
13762    0.454675
13776    0.455573
13790    0.456408
13804    0.457256
13818    0.458189
13832    0.459008
13846    0.460025
13860    0.460856
13874    0.46174
13888    0.462632
13902    0.46355
13916    0.464593
13930    0.465518
13944    0.466468
13958    0.467244
13972    0.468138
13986    0.469125
14000    0.470081
14014    0.471015
14028    0.471859
14042    0.472741
14056    0.473606
14070    0.474192
14084    0.475022
14098    0.475776
14112    0.4767
14126    0.477724
14140    0.478687
14154    0.479679
14168    0.480748
14182    0.481876
14196    0.482869
14210    0.483604
14224    0.484394
14238    0.485277
14252    0.486108
14266    0.486973
14280    0.487868
14294    0.488772
14308    0.489727
14322    0.490621
14336    0.491427
14350    0.492348
14364    0.49345
14378    0.494344
14392    0.49511
