0    0
14    0.000688744
28    0.0014637
42    0.00217718
56    0.00328433
70    0.00408929
84    0.0045871
98    0.00533934
112    0.00654733
126    0.00727693
140    0.00820013
154    0.00926804
168    0.010316
182    0.0115161
196    0.0123787
210    0.0131537
224    0.0143292
238    0.0155893
252    0.0169919
266    0.0181527
280    0.0204687
294    0.0215592
308    0.0231595
322    0.0242997
336    0.0256877
350    0.0278444
364    0.0295832
378    0.0312534
392    0.0333061
406    0.0347486
420    0.0365377
434    0.0391411
448    0.0412397
462    0.042602
476    0.0451475
490    0.0484222
504    0.0497645
518    0.0523752
532    0.0548333
546    0.0568636
560    0.0587852
574    0.060376
588    0.0626406
602    0.0649081
616    0.0675467
630    0.0695092
644    0.072509
658    0.0748609
672    0.0768766
686    0.0798288
700    0.0831445
714    0.0859144
728    0.0889066
742    0.0915597
756    0.095733
770    0.0987358
784    0.101536
798    0.104573
812    0.108142
826    0.111477
840    0.114489
854    0.118073
868    0.121724
882    0.126043
896    0.129509
910    0.131885
924    0.13562
938    0.14007
952    0.142198
966    0.146458
980    0.150414
994    0.15329
1008    0.156944
1022    0.161841
1036    0.165935
1050    0.170637
1064    0.17625
1078    0.178072
1092    0.181859
1106    0.186996
1120    0.191396
1134    0.19492
1148    0.200061
1162    0.204267
1176    0.20896
1190    0.213707
1204    0.217967
1218    0.222459
1232    0.226083
1246    0.231875
1260    0.235827
1274    0.241365
1288    0.246504
1302    0.250114
1316    0.254433
1330    0.257843
1344    0.26403
1358    0.269311
1372    0.271773
1386    0.278271
1400    0.284562
1414    0.289717
1428    0.294655
1442    0.301709
1456    0.307245
1470    0.31204
1484    0.318466
1498    0.323621
1512    0.328233
1526    0.332169
1540    0.338647
1554    0.344055
1568    0.349796
1582    0.355779
1596    0.361046
1610    0.367632
1624    0.37523
1638    0.379047
1652    0.383716
1666    0.386955
1680    0.391076
1694    0.398537
1708    0.40432
1722    0.411411
1736    0.41476
1750    0.419947
1764    0.424868
1778    0.430362
1792    0.437758
1806    0.445688
1820    0.452465
1834    0.457326
1848    0.465024
1862    0.469261
1876    0.473398
1890    0.478742
1904    0.484229
1918    0.490227
1932    0.496388
1946    0.503948
1960    0.510116
1974    0.517388
1988    0.521199
2002    0.527092
2016    0.531287
2030    0.540127
2044    0.54859
2058    0.553692
2072    0.560865
2086    0.566104
2100    0.573925
2114    0.581814
2128    0.589454
2142    0.597296
2156    0.602845
2170    0.606932
2184    0.609481
2198    0.613231
2212    0.619186
2226    0.625663
2240    0.632081
2254    0.638895
2268    0.646645
2282    0.654631
2296    0.660907
2310    0.667013
2324    0.676233
2338    0.685031
2352    0.693772
2366    0.701103
2380    0.706292
2394    0.714377
2408    0.724395
2422    0.732932
2436    0.742224
2450    0.748247
2464    0.754051
2478    0.76207
2492    0.769529
2506    0.775519
2520    0.783477
2534    0.793736
2548    0.803759
2562    0.80969
2576    0.819274
2590    0.8253
2604    0.834992
2618    0.842113
2632    0.849648
2646    0.856531
2660    0.865433
2674    0.874908
2688    0.879915
2702    0.885932
2716    0.892979
2730    0.906016
2744    0.909865
2758    0.9196
2772    0.927454
2786    0.935022
2800    0.943624
2814    0.951158
2828    0.962489
2842    0.970519
2856    0.975961
2870    0.981593
2884    0.987147
2898    0.995839
2912    1.00329
2926    1.0106
2940    1.01795
2954    1.02564
2968    1.03493
2982    1.04325
2996    1.05415
3010    1.06309
3024    1.06792
3038    1.08111
3052    1.09258
3066    1.10149
3080    1.11195
3094    1.11868
3108    1.12484
3122    1.13387
3136    1.1455
3150    1.15345
3164    1.16853
3178    1.1768
3192    1.18487
3206    1.1934
3220    1.20296
3234    1.2092
3248    1.21615
3262    1.22989
3276    1.24342
3290    1.25101
3304    1.25831
3318    1.27121
3332    1.28041
3346    1.29407
3360    1.30093
3374    1.30674
3388    1.3193
3402    1.33143
3416    1.33829
3430    1.34856
3444    1.35892
3458    1.37181
3472    1.38097
3486    1.39409
3500    1.4031
3514    1.41172
3528    1.42104
3542    1.43159
3556    1.44626
3570    1.45134
3584    1.4628
3598    1.47443
3612    1.48726
3626    1.49898
3640    1.50908
3654    1.52243
3668    1.53518
3682    1.54688
3696    1.55765
3710    1.56589
3724    1.57583
3738    1.58297
3752    1.59371
3766    1.60292
3780    1.60979
3794    1.62165
3808    1.636
3822    1.64808
3836    1.66112
3850    1.67376
3864    1.69166
3878    1.70916
3892    1.71952
3906    1.73217
3920    1.74629
3934    1.7611
3948    1.77282
3962    1.78788
3976    1.80292
3990    1.81263
4004    1.82351
4018    1.83907
4032    1.85164
4046    1.86352
4060    1.87626
4074    1.88707
4088    1.9056
4102    1.91306
4116    1.92256
4130    1.93436
4144    1.94516
4158    1.95691
4172    1.97814
4186    1.98571
4200    2.00062
4214    2.01357
4228    2.02859
4242    2.04114
4256    2.05526
4270    2.06432
4284    2.0768
4298    2.09354
4312    2.10572
4326    2.11663
4340    2.13186
4354    2.14563
4368    2.16172
4382    2.17311
4396    2.18272
4410    2.19242
4424    2.2039
4438    2.21299
4452    2.22155
4466    2.22888
4480    2.24222
4494    2.25335
4508    2.26584
4522    2.2809
4536    2.29577
4550    2.30492
4564    2.31465
4578    2.32622
4592    2.34132
4606    2.35338
4620    2.36765
4634    2.38002
4648    2.38984
4662    2.4053
4676    2.41236
4690    2.42474
4704    2.44182
4718    2.448
4732    2.46199
4746    2.46956
4760    2.48189
4774    2.49232
4788    2.50348
4802    2.51342
4816    2.52479
4830    2.53269
4844    2.54945
4858    2.56328
4872    2.58073
4886    2.59449
4900    2.60724
4914    2.61864
4928    2.6327
4942    2.64842
4956    2.65872
4970    2.67466
4984    2.68679
4998    2.70383
5012    2.71442
5026    2.72964
5040    2.75279
5054    2.76983
5068    2.78608
5082    2.80047
5096    2.82047
5110    2.83706
5124    2.85527
5138    2.8716
5152    2.87971
5166    2.89064
5180    2.90883
5194    2.92099
5208    2.93584
5222    2.95555
5236    2.97456
5250    2.98983
5264    3.00423
5278    3.01194
5292    3.02844
5306    3.0438
5320    3.06035
5334    3.07831
5348    3.09342
5362    3.11215
5376    3.12769
5390    3.14074
5404    3.15316
5418    3.16835
5432    3.18366
5446    3.20024
5460    3.21714
5474    3.22897
5488    3.24571
5502    3.25732
5516    3.27529
5530    3.29039
5544    3.30597
5558    3.3229
5572    3.33323
5586    3.34664
5600    3.35763
5614    3.37447
5628    3.39429
5642    3.40825
5656    3.42675
5670    3.43912
5684    3.45319
5698    3.46825
5712    3.48327
5726    3.50038
5740    3.5129
5754    3.53161
5768    3.55363
5782    3.57925
5796    3.59081
5810    3.60984
5824    3.62832
5838    3.64645
5852    3.66381
5866    3.6804
5880    3.69839
5894    3.70986
5908    3.72483
5922    3.73663
5936    3.75523
5950    3.7662
5964    3.78872
5978    3.80152
5992    3.81657
6006    3.83451
6020    3.84816
6034    3.86197
6048    3.8744
6062    3.89169
6076    3.90861
6090    3.92934
6104    3.95168
6118    3.9673
6132    3.98688
6146    3.99674
6160    4.01684
6174    4.03585
6188    4.05171
6202    4.07175
6216    4.08375
6230    4.10187
6244    4.12351
6258    4.13788
6272    4.15517
6286    4.16807
6300    4.18727
6314    4.20363
6328    4.21985
6342    4.23776
6356    4.25992
6370    4.27342
6384    4.29177
6398    4.3043
6412    4.3158
6426    4.33511
6440    4.35043
6454    4.36269
6468    4.37994
6482    4.3998
6496    4.40948
6510    4.42496
6524    4.44326
6538    4.46148
6552    4.47761
6566    4.4889
6580    4.50723
6594    4.5211
6608    4.54341
6622    4.5623
6636    4.57336
6650    4.58503
6664    4.59791
6678    4.61846
6692    4.63248
6706    4.65412
6720    4.68071
6734    4.69148
6748    4.70763
6762    4.73031
6776    4.75276
6790    4.76772
6804    4.78314
6818    4.8035
6832    4.83067
6846    4.84549
6860    4.86501
6874    4.88292
6888    4.89993
6902    4.91615
6916    4.94255
6930    4.95688
6944    4.96953
6958    4.98794
6972    5.0088
6986    5.03191
7000    5.04786
7014    5.06484
7028    5.08212
7042    5.0936
7056    5.11795
7070    5.14542
7084    5.16679
7098    5.19177
7112    5.20824
7126    5.23265
7140    5.25584
7154    5.27003
7168    5.28587
7182    5.31341
7196    5.31921
7210    5.34078
7224    5.36063
7238    5.38342
7252    5.4081
7266    5.42573
7280    5.4483
7294    5.47055
7308    5.49328
7322    5.51779
7336    5.54132
7350    5.56321
7364    5.58339
7378    5.61062
7392    5.638
7406    5.66605
7420    5.68998
7434    5.70621
7448    5.72773
7462    5.75314
7476    5.77305
7490    5.80101
7504    5.81671
7518    5.83062
7532    5.85976
7546    5.88011
7560    5.90195
7574    5.92272
7588    5.94867
7602    5.96986
7616    5.99681
7630    6.01666
7644    6.03788
7658    6.06053
7672    6.08736
7686    6.10966
7700    6.13313
7714    6.14975
7728    6.16692
7742    6.19234
7756    6.20974
7770    6.22187
7784    6.24822
7798    6.27593
7812    6.30556
7826    6.32859
7840    6.35368
7854    6.3785
7868    6.39592
7882    6.41418
7896    6.44794
7910    6.47545
7924    6.49966
7938    6.52931
7952    6.54897
7966    6.57487
7980    6.60528
7994    6.62385
8008    6.65632
8022    6.68414
8036    6.71245
8050    6.74242
8064    6.76154
8078    6.78474
8092    6.79925
8106    6.82645
8120    6.85588
8134    6.87759
8148    6.91541
8162    6.93704
8176    6.9675
8190    6.99511
8204    7.02369
8218    7.03941
8232    7.06397
8246    7.09275
8260    7.12132
8274    7.1543
8288    7.18866
8302    7.21164
8316    7.22993
8330    7.24971
8344    7.27661
8358    7.30137
8372    7.32157
8386    7.33888
8400    7.36048
8414    7.37296
8428    7.40119
8442    7.4258
8456    7.4439
8470    7.46906
8484    7.48766
8498    7.50435
8512    7.52575
8526    7.551
8540    7.5771
8554    7.60555
8568    7.61787
8582    7.64385
8596    7.6816
8610    7.71144
8624    7.73412
8638    7.7577
8652    7.78349
8666    7.80787
8680    7.81976
8694    7.84409
8708    7.87161
8722    7.89668
8736    7.92066
8750    7.94682
8764    7.98333
8778    8.01365
8792    8.03735
8806    8.05828
8820    8.07882
8834    8.10911
8848    8.13805
8862    8.15319
8876    8.17989
8890    8.20879
8904    8.2399
8918    8.27463
8932    8.29651
8946    8.32222
8960    8.3602
8974    8.3865
8988    8.40818
9002    8.43432
9016    8.45877
9030    8.49045
9044    8.50993
9058    8.53133
9072    8.55524
9086    8.57987
9100    8.6149
9114    8.63513
9128    8.66167
9142    8.69204
9156    8.71987
9170    8.74635
9184    8.7799
9198    8.81137
9212    8.83741
9226    8.87026
9240    8.8853
9254    8.91634
9268    8.94295
9282    8.97327
9296    8.99454
9310    9.01737
9324    9.05631
9338    9.08848
9352    9.10734
9366    9.13585
9380    9.16908
9394    9.19605
9408    9.22812
9422    9.25469
9436    9.28227
9450    9.31176
9464    9.33586
9478    9.37928
9492    9.4051
9506    9.42767
9520    9.45245
9534    9.47987
9548    9.51386
9562    9.54607
9576    9.5687
9590    9.58224
9604    9.60414
9618    9.62599
9632    9.65608
9646    9.68613
9660    9.72726
9674    9.75623
9688    9.78386
9702    9.80576
9716    9.83079
9730    9.86149
9744    9.88948
9758    9.92221
9772    9.94075
9786    9.97224
9800    10.0011
9814    10.032
9828    10.0673
9842    10.0956
9856    10.1243
9870    10.151
9884    10.1768
9898    10.1969
9912    10.2313
9926    10.2587
9940    10.2915
9954    10.3095
9968    10.3404
9982    10.36
9996    10.3983
10010    10.4238
10024    10.4473
10038    10.4633
10052    10.4838
10066    10.5125
10080    10.5489
10094    10.5782
10108    10.5969
10122    10.6317
10136    10.6519
10150    10.6838
10164    10.7009
10178    10.7356
10192    10.7669
10206    10.7942
10220    10.822
10234    10.8404
10248    10.8679
10262    10.8897
10276    10.9122
10290    10.932
10304    10.9608
10318    10.9801
10332    11.0103
10346    11.0361
10360    11.0579
10374    11.0816
10388    11.1295
10402    11.1672
10416    11.2003
10430    11.2204
10444    11.2542
10458    11.2877
10472    11.3173
10486    11.3417
10500    11.3633
10514    11.3862
10528    11.4158
10542    11.4457
10556    11.4767
10570    11.498
10584    11.5209
10598    11.5529
10612    11.597
10626    11.629
10640    11.6556
10654    11.6761
10668    11.697
10682    11.7215
10696    11.761
10710    11.7935
10724    11.8264
10738    11.8511
10752    11.8848
10766    11.9124
10780    11.9386
10794    11.9655
10808    11.9942
10822    12.0312
10836    12.0588
10850    12.0877
10864    12.1113
10878    12.1441
10892    12.1736
10906    12.1901
10920    12.2152
10934    12.2452
10948    12.2777
10962    12.3082
10976    12.3522
10990    12.382
11004    12.4179
11018    12.4518
11032    12.4876
11046    12.5046
11060    12.5324
11074    12.5609
11088    12.5839
11102    12.6175
11116    12.649
11130    12.6873
11144    12.7073
11158    12.7385
11172    12.7547
11186    12.7875
11200    12.8155
11214    12.8352
11228    12.8829
11242    12.9154
11256    12.9436
11270    12.9799
11284    13.0075
11298    13.0476
11312    13.0943
11326    13.1268
11340    13.1639
11354    13.1823
11368    13.2127
11382    13.2453
11396    13.2738
11410    13.3168
11424    13.3587
11438    13.389
11452    13.4256
11466    13.468
11480    13.4894
11494    13.5239
11508    13.5475
11522    13.586
11536    13.6189
11550    13.6525
11564    13.6867
11578    13.7271
11592    13.7578
11606    13.801
11620    13.8339
11634    13.8716
11648    13.905
11662    13.9344
11676    13.9746
11690    14.0165
11704    14.0513
11718    14.085
11732    14.1296
11746    14.1614
11760    14.2001
11774    14.2383
11788    14.2753
11802    14.3113
11816    14.3354
11830    14.3673
11844    14.3952
11858    14.4301
11872    14.4624
11886    14.5087
11900    14.539
11914    14.5784
11928    14.6152
11942    14.6537
11956    14.6849
11970    14.7322
11984    14.7523
11998    14.7987
12012    14.8485
12026    14.8839
12040    14.9165
12054    14.9447
12068    14.9713
12082    15.0086
12096    15.0522
12110    15.0851
12124    15.119
12138    15.1659
12152    15.1985
12166    15.2319
12180    15.2548
12194    15.2878
12208    15.3195
12222    15.3439
12236    15.3721
12250    15.4004
12264    15.4439
12278    15.49
12292    15.5242
12306    15.5663
12320    15.6034
12334    15.6342
12348    15.67
12362    15.7015
12376    15.7317
12390    15.7711
12404    15.8017
12418    15.8284
12432    15.8581
12446    15.8954
12460    15.9203
12474    15.9493
12488    15.9805
12502    16.009
12516    16.0475
12530    16.0798
12544    16.12
12558    16.1608
12572    16.1976
12586    16.2402
12600    16.2915
12614    16.3147
12628    16.3485
12642    16.3814
12656    16.4082
12670    16.4713
12684    16.525
12698    16.5705
12712    16.6003
12726    16.6385
12740    16.6585
12754    16.698
12768    16.7335
12782    16.7683
12796    16.7919
12810    16.8302
12824    16.8725
12838    16.9217
12852    16.9635
12866    16.9882
12880    17.0354
12894    17.0774
12908    17.1228
12922    17.157
12936    17.1963
12950    17.2331
12964    17.2772
12978    17.3234
12992    17.358
13006    17.4021
13020    17.4371
13034    17.4733
13048    17.5113
13062    17.545
13076    17.5837
13090    17.6078
13104    17.6469
13118    17.6707
13132    17.7093
13146    17.746
13160    17.7876
13174    17.8299
13188    17.8803
13202    17.9228
13216    17.9696
13230    17.9994
13244    18.0361
13258    18.0822
13272    18.1126
13286    18.1558
13300    18.1675
13314    18.2191
13328    18.2573
13342    18.3036
13356    18.3525
13370    18.3975
13384    18.4353
13398    18.4762
13412    18.52
13426    18.5683
13440    18.599
13454    18.6518
13468    18.681
13482    18.7103
13496    18.7472
13510    18.7856
13524    18.8267
13538    18.8543
13552    18.8957
13566    18.9365
13580    18.9827
13594    19.019
13608    19.0615
13622    19.1046
13636    19.1583
13650    19.1942
13664    19.2327
13678    19.2704
13692    19.3127
13706    19.3443
13720    19.3858
13734    19.4289
13748    19.4783
13762    19.5249
13776    19.5505
13790    19.5804
13804    19.6408
13818    19.6637
13832    19.7003
13846    19.7346
13860    19.7733
13874    19.8113
13888    19.8455
13902    19.8666
13916    19.9163
13930    19.9529
13944    19.988
13958    20.0263
13972    20.0592
13986    20.0836
14000    20.1291
14014    20.1667
14028    20.2221
14042    20.2633
14056    20.2995
14070    20.3344
14084    20.3865
14098    20.4399
14112    20.4824
14126    20.5068
14140    20.5298
14154    20.578
14168    20.6225
14182    20.6395
14196    20.6781
14210    20.7292
14224    20.7794
14238    20.8202
14252    20.8593
14266    20.9055
14280    20.9423
14294    20.9871
14308    21.0311
14322    21.0894
14336    21.1383
14350    21.1658
14364    21.2041
14378    21.252
14392    21.2874
