0    0
14    0.00140659
28    0.0023708
42    0.00291161
56    0.00516603
70    0.00582039
84    0.00775861
98    0.00957145
112    0.0109677
126    0.0122385
140    0.0137134
154    0.0162204
168    0.016908
182    0.0188954
196    0.0205248
210    0.0227527
224    0.0237391
238    0.0254401
252    0.0284537
266    0.0327795
280    0.0342973
294    0.0358495
308    0.0382154
322    0.0411588
336    0.0446011
350    0.0455925
364    0.0480431
378    0.0501766
392    0.0527968
406    0.0557858
420    0.0591654
434    0.0606413
448    0.0618276
462    0.0637524
476    0.0659815
490    0.0713463
504    0.0750502
518    0.0787325
532    0.0819043
546    0.0853678
560    0.091947
574    0.0949758
588    0.0985672
602    0.10057
616    0.103938
630    0.106085
644    0.111259
658    0.114181
672    0.119362
686    0.122094
700    0.126222
714    0.130643
728    0.133712
742    0.136551
756    0.142006
770    0.146674
784    0.152749
798    0.156718
812    0.161416
826    0.166812
840    0.171217
854    0.174062
868    0.179918
882    0.186521
896    0.18964
910    0.193053
924    0.197774
938    0.205524
952    0.212972
966    0.217775
980    0.226723
994    0.230834
1008    0.23462
1022    0.238852
1036    0.24188
1050    0.24703
1064    0.248703
1078    0.253125
1092    0.256505
1106    0.26295
1120    0.270659
1134    0.279267
1148    0.285708
1162    0.291048
1176    0.297942
1190    0.30441
1204    0.313964
1218    0.323898
1232    0.327534
1246    0.338326
1260    0.344203
1274    0.347793
1288    0.351228
1302    0.356293
1316    0.362145
1330    0.372036
1344    0.379326
1358    0.389126
1372    0.39387
1386    0.400864
1400    0.407463
1414    0.419065
1428    0.428758
1442    0.435308
1456    0.440757
1470    0.448525
1484    0.458296
1498    0.462276
1512    0.467827
1526    0.473846
1540    0.480733
1554    0.487344
1568    0.499005
1582    0.502857
1596    0.510531
1610    0.518954
1624    0.526939
1638    0.539632
1652    0.547685
1666    0.556648
1680    0.564526
1694    0.568628
1708    0.5849
1722    0.591675
1736    0.600511
1750    0.613074
1764    0.619926
1778    0.625788
1792    0.637212
1806    0.644847
1820    0.651503
1834    0.663688
1848    0.672655
1862    0.68264
1876    0.688025
1890    0.696506
1904    0.700777
1918    0.707352
1932    0.716908
1946    0.729652
1960    0.740948
1974    0.751383
1988    0.758639
2002    0.76182
2016    0.772978
2030    0.779264
2044    0.785834
2058    0.799143
2072    0.807651
2086    0.816343
2100    0.825126
2114    0.832168
2128    0.839116
2142    0.848083
2156    0.860034
2170    0.866853
2184    0.875064
2198    0.888379
2212    0.894169
2226    0.906771
2240    0.912368
2254    0.920002
2268    0.924977
2282    0.929543
2296    0.937895
2310    0.940443
2324    0.95315
2338    0.962994
2352    0.969444
2366    0.981205
2380    0.993382
2394    1.00608
2408    1.01622
2422    1.02545
2436    1.03745
2450    1.05138
2464    1.06279
2478    1.0714
2492    1.08027
2506    1.08274
2520    1.09277
2534    1.10109
2548    1.11187
2562    1.11836
2576    1.12855
2590    1.13101
2604    1.14323
2618    1.15742
2632    1.17295
2646    1.18515
2660    1.19768
2674    1.21894
2688    1.23749
2702    1.24861
2716    1.26827
2730    1.28187
2744    1.28814
2758    1.30498
2772    1.30921
2786    1.31867
2800    1.32628
2814    1.33995
2828    1.35348
2842    1.36577
2856    1.37786
2870    1.39323
2884    1.39917
2898    1.41286
2912    1.42609
2926    1.44428
2940    1.45767
2954    1.46372
2968    1.47821
2982    1.4891
2996    1.50883
3010    1.51624
3024    1.53017
3038    1.54156
3052    1.54984
3066    1.56082
3080    1.58433
3094    1.59535
3108    1.61642
3122    1.62434
3136    1.63762
3150    1.64578
3164    1.66348
3178    1.67322
3192    1.68522
3206    1.6996
3220    1.71355
3234    1.72919
3248    1.74609
3262    1.75805
3276    1.77003
3290    1.77948
3304    1.78429
3318    1.79908
3332    1.81516
3346    1.82737
3360    1.85435
3374    1.86482
3388    1.88397
3402    1.89107
3416    1.90581
3430    1.93014
3444    1.94081
3458    1.95143
3472    1.97139
3486    1.98044
3500    2.00446
3514    2.01575
3528    2.02251
3542    2.0445
3556    2.05296
3570    2.06136
3584    2.07266
3598    2.08089
3612    2.10119
3626    2.10816
3640    2.12647
3654    2.13931
3668    2.15697
3682    2.17449
3696    2.19679
3710    2.22057
3724    2.24637
3738    2.26658
3752    2.27406
3766    2.28475
3780    2.29135
3794    2.32166
3808    2.33603
3822    2.35642
3836    2.37253
3850    2.38163
3864    2.40035
3878    2.43245
3892    2.44798
3906    2.46515
3920    2.48399
3934    2.50343
3948    2.51775
3962    2.5345
3976    2.55423
3990    2.55725
4004    2.57695
4018    2.60331
4032    2.61905
4046    2.63384
4060    2.65024
4074    2.66057
4088    2.67204
4102    2.68979
4116    2.7011
4130    2.71272
4144    2.73293
4158    2.74824
4172    2.76476
4186    2.77372
4200    2.77891
4214    2.78837
4228    2.81446
4242    2.83837
4256    2.85741
4270    2.86584
4284    2.87935
4298    2.89424
4312    2.91611
4326    2.93624
4340    2.94452
4354    2.95328
4368    2.97114
4382    2.97708
4396    2.98341
4410    2.99664
4424    3.01927
4438    3.0395
4452    3.05664
4466    3.06342
4480    3.07858
4494    3.09969
4508    3.11414
4522    3.12636
4536    3.14068
4550    3.16057
4564    3.18266
4578    3.19282
4592    3.20429
4606    3.22751
4620    3.23688
4634    3.2489
4648    3.27164
4662    3.29565
4676    3.30934
4690    3.32111
4704    3.33133
4718    3.34829
4732    3.36767
4746    3.38948
4760    3.41335
4774    3.43351
4788    3.4578
4802    3.49291
4816    3.50311
4830    3.52864
4844    3.56408
4858    3.5896
4872    3.61754
4886    3.6483
4900    3.67128
4914    3.69971
4928    3.72807
4942    3.74949
4956    3.7783
4970    3.80454
4984    3.82977
4998    3.85966
5012    3.8817
5026    3.91302
5040    3.93316
5054    3.97153
5068    3.98683
5082    4.00793
5096    4.02492
5110    4.05278
5124    4.06483
5138    4.09415
5152    4.1178
5166    4.12642
5180    4.1368
5194    4.16167
5208    4.18062
5222    4.19705
5236    4.21831
5250    4.24124
5264    4.26956
5278    4.29108
5292    4.31334
5306    4.33476
5320    4.36418
5334    4.39031
5348    4.40399
5362    4.43941
5376    4.47283
5390    4.49486
5404    4.5174
5418    4.53632
5432    4.5707
5446    4.60189
5460    4.62928
5474    4.65578
5488    4.6751
5502    4.70803
5516    4.73198
5530    4.76219
5544    4.77533
5558    4.8007
5572    4.82489
5586    4.8472
5600    4.88401
5614    4.90794
5628    4.92649
5642    4.94404
5656    4.97074
5670    4.99275
5684    5.01288
5698    5.04616
5712    5.0779
5726    5.10825
5740    5.13916
5754    5.1563
5768    5.17973
5782    5.19977
5796    5.21767
5810    5.23249
5824    5.26078
5838    5.29672
5852    5.30653
5866    5.32064
5880    5.35078
5894    5.37205
5908    5.4114
5922    5.4467
5936    5.47162
5950    5.48993
5964    5.53893
5978    5.56448
5992    5.58972
6006    5.62528
6020    5.65867
6034    5.6864
6048    5.72425
6062    5.7473
6076    5.7799
6090    5.81403
6104    5.84378
6118    5.85175
6132    5.87749
6146    5.91534
6160    5.95104
6174    5.96788
6188    5.98738
6202    6.00757
6216    6.03805
6230    6.07594
6244    6.10968
6258    6.13319
6272    6.15838
6286    6.1748
6300    6.19997
6314    6.22441
6328    6.24185
6342    6.27202
6356    6.28967
6370    6.33055
6384    6.36554
6398    6.3844
6412    6.41357
6426    6.4519
6440    6.46953
6454    6.49737
6468    6.52988
6482    6.55227
6496    6.5761
6510    6.58257
6524    6.62326
6538    6.64232
6552    6.66923
6566    6.69428
6580    6.70797
6594    6.75522
6608    6.78428
6622    6.81144
6636    6.83041
6650    6.86605
6664    6.89765
6678    6.92544
6692    6.9547
6706    6.97937
6720    7.01664
6734    7.05662
6748    7.08238
6762    7.11148
6776    7.14574
6790    7.18915
6804    7.23324
6818    7.26588
6832    7.29537
6846    7.32863
6860    7.36003
6874    7.39144
6888    7.42012
6902    7.45644
6916    7.47264
6930    7.49373
6944    7.52207
6958    7.53968
6972    7.56454
6986    7.59253
7000    7.61385
7014    7.64501
7028    7.6809
7042    7.71684
7056    7.75714
7070    7.79541
7084    7.83081
7098    7.85216
7112    7.88866
7126    7.91605
7140    7.9676
7154    7.99677
7168    8.02156
7182    8.0521
7196    8.09231
7210    8.11201
7224    8.15491
7238    8.18143
7252    8.21041
7266    8.25271
7280    8.28901
7294    8.30882
7308    8.35191
7322    8.37775
7336    8.41593
7350    8.43506
7364    8.47214
7378    8.48437
7392    8.50421
7406    8.52472
7420    8.56343
7434    8.59376
7448    8.62244
7462    8.67184
7476    8.69671
7490    8.70871
7504    8.74069
7518    8.76315
7532    8.77694
7546    8.82125
7560    8.83455
7574    8.86333
7588    8.89713
7602    8.91423
7616    8.94347
7630    8.98962
7644    9.02004
7658    9.03494
7672    9.05159
7686    9.09557
7700    9.12112
7714    9.15522
7728    9.18047
7742    9.21376
7756    9.22638
7770    9.24773
7784    9.28037
7798    9.31297
7812    9.34441
7826    9.36608
7840    9.3794
7854    9.41488
7868    9.44413
7882    9.48171
7896    9.50165
7910    9.52062
7924    9.549
7938    9.58975
7952    9.63742
7966    9.65991
7980    9.69238
7994    9.71567
8008    9.73141
8022    9.76624
8036    9.80117
8050    9.82077
8064    9.86097
8078    9.89051
8092    9.91503
8106    9.95683
8120    10.0137
8134    10.0391
8148    10.0594
8162    10.0977
8176    10.1162
8190    10.1327
8204    10.1552
8218    10.1856
8232    10.224
8246    10.2516
8260    10.2812
8274    10.3004
8288    10.3398
8302    10.3737
8316    10.4031
8330    10.4355
8344    10.4587
8358    10.4884
8372    10.5587
8386    10.571
8400    10.6071
8414    10.6395
8428    10.6662
8442    10.6819
8456    10.7334
8470    10.753
8484    10.8079
8498    10.8373
8512    10.8623
8526    10.9239
8540    10.9415
8554    10.994
8568    11.0333
8582    11.0713
8596    11.1103
8610    11.1662
8624    11.2196
8638    11.2724
8652    11.3027
8666    11.3152
8680    11.3352
8694    11.3781
8708    11.3957
8722    11.3977
8736    11.4491
8750    11.505
8764    11.5334
8778    11.5969
8792    11.6379
8806    11.666
8820    11.7052
8834    11.7334
8848    11.7492
8862    11.7896
8876    11.8232
8890    11.8387
8904    11.8702
8918    11.908
8932    11.9244
8946    11.9707
8960    12.0039
8974    12.0239
8988    12.0611
9002    12.0983
9016    12.1617
9030    12.207
9044    12.2277
9058    12.2735
9072    12.3097
9086    12.339
9100    12.3896
9114    12.4315
9128    12.4698
9142    12.5038
9156    12.5361
9170    12.5462
9184    12.5866
9198    12.6387
9212    12.6715
9226    12.7104
9240    12.7458
9254    12.8005
9268    12.8429
9282    12.8757
9296    12.8966
9310    12.9343
9324    12.9911
9338    13.0276
9352    13.0688
9366    13.1087
9380    13.1382
9394    13.162
9408    13.185
9422    13.2327
9436    13.2755
9450    13.3233
9464    13.3488
9478    13.3705
9492    13.4179
9506    13.4534
9520    13.4963
9534    13.5042
9548    13.5459
9562    13.5689
9576    13.6
9590    13.6469
9604    13.6763
9618    13.71
9632    13.7606
9646    13.7967
9660    13.8365
9674    13.8651
9688    13.9033
9702    13.9354
9716    13.9563
9730    14.0074
9744    14.0732
9758    14.0942
9772    14.1119
9786    14.174
9800    14.2146
9814    14.2446
9828    14.2675
9842    14.2964
9856    14.3329
9870    14.3829
9884    14.4203
9898    14.4371
9912    14.4945
9926    14.5131
9940    14.554
9954    14.6003
9968    14.652
9982    14.6919
9996    14.7475
10010    14.7633
10024    14.8163
10038    14.8678
10052    14.899
10066    14.9414
10080    14.9767
10094    14.9927
10108    15.0298
10122    15.0574
10136    15.0961
10150    15.1229
10164    15.1616
10178    15.2045
10192    15.2697
10206    15.2802
10220    15.2983
10234    15.3054
10248    15.3186
10262    15.3659
10276    15.4159
10290    15.4419
10304    15.4816
10318    15.5099
10332    15.5505
10346    15.5655
10360    15.5979
10374    15.6372
10388    15.6907
10402    15.73
10416    15.7828
10430    15.8093
10444    15.8467
10458    15.8656
10472    15.9075
10486    15.9401
10500    15.9944
10514    16.0268
10528    16.0487
10542    16.0722
10556    16.0869
10570    16.1204
10584    16.1316
10598    16.1737
10612    16.2305
10626    16.2539
10640    16.2658
10654    16.3208
10668    16.3767
10682    16.4406
10696    16.5165
10710    16.5457
10724    16.5695
10738    16.5923
10752    16.6624
10766    16.7015
10780    16.7274
10794    16.7613
10808    16.7944
10822    16.8399
10836    16.8752
10850    16.9017
10864    16.9406
10878    16.9986
10892    17.0501
10906    17.0705
10920    17.1111
10934    17.1612
10948    17.1914
10962    17.2707
10976    17.3079
10990    17.3684
11004    17.392
11018    17.4337
11032    17.4578
11046    17.5135
11060    17.5806
11074    17.6357
11088    17.6919
11102    17.7496
11116    17.796
11130    17.8536
11144    17.8924
11158    17.9222
11172    17.9782
11186    18.0331
11200    18.0865
11214    18.1187
11228    18.1654
11242    18.1985
11256    18.2363
11270    18.2839
11284    18.3271
11298    18.3769
11312    18.4128
11326    18.4564
11340    18.4862
11354    18.5326
11368    18.5714
11382    18.6282
11396    18.6528
11410    18.6844
11424    18.718
11438    18.7303
11452    18.77
11466    18.8103
11480    18.8698
11494    18.9056
11508    18.9628
11522    19.0167
11536    19.0748
11550    19.1084
11564    19.1551
11578    19.1856
11592    19.2078
11606    19.2416
11620    19.3003
11634    19.3598
11648    19.404
11662    19.4721
11676    19.5052
11690    19.5583
11704    19.5964
11718    19.6225
11732    19.6836
11746    19.7469
11760    19.7864
11774    19.8213
11788    19.874
11802    19.9
11816    19.9489
11830    19.9935
11844    20.0437
11858    20.1082
11872    20.1433
11886    20.2206
11900    20.2578
11914    20.2759
11928    20.3119
11942    20.3596
11956    20.4035
11970    20.4424
11984    20.4876
11998    20.5325
12012    20.5955
12026    20.6204
12040    20.6682
12054    20.6817
12068    20.73
12082    20.7955
12096    20.8256
12110    20.8836
12124    20.9465
12138    20.9909
12152    21.0378
12166    21.0849
12180    21.1239
12194    21.1622
12208    21.2144
12222    21.2625
12236    21.2951
12250    21.3353
12264    21.3597
12278    21.4013
12292    21.4188
12306    21.4306
12320    21.476
12334    21.5337
12348    21.5801
12362    21.6383
12376    21.6763
12390    21.7248
12404    21.7745
12418    21.8338
12432    21.9168
12446    21.9562
12460    21.9815
12474    22.0202
12488    22.0724
12502    22.1556
12516    22.1996
12530    22.2508
12544    22.3177
12558    22.3598
12572    22.4072
12586    22.4741
12600    22.4811
12614    22.5076
12628    22.5272
12642    22.5638
12656    22.6201
12670    22.6461
12684    22.6915
12698    22.7132
12712    22.7423
12726    22.7762
12740    22.813
12754    22.8644
12768    22.9158
12782    22.9604
12796    22.9782
12810    23.0171
12824    23.0514
12838    23.0959
12852    23.1417
12866    23.1872
12880    23.2525
12894    23.2912
12908    23.3356
12922    23.3993
12936    23.4319
12950    23.4799
12964    23.5356
12978    23.6064
12992    23.6749
13006    23.715
13020    23.7718
13034    23.8402
13048    23.8847
13062    23.9381
13076    23.9887
13090    24.0211
13104    24.05
13118    24.1121
13132    24.1733
13146    24.2345
13160    24.2963
13174    24.3608
13188    24.3938
13202    24.4639
13216    24.4853
13230    24.5202
13244    24.5708
13258    24.5875
13272    24.6527
13286    24.7108
13300    24.753
13314    24.7962
13328    24.8465
13342    24.8799
13356    24.9286
13370    24.981
13384    25.0475
13398    25.0982
13412    25.1491
13426    25.1896
13440    25.2443
13454    25.2682
13468    25.3096
13482    25.3516
13496    25.4341
13510    25.4927
13524    25.5463
13538    25.6347
13552    25.6932
13566    25.7467
13580    25.8222
13594    25.8506
13608    25.9041
13622    25.9383
13636    25.9671
13650    25.9957
13664    26.059
13678    26.1052
13692    26.1698
13706    26.2132
13720    26.2504
13734    26.3209
13748    26.3768
13762    26.4097
13776    26.4421
13790    26.5089
13804    26.578
13818    26.6347
13832    26.6978
13846    26.7842
13860    26.8501
13874    26.9242
13888    26.9495
13902    27.0079
13916    27.0637
13930    27.1249
13944    27.1643
13958    27.1848
13972    27.2216
13986    27.2874
14000    27.33
14014    27.3776
14028    27.4551
14042    27.4989
14056    27.5672
14070    27.639
14084    27.7082
14098    27.7992
14112    27.8375
14126    27.874
14140    27.9193
14154    27.9602
14168    27.9898
14182    28.0609
14196    28.1153
14210    28.1823
14224    28.224
14238    28.2764
14252    28.3594
14266    28.409
14280    28.448
14294    28.4879
14308    28.5534
14322    28.5917
14336    28.6493
14350    28.696
14364    28.7425
14378    28.824
14392    28.8717
