0    0
14    0
28    0
42    0
56    0
70    0
84    0
98    0
112    0
126    0
140    0
154    0
168    0
182    0
196    0
210    0
224    0
238    0
252    0
266    0
280    0
294    0
308    0
322    7.98027e-005
336    7.98027e-005
350    7.98027e-005
364    7.98027e-005
378    7.98027e-005
392    7.98027e-005
406    7.98027e-005
420    7.98027e-005
434    7.98027e-005
448    7.98027e-005
462    7.98027e-005
476    7.98027e-005
490    7.98027e-005
504    7.98027e-005
518    7.98027e-005
532    7.98027e-005
546    7.98027e-005
560    7.98027e-005
574    7.98027e-005
588    7.98027e-005
602    7.98027e-005
616    7.98027e-005
630    7.98027e-005
644    7.98027e-005
658    7.98027e-005
672    7.98027e-005
686    7.98027e-005
700    7.98027e-005
714    7.98027e-005
728    7.98027e-005
742    0.000139734
756    0.000139734
770    0.000139734
784    0.000139734
798    0.000139734
812    0.000306707
826    0.000306707
840    0.000306707
854    0.000306707
868    0.000306707
882    0.000306707
896    0.000306707
910    0.000306707
924    0.000306707
938    0.000306707
952    0.000623855
966    0.000623855
980    0.000623855
994    0.000623855
1008    0.000623855
1022    0.000623855
1036    0.000623855
1050    0.000623855
1064    0.000623855
1078    0.000623855
1092    0.000623855
1106    0.000714999
1120    0.000714999
1134    0.000714999
1148    0.000714999
1162    0.000714999
1176    0.000714999
1190    0.000714999
1204    0.000714999
1218    0.000714999
1232    0.000714999
1246    0.000714999
1260    0.000714999
1274    0.000714999
1288    0.000714999
1302    0.000714999
1316    0.000714999
1330    0.000714999
1344    0.000714999
1358    0.000714999
1372    0.00122091
1386    0.00122091
1400    0.00122091
1414    0.00122091
1428    0.00122091
1442    0.00122091
1456    0.00122091
1470    0.00122091
1484    0.00122091
1498    0.00154624
1512    0.00154624
1526    0.00154624
1540    0.00154624
1554    0.00168755
1568    0.00168755
1582    0.00188328
1596    0.00188328
1610    0.00188328
1624    0.00188328
1638    0.00188328
1652    0.00188328
1666    0.00188328
1680    0.00193804
1694    0.00193804
1708    0.00193804
1722    0.00193804
1736    0.00193804
1750    0.00193804
1764    0.00193804
1778    0.00193804
1792    0.00217119
1806    0.002508
1820    0.002508
1834    0.002508
1848    0.002508
1862    0.002508
1876    0.002508
1890    0.00254425
1904    0.00254425
1918    0.00254425
1932    0.00254425
1946    0.00254425
1960    0.00254425
1974    0.00254425
1988    0.00254425
2002    0.00254425
2016    0.00254425
2030    0.00254425
2044    0.00254425
2058    0.00254425
2072    0.00254425
2086    0.00254425
2100    0.00254425
2114    0.00272087
2128    0.00272087
2142    0.00272087
2156    0.00296065
2170    0.00296065
2184    0.00296065
2198    0.00296065
2212    0.00296065
2226    0.00296065
2240    0.00296065
2254    0.0031306
2268    0.0031306
2282    0.0031306
2296    0.0031306
2310    0.0031306
2324    0.0031306
2338    0.0031306
2352    0.0031306
2366    0.0031306
2380    0.0031306
2394    0.0031306
2408    0.0031306
2422    0.0031306
2436    0.0031306
2450    0.0031306
2464    0.0031306
2478    0.0031306
2492    0.0031306
2506    0.0031306
2520    0.0031306
2534    0.00325027
2548    0.00325027
2562    0.00325027
2576    0.00325027
2590    0.00325027
2604    0.00325027
2618    0.00325027
2632    0.00325027
2646    0.00328573
2660    0.00328573
2674    0.00328573
2688    0.00328573
2702    0.00328573
2716    0.00328573
2730    0.00328573
2744    0.00328573
2758    0.00328573
2772    0.00328573
2786    0.00328573
2800    0.00328573
2814    0.00328573
2828    0.00328573
2842    0.00390112
2856    0.00390112
2870    0.00390112
2884    0.00390112
2898    0.00398386
2912    0.00417782
2926    0.00417782
2940    0.00417782
2954    0.00417782
2968    0.00417782
2982    0.00417782
2996    0.00417911
3010    0.00417911
3024    0.00417911
3038    0.00417911
3052    0.00417911
3066    0.00424981
3080    0.00424981
3094    0.00428694
3108    0.00428694
3122    0.00428694
3136    0.00428694
3150    0.00428694
3164    0.00428694
3178    0.00428694
3192    0.00428694
3206    0.00428694
3220    0.00428694
3234    0.00428694
3248    0.00428694
3262    0.00428694
3276    0.00428694
3290    0.00428694
3304    0.00428694
3318    0.00428694
3332    0.00428694
3346    0.00428694
3360    0.00428694
3374    0.00428694
3388    0.00428694
3402    0.00486148
3416    0.00486148
3430    0.00486148
3444    0.00486148
3458    0.00486148
3472    0.00486148
3486    0.00486148
3500    0.00486148
3514    0.00486148
3528    0.00486148
3542    0.00486148
3556    0.00486148
3570    0.00486148
3584    0.00486148
3598    0.00486148
3612    0.00486148
3626    0.00486148
3640    0.00486148
3654    0.00486148
3668    0.00486148
3682    0.00546934
3696    0.00546934
3710    0.00546934
3724    0.00546934
3738    0.00546934
3752    0.00546934
3766    0.00546934
3780    0.00555607
3794    0.00555607
3808    0.00555607
3822    0.00555607
3836    0.00555607
3850    0.00582935
3864    0.00586781
3878    0.00586781
3892    0.00586781
3906    0.00586781
3920    0.00586781
3934    0.00586781
3948    0.00586781
3962    0.00621949
3976    0.00621949
3990    0.00621949
4004    0.00621949
4018    0.00621949
4032    0.00621949
4046    0.00621949
4060    0.00621949
4074    0.00621949
4088    0.00621949
4102    0.00621949
4116    0.00621949
4130    0.00621949
4144    0.00621949
4158    0.00666278
4172    0.00666278
4186    0.00666278
4200    0.00666278
4214    0.00666278
4228    0.00666278
4242    0.00666278
4256    0.00666278
4270    0.00666278
4284    0.00666278
4298    0.00666278
4312    0.00666278
4326    0.00666278
4340    0.00666278
4354    0.00666278
4368    0.00672633
4382    0.00672633
4396    0.00672633
4410    0.00672633
4424    0.00672633
4438    0.00672633
4452    0.00672633
4466    0.00672633
4480    0.00672633
4494    0.00672633
4508    0.00763293
4522    0.00763293
4536    0.00763293
4550    0.00763293
4564    0.00763293
4578    0.00763293
4592    0.00763293
4606    0.00763293
4620    0.00763293
4634    0.00763293
4648    0.00801748
4662    0.00801748
4676    0.0082666
4690    0.0082666
4704    0.0082666
4718    0.0082666
4732    0.0082666
4746    0.0082666
4760    0.0082666
4774    0.0082666
4788    0.0082666
4802    0.0082666
4816    0.0082666
4830    0.0082666
4844    0.0082666
4858    0.0082666
4872    0.0082666
4886    0.0082666
4900    0.0082666
4914    0.0082666
4928    0.0082666
4942    0.0082666
4956    0.0082666
4970    0.0082666
4984    0.0082666
4998    0.0082666
5012    0.0082666
5026    0.0082666
5040    0.0082666
5054    0.0082666
5068    0.0082666
5082    0.0082666
5096    0.0082666
5110    0.0082666
5124    0.0082666
5138    0.0082666
5152    0.0082666
5166    0.0082666
5180    0.0082666
5194    0.0082666
5208    0.0082666
5222    0.0082666
5236    0.0082666
5250    0.0082666
5264    0.0082666
5278    0.0082666
5292    0.0082666
5306    0.0082666
5320    0.0082666
5334    0.0082666
5348    0.0082666
5362    0.0082666
5376    0.0082666
5390    0.0082666
5404    0.0082666
5418    0.0082666
5432    0.0082666
5446    0.0082666
5460    0.0082666
5474    0.0082666
5488    0.0082666
5502    0.0082666
5516    0.0082666
5530    0.00835161
5544    0.00835161
5558    0.00835161
5572    0.00835161
5586    0.00835161
5600    0.00835161
5614    0.00851098
5628    0.00851098
5642    0.00851098
5656    0.00851098
5670    0.00851098
5684    0.00851098
5698    0.00851098
5712    0.00851098
5726    0.00851098
5740    0.00877196
5754    0.00877196
5768    0.00877196
5782    0.00877196
5796    0.00877196
5810    0.00877196
5824    0.00877196
5838    0.00877196
5852    0.00877196
5866    0.00877196
5880    0.00877196
5894    0.00877196
5908    0.00877196
5922    0.00877196
5936    0.00877196
5950    0.00877196
5964    0.00877196
5978    0.00877196
5992    0.00877196
6006    0.00877196
6020    0.00877196
6034    0.00877196
6048    0.00877196
6062    0.00877196
6076    0.00924811
6090    0.00924811
6104    0.00925501
6118    0.00925501
6132    0.00959899
6146    0.00959899
6160    0.00959899
6174    0.00959899
6188    0.00959899
6202    0.00959899
6216    0.00959899
6230    0.00959899
6244    0.00959899
6258    0.00996704
6272    0.00996704
6286    0.00996704
6300    0.00996704
6314    0.00996704
6328    0.00996704
6342    0.00996704
6356    0.00996704
6370    0.00996704
6384    0.00996704
6398    0.00996704
6412    0.00996704
6426    0.00996704
6440    0.00996704
6454    0.00996704
6468    0.00996704
6482    0.00996704
6496    0.00996704
6510    0.00996704
6524    0.00996704
6538    0.00996704
6552    0.00996704
6566    0.00996704
6580    0.00996704
6594    0.00996704
6608    0.00996704
6622    0.00996704
6636    0.00996704
6650    0.00996704
6664    0.00996704
6678    0.00996704
6692    0.00996704
6706    0.00996704
6720    0.00996704
6734    0.00996704
6748    0.00996704
6762    0.00996704
6776    0.00996704
6790    0.00996704
6804    0.00996704
6818    0.00996704
6832    0.00996704
6846    0.00996704
6860    0.00996704
6874    0.00996704
6888    0.00996704
6902    0.00996704
6916    0.00996704
6930    0.00996704
6944    0.00996704
6958    0.00996704
6972    0.00996704
6986    0.00996704
7000    0.00996704
7014    0.00996704
7028    0.00996704
7042    0.00996704
7056    0.00996704
7070    0.00996704
7084    0.00996704
7098    0.00996704
7112    0.0105386
7126    0.0105386
7140    0.0105386
7154    0.0105386
7168    0.0105386
7182    0.0105386
7196    0.0105386
7210    0.0105386
7224    0.0105482
7238    0.0105482
7252    0.0105482
7266    0.0105482
7280    0.0105482
7294    0.0105482
7308    0.0105482
7322    0.0105482
7336    0.0105482
7350    0.0105482
7364    0.0105482
7378    0.0105482
7392    0.0105482
7406    0.0105482
7420    0.0105482
7434    0.0105482
7448    0.0105482
7462    0.0105482
7476    0.0105482
7490    0.0105482
7504    0.0105482
7518    0.0105482
7532    0.0114723
7546    0.0114723
7560    0.0116147
7574    0.0118469
7588    0.0125838
7602    0.0125838
7616    0.0125838
7630    0.0125838
7644    0.0125838
7658    0.0125838
7672    0.0125838
7686    0.0125838
7700    0.0125838
7714    0.0125838
7728    0.0125838
7742    0.0125838
7756    0.0125838
7770    0.0125838
7784    0.0125838
7798    0.0125838
7812    0.0125838
7826    0.0125838
7840    0.0125838
7854    0.0125838
7868    0.0127455
7882    0.0127455
7896    0.0127455
7910    0.0127455
7924    0.0127455
7938    0.0129486
7952    0.0129486
7966    0.0129486
7980    0.0129486
7994    0.0129486
8008    0.0129486
8022    0.0129486
8036    0.0129486
8050    0.0129486
8064    0.0132111
8078    0.0132111
8092    0.0132111
8106    0.0132111
8120    0.0132111
8134    0.0132111
8148    0.0137736
8162    0.0137736
8176    0.0137736
8190    0.0137736
8204    0.0137736
8218    0.0137736
8232    0.0140811
8246    0.0140811
8260    0.0140811
8274    0.0140811
8288    0.0140811
8302    0.0140811
8316    0.0143151
8330    0.0143151
8344    0.0143151
8358    0.0143151
8372    0.0143151
8386    0.0143151
8400    0.0144962
8414    0.0144962
8428    0.0144962
8442    0.0144962
8456    0.0144962
8470    0.0144962
8484    0.0144962
8498    0.0147917
8512    0.0147917
8526    0.0147917
8540    0.0147917
8554    0.0147917
8568    0.0147917
8582    0.0147917
8596    0.0147917
8610    0.0147917
8624    0.0147917
8638    0.0147917
8652    0.0147917
8666    0.0147917
8680    0.0147917
8694    0.0147917
8708    0.0147917
8722    0.0147917
8736    0.0147917
8750    0.0147917
8764    0.0147917
8778    0.0149599
8792    0.0149599
8806    0.0149599
8820    0.0149599
8834    0.0149599
8848    0.0149599
8862    0.0149599
8876    0.0149599
8890    0.0149599
8904    0.0157336
8918    0.0157336
8932    0.0157336
8946    0.0157336
8960    0.0157336
8974    0.0158996
8988    0.0158996
9002    0.0158996
9016    0.0158996
9030    0.0158996
9044    0.0158996
9058    0.0158996
9072    0.0158996
9086    0.0158996
9100    0.0158996
9114    0.0158996
9128    0.0158996
9142    0.0158996
9156    0.0158996
9170    0.0158996
9184    0.0158996
9198    0.0158996
9212    0.0158996
9226    0.0158996
9240    0.0158996
9254    0.0158996
9268    0.0158996
9282    0.0158996
9296    0.0158996
9310    0.0167331
9324    0.0167331
9338    0.0174474
9352    0.0174474
9366    0.0174474
9380    0.0174474
9394    0.0174474
9408    0.0174474
9422    0.0174474
9436    0.0174474
9450    0.0174474
9464    0.0174474
9478    0.0174474
9492    0.0174474
9506    0.0174474
9520    0.0174474
9534    0.0174474
9548    0.0174474
9562    0.0174474
9576    0.0174474
9590    0.0174474
9604    0.0174474
9618    0.0174474
9632    0.0174474
9646    0.0174474
9660    0.0174474
9674    0.0174474
9688    0.0174474
9702    0.0174474
9716    0.0174474
9730    0.0174474
9744    0.0174474
9758    0.0174474
9772    0.0174474
9786    0.0174474
9800    0.0174474
9814    0.0174474
9828    0.0174474
9842    0.0174474
9856    0.0174474
9870    0.0174474
9884    0.0174474
9898    0.0174474
9912    0.0174474
9926    0.0174474
9940    0.0174474
9954    0.0174474
9968    0.0174474
9982    0.0174474
9996    0.0174474
10010    0.0174474
10024    0.0178348
10038    0.0178348
10052    0.0178348
10066    0.0178348
10080    0.0178348
10094    0.0178348
10108    0.0181052
10122    0.0181052
10136    0.0181052
10150    0.0181052
10164    0.0181052
10178    0.0181052
10192    0.0181052
10206    0.0181052
10220    0.0181052
10234    0.0183986
10248    0.0183986
10262    0.0183986
10276    0.0183986
10290    0.0183986
10304    0.0183986
10318    0.0183986
10332    0.0183986
10346    0.0183986
10360    0.0183986
10374    0.0183986
10388    0.0183986
10402    0.0183986
10416    0.0183986
10430    0.0183986
10444    0.0188068
10458    0.0188068
10472    0.0188068
10486    0.0188068
10500    0.0188068
10514    0.0188068
10528    0.0188068
10542    0.0188068
10556    0.0188068
10570    0.0188068
10584    0.0188068
10598    0.0188068
10612    0.0188068
10626    0.0188068
10640    0.019178
10654    0.019178
10668    0.019178
10682    0.019178
10696    0.019178
10710    0.019178
10724    0.019178
10738    0.019178
10752    0.019178
10766    0.019178
10780    0.019178
10794    0.019178
10808    0.019178
10822    0.019178
10836    0.019178
10850    0.019178
10864    0.019178
10878    0.019178
10892    0.019381
10906    0.019381
10920    0.019381
10934    0.019381
10948    0.019381
10962    0.019381
10976    0.019381
10990    0.019381
11004    0.019381
11018    0.019381
11032    0.019381
11046    0.019381
11060    0.019381
11074    0.019381
11088    0.019381
11102    0.019381
11116    0.019955
11130    0.019955
11144    0.019955
11158    0.019955
11172    0.019955
11186    0.019955
11200    0.019955
11214    0.019955
11228    0.019955
11242    0.019955
11256    0.019955
11270    0.019955
11284    0.019955
11298    0.019955
11312    0.019955
11326    0.019955
11340    0.0200117
11354    0.0200117
11368    0.0200117
11382    0.0200117
11396    0.0200117
11410    0.0203621
11424    0.0203621
11438    0.0203621
11452    0.0203856
11466    0.0203856
11480    0.020512
11494    0.020512
11508    0.020512
11522    0.020512
11536    0.020512
11550    0.020512
11564    0.020512
11578    0.020512
11592    0.0211791
11606    0.0211791
11620    0.0212119
11634    0.0212119
11648    0.0212119
11662    0.0212119
11676    0.0212119
11690    0.0212119
11704    0.0212119
11718    0.0212119
11732    0.0212119
11746    0.0212119
11760    0.0212119
11774    0.0212119
11788    0.0212119
11802    0.0212119
11816    0.0212119
11830    0.0212119
11844    0.022024
11858    0.022024
11872    0.0225005
11886    0.0225005
11900    0.0225005
11914    0.0225005
11928    0.0225005
11942    0.0225005
11956    0.0226509
11970    0.0226509
11984    0.0226509
11998    0.0226509
12012    0.0226509
12026    0.0226509
12040    0.0226509
12054    0.0227949
12068    0.0229337
12082    0.0229337
12096    0.0229337
12110    0.0229337
12124    0.0229337
12138    0.0229337
12152    0.0229337
12166    0.0229337
12180    0.0229337
12194    0.0229337
12208    0.0241065
12222    0.0241065
12236    0.0241065
12250    0.0241065
12264    0.0241065
12278    0.0241065
12292    0.0241065
12306    0.0241065
12320    0.0241065
12334    0.0241065
12348    0.0241065
12362    0.0241065
12376    0.0241065
12390    0.0245377
12404    0.0245377
12418    0.0245377
12432    0.0245377
12446    0.0245377
12460    0.0245377
12474    0.0245377
12488    0.0245377
12502    0.0245377
12516    0.0245377
12530    0.0245377
12544    0.0245377
12558    0.0245377
12572    0.0245377
12586    0.0245377
12600    0.0245377
12614    0.0252877
12628    0.0252877
12642    0.0255917
12656    0.0255917
12670    0.0257322
12684    0.0257322
12698    0.0257322
12712    0.0257322
12726    0.0257322
12740    0.0257322
12754    0.0257322
12768    0.0266098
12782    0.0275574
12796    0.0275574
12810    0.0275574
12824    0.0275574
12838    0.0275574
12852    0.0275574
12866    0.0275574
12880    0.0275574
12894    0.0275574
12908    0.0275574
12922    0.0275574
12936    0.0275574
12950    0.0275574
12964    0.0275574
12978    0.0275574
12992    0.0275574
13006    0.0275574
13020    0.0280098
13034    0.0280098
13048    0.0280098
13062    0.0280098
13076    0.0280098
13090    0.0280098
13104    0.0280098
13118    0.0280098
13132    0.0280098
13146    0.0280098
13160    0.0280098
13174    0.0280098
13188    0.0280098
13202    0.0280098
13216    0.0280098
13230    0.0280098
13244    0.0280098
13258    0.0280098
13272    0.0280098
13286    0.0280098
13300    0.0280098
13314    0.0280098
13328    0.0280098
13342    0.0280098
13356    0.0280098
13370    0.0280098
13384    0.0280098
13398    0.028542
13412    0.028542
13426    0.028542
13440    0.028542
13454    0.0285858
13468    0.0285858
13482    0.0288662
13496    0.0288662
13510    0.0288662
13524    0.0288662
13538    0.0288662
13552    0.0288662
13566    0.0288662
13580    0.0288662
13594    0.0288662
13608    0.0288662
13622    0.0288662
13636    0.0288662
13650    0.0288662
13664    0.0291838
13678    0.0291838
13692    0.0291838
13706    0.0291838
13720    0.0291838
13734    0.0291838
13748    0.0291838
13762    0.0291838
13776    0.0291838
13790    0.0291838
13804    0.0291838
13818    0.0291838
13832    0.0291838
13846    0.0291838
13860    0.0291838
13874    0.0291838
13888    0.0291838
13902    0.0291838
13916    0.0291838
13930    0.0291838
13944    0.0291838
13958    0.0291838
13972    0.0291838
13986    0.0291838
14000    0.0291838
14014    0.0291838
14028    0.0303777
14042    0.0303777
14056    0.0303777
14070    0.0303777
14084    0.0303777
14098    0.0303777
14112    0.0303777
14126    0.0303777
14140    0.0303777
14154    0.0303777
14168    0.0305939
14182    0.0305939
14196    0.0305939
14210    0.0305939
14224    0.0318743
14238    0.0318743
14252    0.0330749
14266    0.0330749
14280    0.0330749
14294    0.0330749
14308    0.0330749
14322    0.0330749
14336    0.0330749
14350    0.0330749
14364    0.0330749
14378    0.0330749
14392    0.0330749
