0    0
14    0
28    0
42    0
56    0
70    0
84    0
98    0
112    0
126    0
140    0
154    0
168    0
182    0
196    0
210    0
224    0
238    0
252    0
266    0
280    0
294    0
308    0
322    0
336    0
350    0
364    0
378    0
392    0
406    0
420    0
434    0
448    0
462    0
476    0
490    0
504    0
518    0
532    0
546    0
560    0
574    0
588    0
602    0
616    0
630    0
644    0
658    0
672    0
686    0
700    0
714    0
728    0
742    0.000134846
756    0.000134846
770    0.000134846
784    0.000134846
798    0.000134846
812    0.000510535
826    0.000510535
840    0.000510535
854    0.000510535
868    0.000510535
882    0.000510535
896    0.000510535
910    0.000510535
924    0.000510535
938    0.000510535
952    0.00122412
966    0.00122412
980    0.00122412
994    0.00122412
1008    0.00122412
1022    0.00122412
1036    0.00122412
1050    0.00122412
1064    0.00122412
1078    0.00122412
1092    0.00122412
1106    0.00142919
1120    0.00142919
1134    0.00142919
1148    0.00142919
1162    0.00142919
1176    0.00142919
1190    0.00142919
1204    0.00142919
1218    0.00142919
1232    0.00142919
1246    0.00142919
1260    0.00142919
1274    0.00142919
1288    0.00142919
1302    0.00142919
1316    0.00142919
1330    0.00142919
1344    0.00142919
1358    0.00142919
1372    0.00142919
1386    0.00142919
1400    0.00142919
1414    0.00142919
1428    0.00142919
1442    0.00142919
1456    0.00142919
1470    0.00142919
1484    0.00142919
1498    0.00142919
1512    0.00142919
1526    0.00142919
1540    0.00142919
1554    0.00174713
1568    0.00174713
1582    0.00174713
1596    0.00174713
1610    0.00174713
1624    0.00174713
1638    0.00174713
1652    0.00174713
1666    0.00174713
1680    0.00187035
1694    0.00187035
1708    0.00187035
1722    0.00187035
1736    0.00187035
1750    0.00187035
1764    0.00187035
1778    0.00187035
1792    0.00187035
1806    0.00190317
1820    0.00190317
1834    0.00190317
1848    0.00190317
1862    0.00190317
1876    0.00190317
1890    0.00198473
1904    0.00198473
1918    0.00198473
1932    0.00198473
1946    0.00198473
1960    0.00198473
1974    0.00198473
1988    0.00198473
2002    0.00198473
2016    0.00198473
2030    0.00198473
2044    0.00198473
2058    0.00198473
2072    0.00198473
2086    0.00198473
2100    0.00198473
2114    0.00198473
2128    0.00198473
2142    0.00198473
2156    0.00225311
2170    0.00225311
2184    0.00225311
2198    0.00225311
2212    0.00225311
2226    0.00225311
2240    0.00225311
2254    0.00263551
2268    0.00263551
2282    0.00263551
2296    0.00263551
2310    0.00263551
2324    0.00263551
2338    0.00263551
2352    0.00263551
2366    0.00263551
2380    0.00263551
2394    0.00263551
2408    0.00263551
2422    0.00263551
2436    0.00263551
2450    0.00263551
2464    0.00263551
2478    0.00263551
2492    0.00263551
2506    0.00263551
2520    0.00263551
2534    0.00263551
2548    0.00263551
2562    0.00263551
2576    0.00263551
2590    0.00263551
2604    0.00263551
2618    0.00263551
2632    0.00263551
2646    0.00271531
2660    0.00273241
2674    0.00273241
2688    0.00273241
2702    0.00273241
2716    0.00273241
2730    0.00273241
2744    0.00273241
2758    0.00273241
2772    0.00273241
2786    0.00273241
2800    0.00273241
2814    0.00273241
2828    0.00273241
2842    0.00273241
2856    0.00273241
2870    0.00273241
2884    0.00273241
2898    0.00291856
2912    0.00291856
2926    0.00291856
2940    0.00291856
2954    0.00291856
2968    0.00291856
2982    0.00291856
2996    0.00291856
3010    0.00291856
3024    0.00291856
3038    0.00291856
3052    0.00291856
3066    0.00291856
3080    0.00291856
3094    0.00291856
3108    0.00291856
3122    0.00291856
3136    0.00291856
3150    0.00291856
3164    0.00291856
3178    0.00291856
3192    0.00291856
3206    0.00291856
3220    0.00291856
3234    0.00291856
3248    0.00291856
3262    0.00291856
3276    0.00291856
3290    0.00291856
3304    0.00291856
3318    0.00291856
3332    0.00291856
3346    0.00291856
3360    0.00291856
3374    0.00294179
3388    0.00294179
3402    0.00294179
3416    0.00294179
3430    0.00300163
3444    0.00300163
3458    0.00300163
3472    0.00300163
3486    0.00300163
3500    0.00300163
3514    0.00300163
3528    0.00300163
3542    0.00300163
3556    0.00300163
3570    0.00300163
3584    0.00300163
3598    0.00300163
3612    0.0030233
3626    0.0030233
3640    0.0030233
3654    0.0030233
3668    0.0030233
3682    0.00306112
3696    0.00306112
3710    0.00306112
3724    0.00306112
3738    0.00306112
3752    0.00306112
3766    0.00306112
3780    0.00306112
3794    0.00306112
3808    0.00306112
3822    0.00306112
3836    0.00306112
3850    0.00306112
3864    0.00314764
3878    0.00314764
3892    0.00314764
3906    0.00314764
3920    0.00314764
3934    0.00314764
3948    0.00314764
3962    0.00314764
3976    0.00314764
3990    0.00314764
4004    0.00314764
4018    0.00314764
4032    0.00314764
4046    0.00314764
4060    0.00314764
4074    0.00314764
4088    0.00314764
4102    0.00314764
4116    0.00314764
4130    0.00314764
4144    0.00314764
4158    0.00314764
4172    0.00314764
4186    0.00314764
4200    0.00314764
4214    0.00314764
4228    0.00314764
4242    0.00314764
4256    0.00314764
4270    0.00314764
4284    0.00314764
4298    0.00314764
4312    0.00314764
4326    0.00314764
4340    0.00314764
4354    0.00314764
4368    0.00314764
4382    0.00314764
4396    0.00314764
4410    0.00314764
4424    0.00314764
4438    0.00314764
4452    0.00314764
4466    0.00314764
4480    0.00314764
4494    0.00314764
4508    0.00314764
4522    0.00314764
4536    0.00314764
4550    0.00314764
4564    0.0031716
4578    0.0031716
4592    0.0031716
4606    0.0031716
4620    0.0031716
4634    0.00331364
4648    0.00331364
4662    0.00331364
4676    0.00331364
4690    0.00331364
4704    0.00331364
4718    0.00331364
4732    0.00331364
4746    0.00331364
4760    0.00331364
4774    0.00331364
4788    0.00331364
4802    0.00331364
4816    0.00331364
4830    0.00331364
4844    0.00331364
4858    0.00331364
4872    0.00331364
4886    0.00331364
4900    0.00331364
4914    0.00331364
4928    0.00331364
4942    0.00331364
4956    0.00331364
4970    0.00331364
4984    0.00331364
4998    0.00331364
5012    0.00331364
5026    0.00331364
5040    0.00331364
5054    0.00331364
5068    0.00331364
5082    0.00331364
5096    0.00331364
5110    0.00331364
5124    0.00331364
5138    0.00331364
5152    0.00331364
5166    0.00331364
5180    0.00331364
5194    0.00331364
5208    0.00331364
5222    0.00331364
5236    0.00331364
5250    0.00331364
5264    0.00331364
5278    0.00331364
5292    0.00331364
5306    0.00331364
5320    0.00331364
5334    0.00331364
5348    0.00331364
5362    0.00331364
5376    0.00331364
5390    0.00331364
5404    0.00331364
5418    0.00331364
5432    0.00331364
5446    0.00331364
5460    0.00331364
5474    0.00331364
5488    0.00331364
5502    0.00331364
5516    0.00331364
5530    0.00331364
5544    0.00331364
5558    0.00331364
5572    0.00331364
5586    0.00331364
5600    0.00331364
5614    0.00331364
5628    0.00331364
5642    0.00331364
5656    0.00331364
5670    0.00331364
5684    0.00331364
5698    0.00331364
5712    0.00331364
5726    0.0034345
5740    0.0034345
5754    0.0034345
5768    0.0034345
5782    0.0034345
5796    0.0034345
5810    0.0034345
5824    0.0034345
5838    0.0034345
5852    0.0034345
5866    0.0034345
5880    0.0034345
5894    0.0034345
5908    0.0034345
5922    0.0034345
5936    0.0034345
5950    0.0034345
5964    0.00351352
5978    0.00351352
5992    0.00351352
6006    0.00351352
6020    0.00351352
6034    0.00351352
6048    0.00351352
6062    0.00351352
6076    0.00351352
6090    0.00351352
6104    0.00351352
6118    0.00351352
6132    0.00351352
6146    0.00351352
6160    0.00351352
6174    0.00351352
6188    0.00351352
6202    0.00351352
6216    0.00351352
6230    0.00351352
6244    0.00351352
6258    0.00351352
6272    0.00351352
6286    0.00351352
6300    0.00351352
6314    0.00351352
6328    0.00351352
6342    0.00351352
6356    0.00351352
6370    0.00351352
6384    0.00351352
6398    0.00351352
6412    0.00351352
6426    0.00351352
6440    0.00351352
6454    0.00351352
6468    0.00351352
6482    0.00351352
6496    0.00351352
6510    0.00351352
6524    0.00351352
6538    0.00351352
6552    0.00351352
6566    0.00351352
6580    0.00351352
6594    0.00357634
6608    0.00357634
6622    0.00357634
6636    0.00357634
6650    0.00371816
6664    0.00371816
6678    0.00371816
6692    0.00371816
6706    0.00371816
6720    0.00371816
6734    0.00371816
6748    0.00371816
6762    0.00371816
6776    0.00371816
6790    0.00371816
6804    0.00371816
6818    0.00371816
6832    0.00371816
6846    0.00371816
6860    0.00371816
6874    0.00371816
6888    0.00371816
6902    0.00371816
6916    0.00371816
6930    0.00371816
6944    0.00371816
6958    0.00371816
6972    0.00371816
6986    0.00371816
7000    0.00371816
7014    0.00371816
7028    0.00371816
7042    0.00371816
7056    0.00371816
7070    0.00371816
7084    0.00371816
7098    0.00371816
7112    0.00371816
7126    0.00371816
7140    0.00371816
7154    0.00371816
7168    0.00371816
7182    0.00371816
7196    0.00371816
7210    0.00371816
7224    0.00400305
7238    0.00400305
7252    0.00400305
7266    0.00400305
7280    0.00400305
7294    0.00400305
7308    0.00400305
7322    0.00400305
7336    0.00400305
7350    0.00400305
7364    0.00400305
7378    0.00400305
7392    0.00400305
7406    0.00400305
7420    0.00400305
7434    0.00400305
7448    0.00400305
7462    0.00400305
7476    0.00400305
7490    0.00400305
7504    0.00400305
7518    0.00400305
7532    0.00400305
7546    0.00400305
7560    0.00400305
7574    0.00400305
7588    0.00400305
7602    0.00413619
7616    0.00413619
7630    0.00413619
7644    0.00413619
7658    0.00413619
7672    0.00413619
7686    0.00413619
7700    0.00413619
7714    0.00413619
7728    0.00413619
7742    0.00413619
7756    0.00413619
7770    0.00413619
7784    0.00413619
7798    0.00413619
7812    0.00413619
7826    0.00413619
7840    0.00413619
7854    0.00413619
7868    0.00413619
7882    0.00413619
7896    0.00413619
7910    0.00413619
7924    0.00413619
7938    0.00413619
7952    0.00413619
7966    0.00413619
7980    0.00413619
7994    0.00413619
8008    0.00413619
8022    0.00413619
8036    0.00413619
8050    0.00413619
8064    0.00413619
8078    0.00413619
8092    0.00413619
8106    0.00413619
8120    0.00413619
8134    0.00413619
8148    0.00413619
8162    0.00413619
8176    0.00413619
8190    0.00413619
8204    0.00413619
8218    0.00413619
8232    0.00413619
8246    0.00413619
8260    0.00413619
8274    0.00413619
8288    0.00413619
8302    0.00413619
8316    0.00413619
8330    0.00413619
8344    0.00413619
8358    0.00413619
8372    0.00413619
8386    0.00413619
8400    0.00413619
8414    0.00413619
8428    0.00413619
8442    0.00413619
8456    0.00413619
8470    0.00413619
8484    0.00413619
8498    0.00413619
8512    0.00413619
8526    0.00413619
8540    0.00413619
8554    0.00413619
8568    0.00413619
8582    0.00413619
8596    0.00413619
8610    0.00413619
8624    0.00413619
8638    0.00413619
8652    0.00413619
8666    0.00413619
8680    0.00413619
8694    0.00413619
8708    0.00413619
8722    0.00413619
8736    0.00413619
8750    0.00413619
8764    0.00413619
8778    0.00413619
8792    0.00413619
8806    0.00413619
8820    0.00413619
8834    0.00413619
8848    0.00413619
8862    0.00413619
8876    0.00413619
8890    0.00413619
8904    0.00413619
8918    0.00413619
8932    0.00413619
8946    0.00413619
8960    0.00413619
8974    0.00413619
8988    0.00413619
9002    0.00413619
9016    0.00413619
9030    0.00413619
9044    0.00413619
9058    0.00413619
9072    0.00413619
9086    0.00413619
9100    0.00413619
9114    0.00413619
9128    0.00413619
9142    0.00413619
9156    0.00415827
9170    0.00415827
9184    0.00456469
9198    0.00456469
9212    0.00456469
9226    0.00456469
9240    0.00456469
9254    0.00456469
9268    0.00456469
9282    0.00456469
9296    0.00456469
9310    0.00456469
9324    0.00456469
9338    0.00456469
9352    0.00456469
9366    0.00456469
9380    0.00456469
9394    0.00456469
9408    0.00456469
9422    0.00456469
9436    0.00456469
9450    0.00456469
9464    0.00456469
9478    0.00461234
9492    0.00461234
9506    0.00461234
9520    0.00461234
9534    0.00461234
9548    0.00461234
9562    0.00461234
9576    0.00461234
9590    0.00461234
9604    0.00461234
9618    0.00461234
9632    0.00461234
9646    0.00461234
9660    0.00461234
9674    0.00461234
9688    0.00461234
9702    0.00461234
9716    0.00461234
9730    0.00461234
9744    0.00461234
9758    0.00461234
9772    0.00461234
9786    0.00461234
9800    0.00461234
9814    0.00461234
9828    0.00461234
9842    0.00461234
9856    0.00461234
9870    0.00461234
9884    0.00461234
9898    0.00461234
9912    0.00461234
9926    0.00461234
9940    0.00461234
9954    0.00461234
9968    0.00461234
9982    0.00461234
9996    0.00461234
10010    0.00461234
10024    0.00461234
10038    0.00461234
10052    0.00461234
10066    0.00461234
10080    0.00461234
10094    0.00461234
10108    0.00461234
10122    0.00461234
10136    0.00461234
10150    0.00461234
10164    0.00461234
10178    0.00461234
10192    0.00461234
10206    0.00461234
10220    0.00461234
10234    0.00461234
10248    0.00461234
10262    0.00461234
10276    0.00461234
10290    0.00461234
10304    0.00461234
10318    0.00461234
10332    0.00461234
10346    0.00461234
10360    0.00461234
10374    0.00461234
10388    0.00461234
10402    0.00461234
10416    0.00461234
10430    0.00461234
10444    0.00461234
10458    0.00461234
10472    0.00461234
10486    0.00461234
10500    0.00461234
10514    0.00461234
10528    0.00461234
10542    0.00461234
10556    0.00461234
10570    0.00461234
10584    0.00461234
10598    0.00461234
10612    0.00461234
10626    0.00461234
10640    0.00470667
10654    0.00470667
10668    0.00470667
10682    0.00470667
10696    0.00470667
10710    0.00470667
10724    0.00470667
10738    0.00470667
10752    0.00470667
10766    0.00470667
10780    0.00470667
10794    0.00470667
10808    0.00470667
10822    0.00470667
10836    0.00470667
10850    0.00470667
10864    0.00470667
10878    0.00470667
10892    0.00470667
10906    0.00470667
10920    0.00470667
10934    0.00470667
10948    0.00470667
10962    0.00470667
10976    0.00470667
10990    0.00470667
11004    0.00470667
11018    0.00470667
11032    0.00470667
11046    0.00470667
11060    0.00500711
11074    0.00500711
11088    0.00500711
11102    0.00500711
11116    0.00500711
11130    0.00500711
11144    0.00500711
11158    0.00500711
11172    0.00500711
11186    0.00500711
11200    0.00500711
11214    0.00500711
11228    0.00500711
11242    0.00500711
11256    0.00500711
11270    0.00500711
11284    0.00500711
11298    0.00500711
11312    0.00500711
11326    0.00500711
11340    0.00500711
11354    0.00500711
11368    0.00500711
11382    0.00500711
11396    0.00546321
11410    0.00546321
11424    0.00546321
11438    0.00546321
11452    0.00551609
11466    0.00551609
11480    0.0058006
11494    0.0058006
11508    0.0058006
11522    0.0058006
11536    0.0058006
11550    0.0058006
11564    0.0058006
11578    0.0058006
11592    0.0058006
11606    0.0058006
11620    0.0058006
11634    0.0058006
11648    0.0058006
11662    0.0058006
11676    0.0058006
11690    0.0058006
11704    0.00652053
11718    0.00652053
11732    0.00680508
11746    0.00691955
11760    0.00691955
11774    0.00691955
11788    0.00691955
11802    0.00691955
11816    0.00691955
11830    0.00691955
11844    0.00691955
11858    0.00691955
11872    0.00691955
11886    0.00691955
11900    0.00691955
11914    0.00691955
11928    0.00691955
11942    0.00691955
11956    0.00691955
11970    0.00691955
11984    0.00691955
11998    0.00691955
12012    0.00691955
12026    0.00691955
12040    0.00691955
12054    0.00691955
12068    0.00691955
12082    0.00691955
12096    0.00691955
12110    0.00691955
12124    0.00691955
12138    0.00691955
12152    0.00691955
12166    0.00691955
12180    0.00691955
12194    0.00691955
12208    0.00691955
12222    0.00691955
12236    0.00691955
12250    0.00691955
12264    0.00691955
12278    0.00691955
12292    0.00691955
12306    0.00691955
12320    0.00691955
12334    0.00691955
12348    0.00701898
12362    0.00701898
12376    0.00701898
12390    0.00701898
12404    0.00701898
12418    0.00701898
12432    0.00701898
12446    0.00701898
12460    0.00701898
12474    0.00701898
12488    0.00701898
12502    0.00701898
12516    0.00701898
12530    0.00701898
12544    0.00701898
12558    0.00701898
12572    0.00701898
12586    0.00701898
12600    0.00701898
12614    0.00701898
12628    0.00701898
12642    0.00701898
12656    0.00701898
12670    0.00704954
12684    0.00704954
12698    0.00704954
12712    0.00704954
12726    0.00704954
12740    0.00704954
12754    0.00704954
12768    0.00704954
12782    0.00704954
12796    0.00704954
12810    0.00704954
12824    0.00704954
12838    0.00704954
12852    0.00704954
12866    0.00704954
12880    0.00704954
12894    0.00704954
12908    0.00704954
12922    0.00704954
12936    0.00704954
12950    0.00704954
12964    0.00704954
12978    0.00704954
12992    0.00704954
13006    0.00704954
13020    0.00704954
13034    0.00704954
13048    0.00704954
13062    0.00704954
13076    0.00704954
13090    0.00704954
13104    0.00704954
13118    0.00704954
13132    0.00704954
13146    0.00704954
13160    0.00704954
13174    0.00704954
13188    0.00704954
13202    0.00704954
13216    0.00704954
13230    0.00704954
13244    0.00704954
13258    0.00704954
13272    0.00704954
13286    0.00704954
13300    0.00704954
13314    0.00704954
13328    0.00704954
13342    0.00704954
13356    0.00704954
13370    0.00707474
13384    0.00707474
13398    0.00707474
13412    0.00707474
13426    0.00707474
13440    0.00707474
13454    0.00708592
13468    0.00708592
13482    0.00708592
13496    0.00708592
13510    0.00708592
13524    0.00708592
13538    0.00708592
13552    0.00708592
13566    0.00708592
13580    0.00708592
13594    0.00708592
13608    0.00708592
13622    0.00708592
13636    0.00723709
13650    0.00723709
13664    0.00723709
13678    0.00723709
13692    0.00723709
13706    0.00723709
13720    0.00723709
13734    0.00723709
13748    0.00723709
13762    0.00723709
13776    0.00723709
13790    0.00723709
13804    0.00723709
13818    0.00723709
13832    0.00723709
13846    0.00723709
13860    0.00723709
13874    0.00723709
13888    0.00723709
13902    0.00763601
13916    0.00763601
13930    0.00763601
13944    0.00763601
13958    0.00763601
13972    0.00763601
13986    0.00763601
14000    0.00763601
14014    0.00763601
14028    0.00763601
14042    0.00763601
14056    0.00763601
14070    0.00763601
14084    0.00763601
14098    0.00763601
14112    0.00763601
14126    0.00763601
14140    0.00763601
14154    0.00763601
14168    0.00763601
14182    0.00763601
14196    0.00763601
14210    0.00763601
14224    0.00765617
14238    0.00765617
14252    0.00765617
14266    0.00765617
14280    0.00765617
14294    0.00765617
14308    0.00765617
14322    0.00765617
14336    0.00765617
14350    0.0079514
14364    0.0079514
14378    0.0079514
14392    0.0079514
