16.4817    11.2189
4.23508    17.7186
12.8169    10.5135
7.6745    19.6296
18.0275    16.3573
3.81452    18.8185
15.5663    11.251
6.66019    0.328296
2.00254    7.98474
3.22746    3.63466
21.6575    9.76463
2.60898    0.1023
0.195239    8.27894
11.6482    12.514
13.184    13.3023
3.64201    14.5266
9.87629    7.71462
1.24966    13.3137
17.1617    17.5842
11.3901    6.6154
19.1916    15.9207
20.9427    20.2815
11.8166    3.11848
10.1237    5.15578
18.8907    4.59213
17.0814    18.4835
21.8387    21.9022
13.3973    8.59788
5.83243    6.5131
18.4066    0.520192
8.23481    2.02928
14.8368    1.23161
0.192565    20.1297
6.04439    5.97886
12.8804    15.1431
18.3511    15.9167
10.6245    4.49919
16.2944    10.2634
10.0334    20.795
16.3098    2.37229
13.1245    8.44008
16.1032    13.3418
12.5408    7.91654
3.3204    4.93179
9.31464    17.5902
11.3292    21.6896
16.4656    7.57086
3.70219    14.4009
10.7769    1.39208
15.3309    11.0598
3.23147    20.8043
3.10176    19.8301
15.1805    6.63947
9.3454    1.54185
21.1774    14.9679
3.35718    19.2197
18.0021    12.7521
4.19229    3.89743
17.9038    10.4125
3.40799    11.0404
16.0377    8.88605
6.12529    12.4605
14.9472    16.5599
15.8164    10.4132
2.69524    8.05829
18.2869    0.768921
11.3272    14.5253
9.33805    2.29339
20.799    20.1865
12.04    7.58022
10.335    8.21542
18.5564    6.94235
9.99263    5.9568
21.5358    6.52446
16.1948    12.4284
4.29392    16.6796
18.3913    8.71221
10.9742    19.5025
0.601764    21.7912
12.5448    1.10658
11.6408    4.2518
18.4702    13.7316
14.4076    4.33471
18.4508    2.70192
2.40839    16.2811
6.88084    20.6178
6.26771    7.36827
3.07301    16.0611
18.2856    15.5115
13.1506    16.3707
5.5369    3.16528
0.0354372    1.33659
17.6638    18.6801
4.61353    2.53276
12.1202    0.312249
2.49264    9.95786
16.4803    15.0327
11.9062    1.61875
9.56805    4.42431
15.2534    6.36132
9.56738    5.09226
12.6605    11.6682
13.7737    3.50962
11.0451    21.0992
15.2434    20.2614
4.16153    7.36025
3.90746    21.8033
10.0221    21.8654
2.13626    13.6968
2.06806    9.59012
20.4085    1.06111
19.6001    6.35396
4.97993    16.8494
8.99838    4.42497
13.7603    13.2361
9.89434    10.2173
13.0977    13.9061
18.7276    18.1579
13.6881    15.7943
12.395    8.21876
4.03717    16.1667
12.1623    19.8295
5.32093    4.13947
13.2488    15.3035
12.8082    7.69657
10.8331    1.76116
16.2289    13.4093
13.5919    15.1417
17.6263    3.26691
12.6203    19.0111
19.9712    13.4675
15.9427    0.946776
14.6302    21.3947
6.90157    12.4706
6.70031    3.81051
2.37831    19.0398
18.6493    16.3071
3.39328    7.16233
1.73843    1.67825
14.0432    17.9653
11.9423    9.82079
8.96027    6.54519
10.1999    10.9809
3.34447    7.07742
0.0274137    12.3475
13.3565    20.9474
14.3253    7.05736
6.87683    18.1118
15.1498    17.5862
0.680662    19.0318
20.8511    13.408
13.5832    6.40277
20.5743    4.28657
1.55389    4.3307
12.9747    4.37282
8.58183    21.6341
17.3161    15.4272
21.4155    10.6893
8.18667    20.7696
17.1389    1.3065
3.2843    1.28042
13.5979    11.1346
8.58785    12.492
7.14361    10.0448
5.51617    9.00975
1.52581    19.887
14.0632    5.63719
19.4878    3.85731
17.405    7.50266
17.4532    11.6542
20.8083    1.88486
10.0715    14.8509
5.8886    17.5294
9.30328    18.6935
10.3878    12.064
2.95065    12.1008
4.7165    18.7028
20.002    14.4169
16.5619    4.96522
6.57662    14.7833
18.862    19.3668
19.3327    8.36787
17.0186    16.4108
19.2364    11.7471
6.29847    15.9347
20.8037    17.5481
1.24565    10.678
0.920031    14.542
18.3083    3.80649
13.5016    9.98126
6.56458    16.7484
7.64842    12.036
6.29646    2.07676
12.7728    5.49478
4.59815    9.80876
11.5412    15.914
