17.7133    7.30943
4.23508    17.7186
12.8169    10.5135
7.6745    19.6296
18.0275    16.3573
3.81452    18.8185
15.5663    11.251
6.66019    0.328296
2.00254    7.98474
3.22746    3.63466
21.6575    9.76463
2.60898    0.1023
0.195239    8.27894
11.6482    12.514
13.184    13.3023
3.64201    14.5266
9.87629    7.71462
1.24966    13.3137
17.1617    17.5842
11.3901    6.6154
19.1916    15.9207
20.9427    20.2815
11.8166    3.11848
10.1237    5.15578
18.8907    4.59213
17.0814    18.4835
21.8387    21.9022
13.3973    8.59788
5.83243    6.5131
18.4066    0.520192
8.23481    2.02928
14.8368    1.23161
0.192565    20.1297
6.04439    5.97886
12.8804    15.1431
18.3511    15.9167
10.6245    4.49919
16.2944    10.2634
10.0334    20.795
16.3098    2.37229
13.1245    8.44008
16.1032    13.3418
12.5408    7.91654
3.3204    4.93179
9.31464    17.5902
11.3292    21.6896
16.4656    7.57086
3.70219    14.4009
10.7769    1.39208
15.3309    11.0598
3.23147    20.8043
3.10176    19.8301
15.1805    6.63947
9.3454    1.54185
21.1774    14.9679
3.35718    19.2197
18.0021    12.7521
4.19229    3.89743
17.9038    10.4125
3.40799    11.0404
16.0377    8.88605
6.12529    12.4605
14.9472    16.5599
15.8164    10.4132
2.69524    8.05829
18.2869    0.768921
11.3272    14.5253
9.33805    2.29339
20.799    20.1865
12.04    7.58022
10.335    8.21542
18.5564    6.94235
9.99263    5.9568
21.5358    6.52446
16.1948    12.4284
4.29392    16.6796
18.3913    8.71221
10.9742    19.5025
0.601764    21.7912
12.5448    1.10658
11.6408    4.2518
18.4702    13.7316
14.4076    4.33471
18.4508    2.70192
2.40839    16.2811
6.88084    20.6178
6.26771    7.36827
3.07301    16.0611
18.2856    15.5115
13.1506    16.3707
5.5369    3.16528
0.0354372    1.33659
17.6638    18.6801
4.61353    2.53276
12.1202    0.312249
2.49264    9.95786
16.4803    15.0327
11.9062    1.61875
9.56805    4.42431
15.2534    6.36132
9.56738    5.09226
12.6605    11.6682
13.7737    3.50962
11.0451    21.0992
15.2434    20.2614
4.16153    7.36025
3.90746    21.8033
10.0221    21.8654
2.13626    13.6968
2.06806    9.59012
20.4085    1.06111
19.6001    6.35396
4.97993    16.8494
8.99838    4.42497
13.7603    13.2361
9.89434    10.2173
13.0977    13.9061
18.7276    18.1579
13.6881    15.7943
12.395    8.21876
4.03717    16.1667
12.1623    19.8295
5.32093    4.13947
13.2488    15.3035
12.8082    7.69657
10.8331    1.76116
16.2289    13.4093
13.5919    15.1417
17.6263    3.26691
12.6203    19.0111
19.9712    13.4675
15.9427    0.946776
14.6302    21.3947
6.90157    12.4706
6.70031    3.81051
2.37831    19.0398
18.6493    16.3071
3.39328    7.16233
1.73843    1.67825
14.0432    17.9653
11.9423    9.82079
8.96027    6.54519
10.1999    10.9809
3.34447    7.07742
0.0274137    12.3475
13.3565    20.9474
14.3253    7.05736
6.87683    18.1118
15.1498    17.5862
0.680662    19.0318
20.8511    13.408
13.5832    6.40277
20.5743    4.28657
1.55389    4.3307
12.9747    4.37282
4.17558    8.42537
19.3467    21.3346
5.12636    12.9406
17.161    1.90559
8.23414    14.8642
0.472719    17.0333
17.3161    15.4272
14.7412    5.6265
0.31158    5.84113
11.2202    15.5783
20.3644    5.13706
2.66648    15.004
4.1943    20.6679
5.19724    17.7367
7.74337    7.26263
7.64441    17.0159
6.58865    14.427
20.355    6.86346
16.5017    20.7254
11.3065    10.7174
8.61727    14.9311
4.2411    0.699384
21.6421    18.8927
13.6046    19.0866
21.7959    16.3433
8.02286    9.61553
16.4014    19.4858
3.21008    14.5794
19.7827    11.2363
11.0504    5.63586
6.58263    8.16193
15.4319    9.48915
19.8743    10.248
1.3192    0.801015
2.23656    6.68025
7.16233    11.2731
5.47606    12.5047
20.7388    0.926048
6.17945    7.8089
0.889943    3.63332
7.3569    6.47432
15.0695    3.28965
5.0829    10.5075
1.09187    9.45706
20.2293    18.6968
1.33324    6.39675
17.3509    11.0778
8.41601    0.74017
17.0747    12.8537
12.3275    21.1206
5.57434    7.46856
2.0694    11.035
16.0932    16.1313
2.5341    7.29138
4.7165    9.72184
16.156    17.6003
1.97044    12.7327
7.91387    18.5544
16.5987    3.06231
15.575    16.8059
7.52673    10.9682
0.0334314    12.0126
19.6175    8.18734
0.868547    5.22198
17.75    21.0531
10.2307    13.2468
7.90651    5.53891
6.30181    9.17958
7.5722    13.4427
21.1594    3.34314
2.41776    21.0704
8.97632    21.2603
20.4961    10.1143
20.0247    11.5432
6.88619    7.24257
