0    0.0175    0
1    0.0525    0
2    0.0875    0
3    0.1225    0
4    0.1575    0
5    0.1925    0
6    0.2275    0
7    0.2625    0
8    0.2975    0
9    0.3325    0
10    0.3675    0.00054285
11    0.4025    0
12    0.4375    0.000690153
13    0.4725    0.000193991
14    0.5075    0.000159364
15    0.5425    5.9633e-005
16    0.5775    0.000364123
17    0.6125    0.000827479
18    0.6475    0.000424684
19    0.6825    0.000711009
20    0.7175    0.000961885
21    0.7525    0.00151186
22    0.7875    0.00240321
23    0.8225    0.00177651
24    0.8575    0.0353942
25    0.8925    0.221793
26    0.9275    0.683316
27    0.9625    1.18082
28    0.9975    1.59649
29    1.0325    1.82828
30    1.0675    1.87747
31    1.1025    1.86385
32    1.1375    1.76902
33    1.1725    1.71527
34    1.2075    1.62511
35    1.2425    1.58757
36    1.2775    1.54139
37    1.3125    1.48753
38    1.3475    1.43845
39    1.3825    1.40441
40    1.4175    1.37669
41    1.4525    1.31699
42    1.4875    1.31126
43    1.5225    1.27069
44    1.5575    1.25423
45    1.5925    1.25593
46    1.6275    1.22505
47    1.6625    1.20732
48    1.6975    1.20869
49    1.7325    1.1846
50    1.7675    1.19216
51    1.8025    1.18904
52    1.8375    1.17766
53    1.8725    1.17902
54    1.9075    1.17693
55    1.9425    1.18095
56    1.9775    1.18433
57    2.0125    1.1898
58    2.0475    1.20753
59    2.0825    1.2044
60    2.1175    1.20633
61    2.1525    1.20342
62    2.1875    1.21345
63    2.2225    1.21633
64    2.2575    1.2159
65    2.2925    1.20708
66    2.3275    1.21831
67    2.3625    1.22589
68    2.3975    1.22194
69    2.4325    1.22319
70    2.4675    1.21324
71    2.5025    1.22184
72    2.5375    1.22798
73    2.5725    1.20473
74    2.6075    1.20433
75    2.6425    1.20148
76    2.6775    1.20183
77    2.7125    1.20713
78    2.7475    1.20408
79    2.7825    1.2025
80    2.8175    1.20454
81    2.8525    1.20471
82    2.8875    1.19557
83    2.9225    1.20816
84    2.9575    1.20397
85    2.9925    1.20475
86    3.0275    1.19641
87    3.0625    1.20558
88    3.0975    1.19606
89    3.1325    1.20782
90    3.1675    1.19999
91    3.2025    1.18113
92    3.2375    1.18433
93    3.2725    1.19785
94    3.3075    1.18413
95    3.3425    1.19223
96    3.3775    1.18761
97    3.4125    1.17289
98    3.4475    1.17807
99    3.4825    1.18527
100    3.5175    1.17567
101    3.5525    1.16874
102    3.5875    1.15952
103    3.6225    1.16765
104    3.6575    1.16974
105    3.6925    1.16389
106    3.7275    1.16092
107    3.7625    1.1661
108    3.7975    1.16173
109    3.8325    1.15509
110    3.8675    1.16225
111    3.9025    1.15909
112    3.9375    1.16194
113    3.9725    1.16554
114    4.0075    1.16182
115    4.0425    1.16082
116    4.0775    1.15836
117    4.1125    1.16513
118    4.1475    1.1722
119    4.1825    1.16242
120    4.2175    1.17363
121    4.2525    1.18319
122    4.2875    1.17591
123    4.3225    1.17156
124    4.3575    1.16668
125    4.3925    1.1694
126    4.4275    1.16311
127    4.4625    1.16664
128    4.4975    1.16561
129    4.5325    1.16408
130    4.5675    1.16865
131    4.6025    1.16341
132    4.6375    1.14776
133    4.6725    1.14354
134    4.7075    1.15478
135    4.7425    1.14334
136    4.7775    1.14339
137    4.8125    1.14847
138    4.8475    1.13932
139    4.8825    1.14779
140    4.9175    1.14172
141    4.9525    1.14053
142    4.9875    1.14641
143    5.0225    1.13663
144    5.0575    1.13415
145    5.0925    1.1497
146    5.1275    1.15835
147    5.1625    1.15716
148    5.1975    1.15392
149    5.2325    1.15206
150    5.2675    1.1502
151    5.3025    1.14127
152    5.3375    1.14919
153    5.3725    1.14459
154    5.4075    1.15019
155    5.4425    1.14739
156    5.4775    1.15508
157    5.5125    1.14099
158    5.5475    1.15026
159    5.5825    1.14575
160    5.6175    1.13762
161    5.6525    1.14549
162    5.6875    1.14317
163    5.7225    1.12986
164    5.7575    1.12851
165    5.7925    1.12707
166    5.8275    1.11773
167    5.8625    1.11743
168    5.8975    1.12696
169    5.9325    1.12762
170    5.9675    1.12936
171    6.0025    1.13004
172    6.0375    1.12317
173    6.0725    1.12719
174    6.1075    1.12875
175    6.1425    1.14038
176    6.1775    1.14293
177    6.2125    1.1416
178    6.2475    1.14507
179    6.2825    1.15194
180    6.3175    1.15246
181    6.3525    1.14895
182    6.3875    1.14648
183    6.4225    1.14978
184    6.4575    1.13491
185    6.4925    1.13858
186    6.5275    1.144
187    6.5625    1.14171
188    6.5975    1.14492
189    6.6325    1.15267
190    6.6675    1.15127
191    6.7025    1.148
192    6.7375    1.15346
193    6.7725    1.14745
194    6.8075    1.14648
195    6.8425    1.14584
196    6.8775    1.14447
197    6.9125    1.15321
198    6.9475    1.14836
199    6.9825    1.14784
