0.0274137    12.3475
12.8169    10.5135
18.0275    16.3573
15.5663    11.251
2.00254    7.98474
21.6575    9.76463
0.195239    8.27894
13.184    13.3023
9.87629    7.71462
17.1617    17.5842
19.1916    15.9207
11.8166    3.11848
18.8907    4.59213
21.8387    21.9022
5.83243    6.5131
8.23481    2.02928
0.192565    20.1297
12.8804    15.1431
10.6245    4.49919
10.0334    20.795
13.1245    8.44008
12.5408    7.91654
9.31464    17.5902
16.4656    7.57086
10.7769    1.39208
3.23147    20.8043
15.1805    6.63947
21.1774    14.9679
18.0021    12.7521
17.9038    10.4125
16.0377    8.88605
14.9472    16.5599
2.69524    8.05829
11.3272    14.5253
20.799    20.1865
10.335    8.21542
9.99263    5.9568
16.1948    12.4284
18.3913    8.71221
0.601764    21.7912
11.6408    4.2518
14.4076    4.33471
2.40839    16.2811
6.26771    7.36827
18.2856    15.5115
5.5369    3.16528
17.6638    18.6801
12.1202    0.312249
16.4803    15.0327
9.56805    4.42431
9.56738    5.09226
13.7737    3.50962
15.2434    20.2614
3.90746    21.8033
2.13626    13.6968
20.4085    1.06111
4.97993    16.8494
13.7603    13.2361
13.0977    13.9061
13.6881    15.7943
4.03717    16.1667
5.32093    4.13947
12.8082    7.69657
16.2289    13.4093
17.6263    3.26691
19.9712    13.4675
14.6302    21.3947
6.70031    3.81051
18.6493    16.3071
1.73843    1.67825
11.9423    9.82079
10.1999    10.9809
16.1687    6.87683
19.1341    15.8846
2.78751    1.44022
13.3565    20.9474
14.3253    7.05736
4.97525    6.35998
14.5212    2.50936
10.8846    17.3816
15.0769    11.6588
0.129045    15.5088
18.9128    10.7682
8.32775    17.2064
20.9387    13.8212
2.88379    16.2844
0.609788    7.22652
2.88379    18.5584
15.8104    18.7095
15.5095    13.521
3.70085    13.6734
8.05294    14.4818
11.5358    13.3886
3.17264    13.8065
2.99144    18.7363
12.5615    6.62275
6.82133    2.42377
6.22759    17.2666
16.2958    13.4789
5.00601    18.9201
11.8835    21.5766
11.495    9.35075
19.5326    5.09962
20.4112    1.75515
7.37028    20.0401
20.7294    18.3418
15.1945    8.71288
11.5151    20.9187
12.8289    5.58972
9.54131    19.5039
13.1793    17.2238
4.87095    8.39127
1.80195    14.4584
17.7694    14.5052
11.6147    15.0214
15.9474    17.0393
14.1207    15.4801
20.7676    1.28778
21.5097    13.5832
8.05228    15.2166
5.27012    11.4242
19.776    9.67771
3.7637    21.3479
4.61486    10.004
2.49866    8.86666
0.845145    5.52286
3.36319    13.5905
4.28657    17.0814
19.9184    9.97859
3.30302    13.9415
20.6606    11.8434
5.59307    8.69683
17.4231    4.30529
12.9426    1.55389
14.1167    9.95385
9.66835    14.996
12.9747    4.37282
8.58183    21.6341
12.5856    9.68506
1.08719    6.25634
19.6155    15.5596
8.62261    8.70686
8.50293    12.5007
16.3299    16.1333
