0    76.2551
14    76.2379
28    76.2646
42    76.2283
56    76.2622
70    76.2233
84    76.2375
98    76.2072
112    76.244
126    76.2218
140    76.1922
154    76.1857
168    76.1983
182    76.2159
196    76.2022
210    76.201
224    76.1702
238    76.1798
252    76.1632
266    76.1752
280    76.1648
294    76.1566
308    76.1222
322    76.171
336    76.156
350    76.1747
364    76.1663
378    76.1441
392    76.0973
406    76.0775
420    76.0405
434    76.0794
448    76.0909
462    76.1371
476    76.1371
490    76.0971
504    76.0907
518    76.1527
532    76.1469
546    76.1349
560    76.1561
574    76.1728
588    76.2046
602    76.1448
616    76.1177
630    76.1017
644    76.0923
658    76.1159
672    76.0984
686    76.1085
700    76.0918
714    76.0742
728    76.0583
742    76.1023
756    76.0765
770    76.0868
784    76.1111
798    76.0475
812    76.0482
826    76.0454
840    76.0975
854    76.1307
868    76.1461
882    76.1644
896    76.1863
910    76.2053
924    76.1655
938    76.19
952    76.2041
966    76.1941
980    76.2448
994    76.2728
1008    76.2842
1022    76.2513
1036    76.2847
1050    76.2804
1064    76.2579
1078    76.1982
1092    76.2315
1106    76.2223
1120    76.1685
1134    76.1358
1148    76.1471
1162    76.1116
1176    76.1295
1190    76.1419
1204    76.1165
1218    76.0941
1232    76.1204
1246    76.1129
1260    76.1751
1274    76.1416
1288    76.1784
1302    76.2229
1316    76.2443
1330    76.2264
1344    76.2475
1358    76.2497
1372    76.2624
1386    76.2282
1400    76.2778
1414    76.2999
1428    76.3621
1442    76.3332
1456    76.3344
1470    76.3539
1484    76.3713
1498    76.4357
1512    76.449
1526    76.44
1540    76.5007
1554    76.4983
1568    76.4749
1582    76.4795
1596    76.4867
1610    76.5576
1624    76.589
1638    76.5818
1652    76.6055
1666    76.6199
1680    76.6622
1694    76.6912
1708    76.6838
1722    76.6714
1736    76.6703
1750    76.6596
1764    76.6636
1778    76.6452
1792    76.6788
1806    76.7221
1820    76.7056
1834    76.7022
1848    76.7242
1862    76.7421
1876    76.7562
1890    76.7335
1904    76.7608
1918    76.7816
1932    76.7805
1946    76.7309
1960    76.7139
1974    76.7336
1988    76.7108
2002    76.7218
2016    76.7345
2030    76.7387
2044    76.7713
2058    76.7753
2072    76.8113
2086    76.8009
2100    76.7624
2114    76.7968
2128    76.7839
2142    76.8095
2156    76.8288
2170    76.8527
2184    76.8992
2198    76.9331
2212    76.9349
2226    76.9542
2240    76.9885
2254    77.0372
2268    77.065
2282    77.1172
2296    77.1146
2310    77.1597
2324    77.1809
2338    77.2204
2352    77.2561
2366    77.2576
2380    77.2471
2394    77.2522
2408    77.2696
2422    77.2481
2436    77.2652
2450    77.2656
2464    77.2559
2478    77.29
2492    77.3188
2506    77.3337
2520    77.3701
2534    77.3676
2548    77.4381
2562    77.4308
2576    77.4387
2590    77.3905
2604    77.3987
2618    77.4612
2632    77.4931
2646    77.5081
2660    77.4826
2674    77.4906
2688    77.4842
2702    77.5014
2716    77.4736
2730    77.4641
2744    77.4733
2758    77.5047
2772    77.5701
2786    77.6359
2800    77.6575
2814    77.6452
2828    77.6343
2842    77.642
2856    77.6575
2870    77.6361
2884    77.627
2898    77.6198
2912    77.6867
2926    77.6879
2940    77.7484
2954    77.7457
2968    77.7886
2982    77.7811
2996    77.7933
3010    77.8227
3024    77.8552
3038    77.8564
3052    77.8633
3066    77.8974
3080    77.8831
3094    77.8337
3108    77.8418
3122    77.8864
3136    77.8952
3150    77.9017
3164    77.8946
3178    77.8864
3192    77.878
3206    77.911
3220    77.8953
3234    77.8853
3248    77.8674
3262    77.8191
3276    77.8033
3290    77.8583
3304    77.854
3318    77.887
3332    77.8982
3346    77.9358
3360    77.8909
3374    77.9189
3388    77.9479
3402    77.9336
3416    77.9663
3430    78.018
3444    78.0244
3458    78.051
3472    78.0697
3486    78.0231
3500    78.0155
3514    78.0286
3528    78.0244
3542    77.9878
3556    78.0119
3570    77.9986
3584    77.9743
3598    78.0264
3612    78.0207
3626    78.0588
3640    78.0555
3654    78.0595
3668    78.0593
3682    78.0668
3696    78.0186
3710    78.0533
3724    78.0738
3738    78.0664
3752    78.0887
3766    78.1001
3780    78.0741
3794    78.0207
3808    77.9886
3822    77.9577
3836    77.9851
3850    77.9733
3864    77.9467
3878    77.8829
3892    77.9058
3906    77.9206
3920    77.95
3934    77.9691
3948    77.9955
3962    77.9631
3976    77.9922
3990    78.029
4004    78.0217
4018    78.0547
4032    77.9997
4046    77.9837
4060    78.0045
4074    78.0468
4088    78.0602
4102    78.0021
4116    77.9887
4130    77.9798
4144    78.0247
4158    77.9958
4172    78.0321
4186    78.055
4200    77.9978
4214    77.9954
4228    78.0701
4242    78.0924
4256    78.1944
4270    78.2378
4284    78.2425
4298    78.2811
4312    78.2991
4326    78.3041
4340    78.3084
4354    78.3214
4368    78.3441
4382    78.3844
4396    78.3627
4410    78.4116
4424    78.4194
4438    78.4465
4452    78.4448
4466    78.4711
4480    78.4547
4494    78.478
4508    78.4875
4522    78.4881
4536    78.4498
4550    78.4733
4564    78.4904
4578    78.4818
4592    78.4665
4606    78.4184
4620    78.3702
4634    78.3869
4648    78.4392
4662    78.4529
4676    78.5333
4690    78.5216
4704    78.4974
4718    78.499
4732    78.4758
4746    78.5073
4760    78.5958
4774    78.5927
4788    78.5911
4802    78.5739
4816    78.5369
4830    78.5666
4844    78.5548
4858    78.532
4872    78.5914
4886    78.6053
4900    78.5872
4914    78.5481
4928    78.5857
4942    78.5843
4956    78.601
4970    78.593
4984    78.6345
4998    78.6919
5012    78.7653
5026    78.8407
5040    78.8478
5054    78.8506
5068    78.8581
5082    78.851
5096    78.8091
5110    78.802
5124    78.8251
5138    78.8408
5152    78.8674
5166    78.8669
5180    78.9006
5194    78.9577
5208    79.0064
5222    79.0092
5236    79.016
5250    79.0845
5264    79.0719
5278    79.0633
5292    79.045
5306    79.1334
5320    79.1209
5334    79.0984
5348    79.1172
5362    79.1115
5376    79.1002
5390    79.158
5404    79.189
5418    79.2094
5432    79.2435
5446    79.2441
5460    79.295
5474    79.3296
5488    79.339
5502    79.3025
5516    79.331
5530    79.3364
5544    79.3574
5558    79.3554
5572    79.4125
5586    79.4051
5600    79.4045
5614    79.4738
5628    79.5356
5642    79.5736
5656    79.5834
5670    79.6661
5684    79.6769
5698    79.6921
5712    79.7463
5726    79.814
5740    79.8883
5754    79.9436
5768    79.9455
5782    79.9591
5796    79.929
5810    79.9598
5824    79.9399
5838    79.9327
5852    79.9846
5866    80.0272
5880    79.9639
5894    80.0172
5908    80.0084
5922    80.012
5936    80.0604
5950    80.0705
5964    80.0459
5978    80.0846
5992    80.0845
6006    80.101
6020    80.1077
6034    80.1341
6048    80.1597
6062    80.1585
6076    80.198
6090    80.2548
6104    80.3134
6118    80.4082
6132    80.4409
6146    80.37
6160    80.355
6174    80.3506
6188    80.3285
6202    80.3362
6216    80.3956
6230    80.3584
6244    80.3184
6258    80.3518
6272    80.2754
6286    80.2795
6300    80.2652
6314    80.2624
6328    80.2502
6342    80.2793
6356    80.2817
6370    80.3158
6384    80.338
6398    80.3687
6412    80.3862
6426    80.4277
6440    80.3929
6454    80.3958
6468    80.4676
6482    80.5042
6496    80.4675
6510    80.5042
6524    80.4981
6538    80.5326
6552    80.4877
6566    80.4611
6580    80.4988
6594    80.4914
6608    80.5092
6622    80.5414
6636    80.5212
6650    80.5161
6664    80.5494
6678    80.5437
6692    80.5822
6706    80.6249
6720    80.6473
6734    80.6294
6748    80.6341
6762    80.6822
6776    80.6875
6790    80.6922
6804    80.7219
6818    80.7176
6832    80.6821
6846    80.7005
6860    80.6719
6874    80.6387
6888    80.63
6902    80.6797
6916    80.6766
6930    80.6889
6944    80.6609
6958    80.769
6972    80.7424
6986    80.7546
7000    80.7696
7014    80.7697
7028    80.7962
7042    80.7841
7056    80.7719
7070    80.8349
7084    80.8795
7098    80.9136
7112    80.9031
7126    80.9216
7140    80.8783
7154    80.9134
7168    80.9377
7182    80.9316
7196    80.9017
7210    80.9273
7224    80.9797
7238    81.0341
7252    81.1026
7266    81.1067
7280    81.122
7294    81.1414
7308    81.2364
7322    81.2259
7336    81.2364
7350    81.2973
7364    81.264
7378    81.2482
7392    81.2373
7406    81.338
7420    81.3126
7434    81.2393
7448    81.2016
7462    81.2374
7476    81.2159
7490    81.216
7504    81.2044
7518    81.2092
7532    81.2526
7546    81.3031
7560    81.3597
7574    81.3999
7588    81.446
7602    81.4769
7616    81.4545
7630    81.4412
7644    81.4478
7658    81.4671
7672    81.5027
7686    81.5207
7700    81.5221
7714    81.6038
7728    81.576
7742    81.5495
7756    81.6391
7770    81.6581
7784    81.6696
7798    81.7247
7812    81.7875
7826    81.7986
7840    81.7993
7854    81.8165
7868    81.843
7882    81.8883
7896    81.8871
7910    81.9625
7924    81.9671
7938    82.0146
7952    82.067
7966    82.0978
7980    82.1376
7994    82.1507
8008    82.1876
8022    82.2066
8036    82.243
8050    82.2783
8064    82.2561
8078    82.2642
8092    82.2474
8106    82.221
8120    82.2157
8134    82.227
8148    82.2
8162    82.2153
8176    82.2145
8190    82.2792
8204    82.3516
8218    82.3695
8232    82.339
8246    82.4047
8260    82.4023
8274    82.3802
8288    82.3697
8302    82.2962
8316    82.2919
8330    82.3054
8344    82.3483
8358    82.3431
8372    82.3099
8386    82.3312
8400    82.3531
8414    82.3745
8428    82.4589
8442    82.4967
8456    82.4835
8470    82.4717
8484    82.5176
8498    82.5318
8512    82.5881
8526    82.5772
8540    82.6436
8554    82.6479
8568    82.688
8582    82.6931
8596    82.6946
8610    82.6828
8624    82.6725
8638    82.7056
8652    82.6562
8666    82.5868
8680    82.6023
8694    82.6275
8708    82.6116
8722    82.6073
8736    82.6357
8750    82.6588
8764    82.6985
8778    82.6834
8792    82.7306
8806    82.7132
8820    82.7121
8834    82.7362
8848    82.7559
8862    82.7141
8876    82.7696
8890    82.8302
8904    82.8026
8918    82.7972
8932    82.7952
8946    82.8581
8960    82.8514
8974    82.8501
8988    82.865
9002    82.9065
9016    82.9503
9030    82.9458
9044    82.9917
9058    83.0362
9072    83.0373
9086    83.0284
9100    83.0648
9114    83.0839
9128    83.0464
9142    83.0141
9156    82.9918
9170    83.0788
9184    83.1533
9198    83.2468
9212    83.2013
9226    83.1836
9240    83.1931
9254    83.1756
9268    83.1777
9282    83.2187
9296    83.1947
9310    83.2354
9324    83.2206
9338    83.2166
9352    83.2562
9366    83.277
9380    83.3473
9394    83.4198
9408    83.3972
9422    83.43
9436    83.4904
9450    83.5397
9464    83.5511
9478    83.5228
9492    83.5958
9506    83.6598
9520    83.6689
9534    83.6706
9548    83.7266
9562    83.7827
9576    83.7702
9590    83.8201
9604    83.7719
9618    83.8646
9632    83.8972
9646    83.9384
9660    83.9524
9674    83.9652
9688    84.0209
9702    84.0867
9716    84.1425
9730    84.1797
9744    84.2177
9758    84.2147
9772    84.2989
9786    84.3606
9800    84.3769
9814    84.357
9828    84.3522
9842    84.3411
9856    84.3562
9870    84.3437
9884    84.3328
9898    84.3164
9912    84.3603
9926    84.3758
9940    84.3869
9954    84.3926
9968    84.3599
9982    84.4035
9996    84.47
10010    84.4135
10024    84.4448
10038    84.4506
10052    84.4737
10066    84.4542
10080    84.4454
10094    84.4402
10108    84.4414
10122    84.4129
10136    84.3762
10150    84.3359
10164    84.3822
10178    84.3709
10192    84.3995
10206    84.4089
10220    84.4482
10234    84.4669
10248    84.5006
10262    84.494
10276    84.5639
10290    84.5898
10304    84.5856
10318    84.5788
10332    84.5815
10346    84.5994
10360    84.6141
10374    84.5917
10388    84.5916
10402    84.666
10416    84.6889
10430    84.7608
10444    84.7494
10458    84.7159
10472    84.6516
10486    84.677
10500    84.7867
10514    84.7698
10528    84.775
10542    84.725
10556    84.7545
10570    84.7508
10584    84.832
10598    84.8248
10612    84.8481
10626    84.8155
10640    84.8678
10654    84.8396
10668    84.8076
10682    84.7921
10696    84.8141
10710    84.8099
10724    84.8013
10738    84.8009
10752    84.8129
10766    84.8437
10780    84.8255
10794    84.8581
10808    84.878
10822    84.8645
10836    84.8429
10850    84.829
10864    84.8418
10878    84.8457
10892    84.8013
10906    84.8029
10920    84.803
10934    84.8574
10948    84.878
10962    84.872
10976    84.8787
10990    84.8853
11004    84.8891
11018    84.8834
11032    84.9228
11046    84.9425
11060    84.9119
11074    84.8917
11088    84.9075
11102    84.8918
11116    84.9009
11130    84.9143
11144    84.8717
11158    84.8733
11172    84.8907
11186    84.8602
11200    84.9118
11214    84.926
11228    84.9683
11242    85.0161
11256    85.0848
11270    85.112
11284    85.0642
11298    85.0976
11312    85.0809
11326    85.0627
11340    85.0771
11354    85.079
11368    85.0617
11382    85.1455
11396    85.2004
11410    85.2001
11424    85.2408
11438    85.2751
11452    85.3136
11466    85.3092
11480    85.3445
11494    85.2949
11508    85.2877
11522    85.2888
11536    85.2875
11550    85.2943
11564    85.3367
11578    85.3252
11592    85.3703
11606    85.3661
11620    85.3871
11634    85.4259
11648    85.4111
11662    85.3912
11676    85.3585
11690    85.3196
11704    85.3576
11718    85.3216
11732    85.3248
11746    85.3394
11760    85.3675
11774    85.4122
11788    85.411
11802    85.4489
11816    85.4072
11830    85.4395
11844    85.3928
11858    85.3741
11872    85.3522
11886    85.369
11900    85.4137
11914    85.3897
11928    85.4357
11942    85.4819
11956    85.4632
11970    85.4397
11984    85.4299
11998    85.4833
12012    85.4418
12026    85.4267
12040    85.3684
12054    85.3511
12068    85.3958
12082    85.3646
12096    85.4399
12110    85.4439
12124    85.4582
12138    85.4921
12152    85.5391
12166    85.4762
12180    85.4761
12194    85.5338
12208    85.5269
12222    85.5588
12236    85.5677
12250    85.548
12264    85.5728
12278    85.5861
12292    85.5927
12306    85.569
12320    85.6014
12334    85.5822
12348    85.5726
12362    85.6495
12376    85.6769
12390    85.6372
12404    85.6865
12418    85.7066
12432    85.7096
12446    85.7221
12460    85.6914
12474    85.7191
12488    85.7692
12502    85.7461
12516    85.7568
12530    85.7614
12544    85.8008
12558    85.822
12572    85.8658
12586    85.8812
12600    85.9025
12614    85.9267
12628    85.9298
12642    85.896
12656    85.914
12670    85.8837
12684    85.8539
12698    85.8584
12712    85.9233
12726    85.943
12740    85.971
12754    85.9973
12768    86.0149
12782    86.0055
12796    86.0042
12810    85.976
12824    85.9439
12838    85.9102
12852    85.8948
12866    85.8955
12880    85.8904
12894    85.8172
12908    85.8584
12922    85.8456
12936    85.8347
12950    85.8503
12964    85.8384
12978    85.8673
12992    85.8543
13006    85.8795
13020    85.8947
13034    85.8938
13048    85.9259
13062    85.9642
13076    86.0037
13090    86.0222
13104    86.0011
13118    85.9975
13132    86.05
13146    86.0686
13160    86.0846
13174    86.0937
13188    86.1634
13202    86.1658
13216    86.1565
13230    86.204
13244    86.2689
13258    86.2496
13272    86.2734
13286    86.2473
13300    86.1843
13314    86.2339
13328    86.2964
13342    86.2648
13356    86.2805
13370    86.295
13384    86.2889
13398    86.3167
13412    86.3552
13426    86.3663
13440    86.3138
13454    86.2851
13468    86.2678
13482    86.3184
13496    86.3275
13510    86.2892
13524    86.2969
13538    86.3165
13552    86.2966
13566    86.3233
13580    86.253
13594    86.2899
13608    86.3214
13622    86.3122
13636    86.3219
13650    86.2868
13664    86.3023
13678    86.3058
13692    86.3196
13706    86.2787
13720    86.3221
13734    86.3044
13748    86.3784
13762    86.4109
13776    86.4197
13790    86.4534
13804    86.4821
13818    86.4416
13832    86.4477
13846    86.4972
13860    86.5072
13874    86.483
13888    86.5232
13902    86.5232
13916    86.5415
13930    86.5147
13944    86.5017
13958    86.5037
13972    86.5113
13986    86.5415
14000    86.5483
14014    86.5616
14028    86.5645
14042    86.5627
14056    86.5867
14070    86.5917
14084    86.5949
14098    86.6313
14112    86.5774
14126    86.5311
14140    86.4975
14154    86.5274
14168    86.5092
14182    86.4887
14196    86.4938
14210    86.5245
14224    86.5106
14238    86.5349
14252    86.5129
14266    86.4832
14280    86.4856
14294    86.5259
14308    86.4849
14322    86.4712
14336    86.4954
14350    86.4659
14364    86.4928
14378    86.474
14392    86.5255
14406    86.4762
14420    86.4888
14434    86.4951
14448    86.4963
14462    86.5146
14476    86.5893
14490    86.6016
14504    86.6202
14518    86.6177
14532    86.6585
14546    86.6327
14560    86.6672
14574    86.6248
14588    86.6119
14602    86.6383
14616    86.726
14630    86.7589
14644    86.7812
14658    86.7694
14672    86.781
14686    86.7233
14700    86.7425
14714    86.7445
14728    86.7722
14742    86.7676
14756    86.7787
14770    86.7799
14784    86.794
14798    86.7757
14812    86.7553
14826    86.7695
14840    86.7383
14854    86.7132
14868    86.7305
14882    86.7308
14896    86.6995
14910    86.7138
14924    86.7035
14938    86.6556
14952    86.6252
14966    86.6191
14980    86.5537
14994    86.563
15008    86.5004
15022    86.4994
15036    86.5021
15050    86.4815
15064    86.4477
15078    86.4049
15092    86.3852
15106    86.3356
15120    86.3651
15134    86.3376
15148    86.3393
15162    86.3343
15176    86.3324
15190    86.3868
15204    86.3649
15218    86.3528
15232    86.3858
15246    86.3928
15260    86.373
15274    86.3817
15288    86.3839
15302    86.3381
15316    86.342
15330    86.3456
15344    86.3174
15358    86.3189
15372    86.2769
15386    86.3296
15400    86.28
15414    86.3101
15428    86.3311
15442    86.3823
15456    86.3522
15470    86.3594
15484    86.3719
15498    86.3843
15512    86.3908
15526    86.3812
15540    86.4021
15554    86.3726
15568    86.3749
15582    86.3998
15596    86.3437
15610    86.35
15624    86.3279
15638    86.308
15652    86.3708
15666    86.3968
15680    86.3753
15694    86.3428
15708    86.3729
15722    86.3664
15736    86.4051
15750    86.4031
15764    86.4207
15778    86.4709
15792    86.5382
15806    86.5983
15820    86.5534
15834    86.5437
15848    86.5678
15862    86.5089
15876    86.5266
15890    86.5617
15904    86.5706
15918    86.5756
15932    86.561
15946    86.5501
15960    86.5405
15974    86.5961
15988    86.5702
16002    86.6233
16016    86.6277
16030    86.6211
16044    86.6556
16058    86.6398
16072    86.5835
16086    86.6083
16100    86.5601
16114    86.5698
16128    86.5806
16142    86.5634
16156    86.5991
16170    86.6702
16184    86.6645
16198    86.696
16212    86.7229
16226    86.727
16240    86.7387
16254    86.7323
16268    86.7361
16282    86.7271
16296    86.7629
16310    86.7487
16324    86.7418
16338    86.648
16352    86.6241
16366    86.6504
16380    86.5909
16394    86.627
16408    86.6082
16422    86.6253
16436    86.6416
16450    86.6329
16464    86.6103
16478    86.6345
16492    86.6648
16506    86.6697
16520    86.6113
16534    86.6009
16548    86.5919
16562    86.6336
16576    86.6691
16590    86.5918
16604    86.5996
16618    86.593
16632    86.6133
16646    86.6351
16660    86.676
16674    86.6304
16688    86.6057
16702    86.5754
16716    86.5945
16730    86.5889
16744    86.5918
16758    86.6139
16772    86.6096
16786    86.6146
16800    86.6698
16814    86.6751
16828    86.6688
16842    86.6757
16856    86.6614
16870    86.6457
16884    86.6265
16898    86.6673
16912    86.6169
16926    86.606
16940    86.5754
16954    86.5769
16968    86.5574
16982    86.5206
16996    86.5086
17010    86.5089
17024    86.4943
17038    86.51
17052    86.4489
17066    86.4778
17080    86.4973
17094    86.4684
17108    86.5235
17122    86.5078
17136    86.4711
17150    86.4334
17164    86.4437
17178    86.4403
17192    86.4264
17206    86.3738
17220    86.336
17234    86.3092
17248    86.2631
17262    86.2538
17276    86.2681
17290    86.2587
17304    86.1988
17318    86.141
17332    86.2203
17346    86.1974
17360    86.2174
17374    86.2084
17388    86.1973
17402    86.2311
17416    86.2046
17430    86.18
17444    86.2068
17458    86.2738
17472    86.2834
17486    86.3179
17500    86.3018
17514    86.3096
17528    86.3329
17542    86.3779
17556    86.3724
17570    86.3333
17584    86.354
17598    86.3524
17612    86.3644
17626    86.3398
17640    86.3436
17654    86.3691
17668    86.3726
17682    86.3668
17696    86.4007
17710    86.3509
17724    86.3017
17738    86.3069
17752    86.241
17766    86.2272
17780    86.2486
17794    86.2818
17808    86.3094
17822    86.3075
17836    86.3066
17850    86.3659
17864    86.3187
17878    86.3106
17892    86.3096
17906    86.3168
17920    86.2599
17934    86.3279
17948    86.3387
17962    86.3113
17976    86.2897
17990    86.309
18004    86.2834
18018    86.3211
18032    86.2912
18046    86.2736
18060    86.2633
18074    86.3044
18088    86.2923
18102    86.3081
18116    86.3433
18130    86.3482
18144    86.3168
18158    86.2901
18172    86.3504
18186    86.3508
18200    86.346
18214    86.3612
18228    86.3686
18242    86.4164
18256    86.428
18270    86.421
18284    86.5113
18298    86.5324
18312    86.5223
18326    86.4918
18340    86.4917
18354    86.4848
18368    86.4903
18382    86.5118
18396    86.5034
18410    86.57
18424    86.5612
18438    86.5741
18452    86.5971
18466    86.5767
18480    86.6142
18494    86.5728
18508    86.5708
18522    86.5588
18536    86.5475
18550    86.5423
18564    86.4928
18578    86.4328
18592    86.467
18606    86.4591
18620    86.5245
18634    86.5554
18648    86.5955
18662    86.6015
18676    86.6226
18690    86.6195
18704    86.6486
18718    86.7084
18732    86.6844
18746    86.7031
18760    86.7767
18774    86.7524
18788    86.7554
18802    86.7931
18816    86.708
18830    86.6705
18844    86.6728
18858    86.6668
18872    86.6192
18886    86.6523
18900    86.6619
18914    86.6307
18928    86.6196
18942    86.6277
18956    86.6907
18970    86.7108
18984    86.7462
18998    86.775
19012    86.7493
19026    86.7792
19040    86.8022
19054    86.8438
19068    86.8597
19082    86.8607
19096    86.8009
19110    86.7842
19124    86.793
19138    86.7393
19152    86.6829
19166    86.7053
19180    86.7675
19194    86.766
19208    86.7883
19222    86.7479
19236    86.7551
19250    86.7945
19264    86.8214
19278    86.8575
19292    86.8193
19306    86.8743
19320    86.856
19334    86.7832
19348    86.7967
19362    86.7908
19376    86.7489
19390    86.7657
19404    86.8266
19418    86.8003
19432    86.8494
19446    86.823
19460    86.7822
19474    86.7507
19488    86.7359
19502    86.7772
19516    86.8014
19530    86.8254
19544    86.8613
19558    86.9197
19572    86.8996
19586    86.858
19600    86.912
19614    86.9194
19628    86.9
19642    86.9513
19656    86.9519
19670    86.9234
19684    86.9782
19698    86.9409
19712    86.981
19726    86.9747
19740    86.9478
19754    86.9675
19768    86.929
19782    86.9418
19796    86.9469
19810    86.962
19824    87.0137
19838    87.0585
19852    87.076
19866    87.1332
19880    87.1058
19894    87.1134
19908    87.0973
19922    87.1049
19936    87.1555
19950    87.14
19964    87.1057
19978    87.0892
19992    87.0753
20006    87.1026
20020    87.0928
20034    87.0469
20048    87.0624
20062    87.0949
20076    87.1057
20090    87.0197
20104    87.0426
20118    87.0305
20132    87.0129
20146    87.0748
20160    87.063
20174    87.0853
20188    87.0784
20202    87.1014
20216    87.1147
20230    87.1349
20244    87.1356
20258    87.0931
20272    87.1215
20286    87.0943
20300    87.0844
20314    87.0567
20328    87.0817
20342    87.0503
20356    86.9907
20370    86.9832
20384    86.9855
20398    87.0085
20412    87.0251
20426    87.0471
20440    87.0285
20454    86.9523
20468    86.9279
20482    86.9589
20496    86.97
20510    86.9385
20524    86.9091
20538    86.9083
20552    86.8792
20566    86.8723
20580    86.8562
20594    86.8219
20608    86.7878
20622    86.7286
20636    86.7538
20650    86.7903
20664    86.7711
20678    86.7521
20692    86.7519
20706    86.7232
20720    86.7401
20734    86.7098
20748    86.7219
20762    86.7382
20776    86.7267
20790    86.7154
20804    86.7241
20818    86.6161
20832    86.6335
20846    86.6293
20860    86.6024
20874    86.6168
20888    86.6465
20902    86.6563
20916    86.6701
20930    86.6911
20944    86.6547
20958    86.6279
20972    86.7032
20986    86.697
21000    86.7099
21014    86.6632
21028    86.6933
21042    86.7314
21056    86.7731
21070    86.7883
21084    86.7482
21098    86.6657
21112    86.6726
21126    86.6542
21140    86.6435
21154    86.5854
21168    86.6151
21182    86.6529
21196    86.6667
21210    86.6935
21224    86.6844
21238    86.6528
21252    86.6582
21266    86.7041
21280    86.6848
21294    86.6701
21308    86.6798
21322    86.7155
21336    86.7671
21350    86.7404
21364    86.7212
21378    86.7087
21392    86.6979
21406    86.7108
21420    86.6792
21434    86.6655
21448    86.6487
21462    86.5823
21476    86.5454
21490    86.5242
21504    86.5311
21518    86.5031
21532    86.5277
21546    86.4992
21560    86.5369
21574    86.5471
21588    86.6043
21602    86.5725
21616    86.5217
21630    86.5495
21644    86.5394
21658    86.5779
21672    86.5329
21686    86.5646
21700    86.5561
21714    86.46
21728    86.4842
21742    86.4764
21756    86.4537
21770    86.4193
21784    86.478
21798    86.4678
21812    86.4028
21826    86.4309
21840    86.4064
21854    86.3614
21868    86.3651
21882    86.3936
21896    86.3993
21910    86.38
21924    86.3319
21938    86.3781
21952    86.3627
21966    86.3443
21980    86.3648
21994    86.3734
22008    86.272
22022    86.2097
22036    86.2918
22050    86.2215
22064    86.1915
22078    86.2013
22092    86.2469
22106    86.1807
22120    86.2185
22134    86.2479
22148    86.3118
22162    86.2315
22176    86.2008
22190    86.1797
22204    86.1838
22218    86.181
22232    86.1959
22246    86.2508
22260    86.267
22274    86.2357
22288    86.2116
22302    86.1755
22316    86.2109
22330    86.2021
22344    86.169
22358    86.1784
22372    86.1653
22386    86.1145
22400    86.1169
22414    86.1726
22428    86.1455
22442    86.1753
22456    86.0961
22470    86.1644
22484    86.1445
22498    86.1747
22512    86.1137
22526    86.092
22540    86.1203
22554    86.1065
22568    86.1259
22582    86.1125
22596    86.0663
22610    86.0678
22624    86.0678
22638    86.0811
22652    86.0059
22666    85.9714
22680    85.9366
22694    85.9748
22708    85.9265
22722    85.9341
22736    85.8874
22750    85.8841
22764    85.916
22778    85.9068
22792    85.9118
22806    85.9179
22820    85.9194
22834    85.9289
22848    85.8915
22862    85.8947
22876    85.8742
22890    85.8634
22904    85.8125
22918    85.7774
22932    85.7613
22946    85.8087
22960    85.7681
22974    85.7471
22988    85.7527
23002    85.6931
23016    85.705
23030    85.6837
23044    85.6386
23058    85.5977
23072    85.5633
23086    85.5489
23100    85.5381
23114    85.5466
23128    85.5271
23142    85.4854
23156    85.4371
23170    85.4488
23184    85.4069
23198    85.3854
23212    85.389
23226    85.4156
23240    85.4471
23254    85.4241
23268    85.4468
23282    85.4444
23296    85.4095
23310    85.411
23324    85.3494
23338    85.3902
23352    85.3351
23366    85.3128
23380    85.3306
23394    85.3573
23408    85.2667
23422    85.2535
23436    85.2531
23450    85.2729
23464    85.2152
23478    85.2098
23492    85.1931
23506    85.2466
23520    85.2931
23534    85.2596
23548    85.2245
23562    85.2684
23576    85.2515
23590    85.2492
23604    85.2493
23618    85.2293
23632    85.2036
23646    85.1887
23660    85.1918
23674    85.2115
23688    85.1731
23702    85.1518
23716    85.1319
23730    85.1083
23744    85.0778
23758    84.9976
23772    85.0048
23786    84.9913
23800    84.9303
23814    84.8781
23828    84.9255
23842    84.8389
23856    84.8183
23870    84.814
23884    84.7488
23898    84.7455
23912    84.661
23926    84.682
23940    84.6496
23954    84.6217
23968    84.6175
23982    84.6087
23996    84.644
24010    84.6731
24024    84.6304
24038    84.6726
24052    84.6732
24066    84.6584
24080    84.7007
24094    84.6751
24108    84.6964
24122    84.738
24136    84.6918
24150    84.73
24164    84.6304
24178    84.6551
24192    84.587
24206    84.5973
24220    84.4873
24234    84.4835
24248    84.5039
24262    84.4345
24276    84.4126
24290    84.3647
24304    84.3866
24318    84.3633
24332    84.3651
24346    84.3424
24360    84.3838
24374    84.3269
24388    84.4092
24402    84.3962
24416    84.4166
24430    84.4624
24444    84.4571
24458    84.4538
24472    84.4715
24486    84.5294
24500    84.5682
24514    84.5876
24528    84.5882
24542    84.5914
24556    84.5853
24570    84.5795
24584    84.55
24598    84.5512
24612    84.5647
24626    84.5742
24640    84.5602
24654    84.5458
24668    84.5136
24682    84.4969
24696    84.4843
24710    84.4627
24724    84.4633
24738    84.4749
24752    84.5356
24766    84.4977
24780    84.4966
24794    84.4505
24808    84.4478
24822    84.4418
24836    84.382
24850    84.4056
24864    84.3605
24878    84.3308
24892    84.3048
24906    84.3285
24920    84.3341
24934    84.3342
24948    84.3281
24962    84.3202
24976    84.3116
24990    84.2909
25004    84.2485
25018    84.2201
25032    84.1663
25046    84.184
25060    84.1342
25074    84.1318
25088    84.1773
25102    84.152
25116    84.155
25130    84.1433
25144    84.1372
25158    84.1135
25172    84.1567
25186    84.2042
25200    84.216
25214    84.2109
25228    84.2304
25242    84.1835
25256    84.1478
25270    84.1207
25284    84.0739
25298    84.1228
25312    84.1784
25326    84.1352
25340    84.1242
25354    84.13
25368    84.1105
25382    84.1168
25396    84.1216
25410    84.1048
25424    84.0899
25438    84.0876
25452    84.0444
25466    84.0556
25480    84.0508
25494    84.0277
25508    83.9581
25522    83.949
25536    83.9456
25550    83.9657
25564    84.0284
25578    83.9845
25592    83.983
25606    84.0253
25620    84.0023
25634    84.0285
25648    84.0355
25662    83.9988
25676    83.993
25690    83.9691
25704    83.9762
25718    83.9509
25732    83.972
25746    83.9707
25760    83.9763
25774    83.961
25788    83.98
25802    84.0352
25816    84.025
25830    84.0272
25844    84.0057
25858    84.0398
25872    84.0071
25886    84.0212
25900    84.0416
25914    83.9984
25928    84.0607
25942    84.0723
25956    84.0875
25970    84.1107
25984    84.103
25998    84.1277
26012    84.1444
26026    84.0979
26040    84.1196
26054    84.1622
26068    84.2003
26082    84.1728
26096    84.1402
26110    84.1333
26124    84.1261
26138    84.1055
26152    84.1353
26166    84.124
26180    84.0866
26194    84.0595
26208    84.0516
26222    84.1173
26236    84.0795
26250    84.0595
26264    84.0963
26278    84.1425
26292    84.0938
26306    84.0377
26320    84.028
26334    84.0016
26348    84.0359
26362    84.0746
26376    84.0622
26390    84.0511
26404    84.0068
26418    83.9894
26432    83.9901
26446    83.9685
26460    83.972
26474    83.9833
26488    83.9384
26502    83.9379
26516    83.935
26530    83.9179
26544    83.9292
26558    83.9584
26572    83.8369
26586    83.831
26600    83.7832
26614    83.7329
26628    83.7307
26642    83.7655
26656    83.807
26670    83.8161
26684    83.7934
26698    83.7492
26712    83.6628
26726    83.6007
26740    83.5975
26754    83.5373
26768    83.5333
26782    83.4204
26796    83.4102
26810    83.4316
26824    83.4034
26838    83.3971
26852    83.3197
26866    83.296
26880    83.2585
26894    83.2134
26908    83.2186
26922    83.2148
26936    83.2204
26950    83.2114
26964    83.2286
26978    83.1815
26992    83.1756
27006    83.1466
27020    83.1125
27034    83.0909
27048    83.0477
27062    83.0605
27076    82.983
27090    82.9946
27104    82.9462
27118    82.9293
27132    82.8998
27146    82.8781
27160    82.8476
27174    82.8297
27188    82.8302
27202    82.8637
27216    82.8788
27230    82.8715
27244    82.877
27258    82.8807
27272    82.8677
27286    82.8269
27300    82.8439
27314    82.8653
27328    82.8542
27342    82.8358
27356    82.8025
27370    82.8112
27384    82.7919
27398    82.8213
27412    82.7958
27426    82.7414
27440    82.6789
27454    82.6568
27468    82.695
27482    82.6067
27496    82.6063
27510    82.6036
27524    82.5871
27538    82.5326
27552    82.5528
27566    82.5246
27580    82.4902
27594    82.5126
27608    82.5086
27622    82.4796
27636    82.5164
27650    82.4852
27664    82.4738
27678    82.4541
27692    82.4051
27706    82.3789
27720    82.3822
27734    82.3766
27748    82.3904
27762    82.3586
27776    82.4004
27790    82.4297
27804    82.4579
27818    82.4653
27832    82.471
27846    82.4708
27860    82.4222
27874    82.4142
27888    82.4124
27902    82.4005
27916    82.3199
27930    82.2447
27944    82.2181
27958    82.1885
27972    82.1588
27986    82.1818
28000    82.1513
28014    82.148
28028    82.1254
28042    82.1691
28056    82.1742
28070    82.1763
28084    82.1051
28098    82.1238
28112    82.0875
28126    82.0802
28140    82.0552
28154    82.0458
28168    82.0565
28182    82.043
28196    82.0517
28210    82.02
28224    82.0051
28238    82.0093
28252    82.0041
28266    81.9759
28280    81.9479
28294    81.9672
28308    81.9567
28322    81.8728
28336    81.8346
28350    81.7975
28364    81.788
28378    81.7763
28392    81.7824
28406    81.7818
28420    81.7577
28434    81.7191
28448    81.6859
28462    81.6923
28476    81.674
28490    81.6688
28504    81.6153
28518    81.5861
28532    81.6207
28546    81.5792
28560    81.5538
28574    81.532
28588    81.5447
28602    81.5936
28616    81.5701
28630    81.5707
28644    81.5131
28658    81.5281
28672    81.526
28686    81.4668
28700    81.4797
28714    81.4984
28728    81.4778
28742    81.5332
28756    81.595
28770    81.5838
28784    81.6176
28798    81.6203
28812    81.5575
28826    81.5343
28840    81.5465
28854    81.5188
28868    81.4927
28882    81.4842
28896    81.4715
28910    81.4311
28924    81.372
28938    81.3815
28952    81.3647
28966    81.3684
28980    81.3455
28994    81.286
29008    81.2874
29022    81.3192
29036    81.3127
29050    81.3236
29064    81.3509
29078    81.2898
29092    81.3361
29106    81.3637
29120    81.3517
29134    81.33
29148    81.296
29162    81.2809
29176    81.2835
29190    81.2592
29204    81.2861
29218    81.2296
29232    81.1856
29246    81.1901
29260    81.1557
29274    81.1359
29288    81.0888
29302    81.0801
29316    81.0916
29330    81.0746
29344    81.1169
29358    81.1166
29372    81.1219
29386    81.0976
29400    81.0645
29414    81.0184
29428    81.0071
29442    80.9968
29456    80.9655
29470    81.0101
29484    80.9877
29498    80.9609
29512    80.8785
29526    80.8773
29540    80.8473
29554    80.8842
29568    80.8711
29582    80.8492
29596    80.8126
29610    80.7717
29624    80.7503
29638    80.6742
29652    80.6745
29666    80.6865
29680    80.6719
29694    80.615
29708    80.6121
29722    80.6167
29736    80.5653
29750    80.6247
29764    80.5949
29778    80.6515
29792    80.6356
29806    80.6409
29820    80.6172
29834    80.5874
29848    80.5874
29862    80.6128
29876    80.5793
29890    80.557
29904    80.5227
29918    80.4855
29932    80.4912
29946    80.4221
29960    80.3994
29974    80.388
29988    80.3714
30002    80.3867
30016    80.3925
30030    80.4222
30044    80.3936
30058    80.3677
30072    80.3645
30086    80.3249
30100    80.2774
30114    80.2299
30128    80.3133
30142    80.3252
30156    80.308
30170    80.3147
30184    80.3511
30198    80.357
30212    80.3341
30226    80.3516
30240    80.3275
30254    80.374
30268    80.3478
30282    80.3227
30296    80.2844
30310    80.2549
30324    80.2284
30338    80.238
30352    80.2586
30366    80.2527
30380    80.1917
30394    80.1713
30408    80.1247
30422    80.1265
30436    80.1178
30450    80.1246
30464    80.1069
30478    80.1123
30492    80.1553
30506    80.1238
30520    80.1549
30534    80.1362
30548    80.0924
30562    80.0836
30576    80.0585
30590    80.0783
30604    80.1181
30618    80.1611
30632    80.171
30646    80.2245
30660    80.2068
30674    80.2094
30688    80.1271
30702    80.1174
30716    80.1027
30730    80.0791
30744    80.0351
30758    79.9608
30772    79.8987
30786    79.8347
30800    79.7775
30814    79.7663
30828    79.6883
30842    79.6364
30856    79.613
30870    79.6407
30884    79.6354
30898    79.6
30912    79.5702
30926    79.5938
30940    79.5829
30954    79.5262
30968    79.4717
30982    79.4605
30996    79.4614
31010    79.4733
31024    79.4461
31038    79.4337
31052    79.4103
31066    79.4133
31080    79.3591
31094    79.345
31108    79.3474
31122    79.3472
31136    79.308
31150    79.3442
31164    79.3185
31178    79.2975
31192    79.3147
31206    79.3079
31220    79.2743
31234    79.261
31248    79.2512
31262    79.2298
31276    79.2113
31290    79.2144
31304    79.2086
31318    79.2049
31332    79.1734
31346    79.1264
31360    79.0964
31374    79.0744
31388    78.9957
31402    78.9641
31416    78.9247
31430    78.9097
31444    78.9516
31458    78.9473
31472    78.9314
31486    78.9313
31500    79.0003
31514    79.0264
31528    78.9963
31542    78.979
31556    78.9684
31570    78.9632
31584    78.8923
31598    78.8529
31612    78.8136
31626    78.7845
31640    78.7923
31654    78.7958
31668    78.7725
31682    78.7249
31696    78.7453
31710    78.6588
31724    78.6273
31738    78.6404
31752    78.6582
31766    78.6157
31780    78.5932
31794    78.5871
31808    78.5196
31822    78.5265
31836    78.5382
31850    78.576
31864    78.5184
31878    78.5036
31892    78.4916
31906    78.5375
31920    78.5335
31934    78.5294
31948    78.47
31962    78.3923
31976    78.3898
31990    78.3748
32004    78.3928
32018    78.3326
32032    78.4045
32046    78.4189
32060    78.4009
32074    78.4385
32088    78.4283
32102    78.4424
32116    78.4171
32130    78.3888
32144    78.3822
32158    78.3341
32172    78.3078
32186    78.2761
32200    78.2694
32214    78.252
32228    78.2748
32242    78.2303
32256    78.1897
32270    78.1839
32284    78.1718
32298    78.2001
32312    78.2292
32326    78.2264
32340    78.202
32354    78.1796
32368    78.1875
32382    78.2016
32396    78.1841
32410    78.2069
32424    78.1579
32438    78.1145
32452    78.0578
32466    78.0049
32480    77.9492
32494    77.913
32508    77.8729
32522    77.8525
32536    77.8341
32550    77.8109
32564    77.7543
32578    77.709
32592    77.7228
32606    77.7393
32620    77.7235
32634    77.703
32648    77.7214
32662    77.6719
32676    77.6984
32690    77.5915
32704    77.5768
32718    77.5533
32732    77.5001
32746    77.4968
32760    77.4537
32774    77.4577
32788    77.4501
32802    77.3796
32816    77.3227
32830    77.2989
32844    77.2792
32858    77.2705
32872    77.2425
32886    77.2266
32900    77.2178
32914    77.2198
32928    77.2336
32942    77.203
32956    77.1643
32970    77.2081
32984    77.2135
32998    77.2463
33012    77.1978
33026    77.198
33040    77.2364
33054    77.2508
33068    77.2522
33082    77.2228
33096    77.2118
33110    77.2256
33124    77.214
33138    77.196
33152    77.2603
33166    77.2523
33180    77.3098
33194    77.3192
33208    77.315
33222    77.2922
33236    77.2374
33250    77.1908
33264    77.2096
33278    77.1911
33292    77.1604
33306    77.1792
33320    77.1849
33334    77.2459
33348    77.2522
33362    77.2273
33376    77.2606
33390    77.2176
33404    77.2155
33418    77.2059
33432    77.2574
33446    77.2171
33460    77.2207
33474    77.1972
33488    77.2017
33502    77.2103
33516    77.1838
33530    77.1625
33544    77.1658
33558    77.136
33572    77.1164
33586    77.1244
33600    77.1285
33614    77.0687
33628    77.101
33642    77.096
33656    77.0737
33670    77.042
33684    77.029
33698    77.0051
33712    77.0322
33726    76.9533
33740    76.9028
33754    76.931
33768    76.8838
33782    76.8906
33796    76.8821
33810    76.8519
33824    76.8315
33838    76.8355
33852    76.8387
33866    76.8421
33880    76.8213
33894    76.8159
33908    76.7742
33922    76.7478
33936    76.7532
33950    76.728
33964    76.7089
33978    76.6826
33992    76.6764
34006    76.6345
34020    76.6228
34034    76.6323
34048    76.6209
34062    76.6527
34076    76.6394
34090    76.5965
34104    76.5257
34118    76.501
34132    76.5265
34146    76.5118
34160    76.4551
34174    76.4524
34188    76.4663
34202    76.438
34216    76.3979
34230    76.3578
34244    76.3771
34258    76.3617
34272    76.3775
34286    76.3952
34300    76.3765
34314    76.3815
34328    76.3967
34342    76.3979
34356    76.3923
34370    76.3376
34384    76.3186
34398    76.3371
34412    76.3396
34426    76.3001
34440    76.3238
34454    76.3012
34468    76.278
34482    76.3023
34496    76.2813
34510    76.3097
34524    76.3229
34538    76.3096
34552    76.3082
34566    76.3061
34580    76.3323
34594    76.2836
34608    76.2204
34622    76.1553
34636    76.1878
34650    76.1204
34664    76.1191
34678    76.1057
34692    76.1057
34706    76.1514
34720    76.1373
34734    76.0878
34748    76.1005
34762    76.0949
34776    76.0882
34790    76.0372
34804    76.0152
34818    76.0239
34832    76.0115
34846    76.025
34860    76.0188
34874    75.9978
34888    76.0566
34902    76.042
34916    76.0611
34930    76.0822
34944    76.1181
34958    76.1693
34972    76.1747
34986    76.1679
35000    76.1534
35014    76.1389
35028    76.1448
35042    76.1284
35056    76.0831
35070    76.073
35084    76.0581
35098    76.0381
35112    76.0515
35126    76.0924
35140    76.1378
35154    76.1638
35168    76.1171
35182    76.1166
35196    76.1469
35210    76.1431
35224    76.0646
35238    76.0341
35252    76.0128
35266    76.0381
35280    76.0092
35294    75.988
35308    75.9724
35322    76.01
35336    76.0502
35350    76.0456
35364    76.0927
35378    76.0877
35392    76.0461
35406    76.0207
35420    76.0415
35434    76.0153
35448    76.0183
35462    76.033
35476    76.0199
35490    76.0218
35504    76.0302
35518    76.0296
35532    76.0036
35546    75.9923
35560    75.9874
35574    76.0297
35588    76.0037
35602    75.8843
35616    75.8874
35630    75.8339
35644    75.8318
35658    75.8193
35672    75.7877
35686    75.7199
35700    75.7808
35714    75.7504
35728    75.7567
35742    75.7705
35756    75.7605
35770    75.6959
35784    75.7072
35798    75.6705
35812    75.6901
35826    75.6353
35840    75.6272
35854    75.5261
35868    75.5508
35882    75.5254
35896    75.5412
35910    75.5684
35924    75.5801
35938    75.5842
35952    75.6141
35966    75.6034
35980    75.585
35994    75.5214
36008    75.5733
36022    75.5971
36036    75.5911
36050    75.5999
36064    75.6273
36078    75.6445
36092    75.6457
36106    75.6761
36120    75.7083
36134    75.6619
36148    75.6424
36162    75.6126
36176    75.6492
36190    75.6017
36204    75.5178
36218    75.4662
36232    75.4158
36246    75.4465
36260    75.432
36274    75.4095
36288    75.3757
36302    75.3855
36316    75.3159
36330    75.3215
36344    75.2642
36358    75.2238
36372    75.2139
36386    75.2888
36400    75.2645
36414    75.2262
36428    75.2122
36442    75.2085
36456    75.1264
36470    75.1001
36484    75.063
36498    75.0316
36512    75.0481
36526    75.0389
36540    75.0856
36554    75.0502
36568    75.0419
36582    75.0018
36596    74.9787
36610    74.9769
36624    75.0032
36638    75.0208
36652    75.0544
36666    75.0706
36680    75.02
36694    75.0332
36708    75.0069
36722    74.9564
36736    74.945
36750    74.9408
36764    74.9411
36778    74.956
36792    74.9423
36806    74.9252
36820    74.9403
36834    74.9446
36848    74.8934
36862    74.9
36876    74.9267
36890    74.9387
36904    74.9744
36918    75.0275
36932    75.0302
36946    75.0054
36960    75.0237
36974    74.9703
36988    74.9401
37002    74.9233
37016    74.9563
37030    74.9674
37044    74.8984
37058    74.8654
37072    74.8246
37086    74.8463
37100    74.8349
37114    74.8318
37128    74.8205
37142    74.8407
37156    74.8357
37170    74.8898
37184    74.9399
37198    74.9056
37212    74.9577
37226    74.9717
37240    74.9912
37254    74.9814
37268    74.8916
37282    74.8708
37296    74.8307
37310    74.8229
37324    74.837
37338    74.8552
37352    74.8847
37366    74.9195
37380    74.9434
37394    74.8987
37408    74.9341
37422    74.9289
37436    74.9647
37450    75.0209
37464    75.0302
37478    75.0451
37492    75.041
37506    74.9813
37520    74.9239
37534    74.9428
37548    74.9691
37562    74.9756
37576    75.0103
37590    75.0565
37604    75.0518
37618    75.0382
37632    75.0101
37646    75.0213
37660    74.9951
37674    74.9957
37688    75.0167
37702    75.0572
37716    75.0584
37730    75.0629
37744    75.0444
37758    75.0273
37772    75.0343
37786    75.0485
37800    75.0121
37814    75.0251
37828    75.0645
37842    75.0399
37856    75.0285
37870    75.0165
37884    74.9549
37898    74.919
37912    74.8952
37926    74.9009
37940    74.8851
37954    74.841
37968    74.8683
37982    74.9023
37996    74.9282
38010    74.913
38024    74.8702
38038    74.9034
38052    74.8751
38066    74.8683
38080    74.7656
38094    74.7623
38108    74.7941
38122    74.7617
38136    74.7514
38150    74.7323
38164    74.7298
38178    74.7164
38192    74.6787
38206    74.6953
38220    74.72
38234    74.6959
38248    74.6707
38262    74.6926
38276    74.6428
38290    74.6371
38304    74.6391
38318    74.5499
38332    74.5385
38346    74.5336
38360    74.5208
38374    74.5147
38388    74.549
38402    74.4904
38416    74.4441
38430    74.3966
38444    74.3752
38458    74.3875
38472    74.363
38486    74.3864
38500    74.3866
38514    74.3718
38528    74.3873
38542    74.396
38556    74.4164
38570    74.3721
38584    74.3776
38598    74.3588
38612    74.3437
38626    74.3034
38640    74.2751
38654    74.2441
38668    74.2184
38682    74.2401
38696    74.2411
38710    74.1974
38724    74.1784
38738    74.1448
38752    74.1729
38766    74.1538
38780    74.2101
38794    74.1803
38808    74.1715
38822    74.2296
38836    74.1874
38850    74.1763
38864    74.1165
38878    74.162
38892    74.1172
38906    74.0637
38920    74.0573
38934    74.1139
38948    74.125
38962    74.1055
38976    74.1629
38990    74.1152
39004    74.0965
39018    74.0487
39032    74.0322
39046    74.0654
39060    74.1014
39074    74.1545
39088    74.1304
39102    74.1412
39116    74.1817
39130    74.1998
39144    74.1903
39158    74.1578
39172    74.1792
39186    74.1887
39200    74.1898
39214    74.1606
39228    74.159
39242    74.1459
39256    74.2002
39270    74.2196
39284    74.21
39298    74.2518
39312    74.2902
39326    74.3104
39340    74.3388
39354    74.3329
39368    74.2924
39382    74.3404
39396    74.342
39410    74.3611
39424    74.4126
39438    74.3584
39452    74.3527
39466    74.3248
39480    74.3223
39494    74.2979
39508    74.2774
39522    74.2753
39536    74.2543
39550    74.237
39564    74.185
39578    74.173
39592    74.1565
39606    74.1499
39620    74.2173
39634    74.1635
39648    74.1073
39662    74.0473
39676    74.0046
39690    73.9909
39704    73.9295
39718    73.9433
39732    73.959
39746    73.9693
39760    73.9376
39774    73.9458
39788    73.9565
39802    73.9653
39816    73.9152
39830    73.9423
39844    73.9277
39858    74.009
39872    74.0193
39886    74.0002
39900    74.0276
39914    74.0006
39928    74.0836
39942    74.0374
39956    74.0185
39970    74.0798
39984    74.067
39998    74.0734
40012    74.0831
40026    74.0457
40040    74.0402
40054    74.0434
40068    74.1265
40082    74.1436
40096    74.1442
40110    74.0704
40124    74.1082
40138    74.0626
40152    74.0583
40166    74.0176
40180    73.9852
40194    74.0311
40208    74.0063
40222    74.0101
40236    74.0184
40250    74.0112
40264    73.9903
40278    74.0118
40292    74.0078
40306    73.9703
40320    73.9635
40334    73.8887
40348    73.8634
40362    73.8675
40376    73.8902
40390    73.8963
40404    73.9524
40418    73.9148
40432    73.8928
40446    73.9315
40460    73.9075
40474    73.8904
40488    73.9009
40502    73.8905
40516    73.9437
40530    73.9959
40544    74.0199
40558    74.068
40572    74.0738
40586    74.1329
40600    74.1502
40614    74.1626
40628    74.1575
40642    74.1364
40656    74.1319
40670    74.1554
40684    74.1689
40698    74.1967
40712    74.2055
40726    74.2348
40740    74.2031
40754    74.195
40768    74.1542
40782    74.1134
40796    74.0702
40810    74.0841
40824    74.0842
40838    74.088
40852    74.1053
40866    74.1389
40880    74.1446
40894    74.1822
40908    74.1605
40922    74.1667
40936    74.1523
40950    74.1817
40964    74.1831
40978    74.1706
40992    74.1679
41006    74.2201
41020    74.206
41034    74.2584
41048    74.223
41062    74.3106
41076    74.347
41090    74.3471
41104    74.3786
41118    74.3774
41132    74.3438
41146    74.3429
41160    74.3092
41174    74.2443
41188    74.2416
41202    74.2453
41216    74.2612
41230    74.2528
41244    74.2703
41258    74.281
41272    74.2838
41286    74.3001
41300    74.3248
41314    74.2902
41328    74.2589
41342    74.2238
41356    74.1708
41370    74.1888
41384    74.1994
41398    74.1936
41412    74.209
41426    74.19
41440    74.2331
41454    74.2331
41468    74.2278
41482    74.2578
41496    74.2391
41510    74.2393
41524    74.2419
41538    74.2416
41552    74.2886
41566    74.2995
41580    74.2835
41594    74.2891
41608    74.3083
41622    74.3203
41636    74.2878
41650    74.3129
41664    74.2581
41678    74.2384
41692    74.224
41706    74.2301
41720    74.2507
41734    74.226
41748    74.2486
41762    74.2689
41776    74.297
41790    74.2251
41804    74.2065
41818    74.2645
41832    74.2598
41846    74.2218
41860    74.1854
41874    74.1805
41888    74.196
41902    74.2627
41916    74.282
41930    74.2688
41944    74.2252
41958    74.2471
41972    74.2323
41986    74.2363
42000    74.1914
42014    74.1911
42028    74.1452
42042    74.1065
42056    74.1043
42070    74.0759
42084    74.128
42098    74.1192
42112    74.1645
42126    74.1563
42140    74.1254
42154    74.1848
42168    74.2216
42182    74.2371
42196    74.223
42210    74.2158
42224    74.2826
42238    74.2558
42252    74.2523
42266    74.2563
42280    74.243
42294    74.2329
42308    74.1955
42322    74.1811
42336    74.0932
42350    74.1054
42364    74.1061
42378    74.0889
42392    74.041
42406    74.0594
42420    74.1177
42434    74.1805
42448    74.1652
42462    74.163
42476    74.1712
42490    74.2057
42504    74.2012
42518    74.2094
42532    74.2553
42546    74.2784
42560    74.2618
42574    74.2519
42588    74.2285
42602    74.2452
42616    74.287
42630    74.3
42644    74.369
42658    74.3458
42672    74.3543
42686    74.3058
42700    74.3498
42714    74.39
42728    74.3774
42742    74.4002
42756    74.4248
42770    74.4277
42784    74.4536
42798    74.4843
42812    74.4673
42826    74.3891
42840    74.3802
42854    74.3885
42868    74.3726
42882    74.3645
42896    74.364
42910    74.3743
42924    74.3282
42938    74.3824
42952    74.4288
42966    74.3726
42980    74.3972
42994    74.4065
43008    74.3947
43022    74.4143
43036    74.4332
43050    74.4556
43064    74.4701
43078    74.5178
43092    74.5182
43106    74.5035
43120    74.5149
43134    74.5338
43148    74.5902
43162    74.6153
43176    74.6072
43190    74.5968
43204    74.594
43218    74.5942
43232    74.5789
43246    74.5597
43260    74.5895
43274    74.5809
43288    74.5961
43302    74.6587
43316    74.6243
43330    74.6549
43344    74.6188
43358    74.6476
43372    74.6281
43386    74.6381
43400    74.613
43414    74.6232
43428    74.5914
43442    74.6036
43456    74.5809
43470    74.5228
43484    74.562
43498    74.6135
43512    74.6007
43526    74.6483
43540    74.6601
43554    74.6883
43568    74.7208
43582    74.7319
43596    74.7814
43610    74.7902
43624    74.7599
43638    74.7603
43652    74.7105
43666    74.712
43680    74.7062
43694    74.6277
43708    74.6368
43722    74.6744
43736    74.6683
43750    74.7859
43764    74.7748
43778    74.83
43792    74.8788
43806    74.8661
43820    74.8633
43834    74.9401
43848    74.9782
43862    74.9667
43876    74.966
43890    74.9738
43904    74.9779
43918    75.032
43932    74.9871
43946    74.9541
43960    74.9482
43974    74.9173
43988    74.9463
44002    74.9348
44016    74.9936
44030    75.0357
44044    75.0513
44058    75.0271
44072    75.036
44086    74.9983
44100    75.0085
44114    74.955
44128    74.9848
44142    74.9603
44156    74.9768
44170    74.97
44184    74.8947
44198    74.9133
44212    74.8839
44226    74.8763
44240    74.8681
44254    74.8723
44268    74.9096
44282    74.9317
44296    74.8659
44310    74.8883
44324    74.863
44338    74.8983
44352    74.8625
44366    74.8674
44380    74.8217
44394    74.7909
44408    74.7762
44422    74.7249
44436    74.7213
44450    74.7213
44464    74.6521
44478    74.68
44492    74.6573
44506    74.6515
44520    74.6443
44534    74.6549
44548    74.6373
44562    74.6747
44576    74.6939
44590    74.6338
44604    74.6063
44618    74.6264
44632    74.6458
44646    74.6517
44660    74.6474
44674    74.652
44688    74.6439
44702    74.6251
44716    74.6842
44730    74.659
44744    74.6707
44758    74.7003
44772    74.6686
44786    74.6424
44800    74.6287
44814    74.6736
44828    74.6778
44842    74.7089
44856    74.7377
44870    74.7639
44884    74.7242
44898    74.7543
44912    74.7852
44926    74.8133
44940    74.8815
44954    74.8919
44968    74.9275
44982    74.9568
44996    74.9363
45010    74.9547
45024    74.9525
45038    74.9984
45052    75.009
45066    75.0134
45080    75.0099
45094    74.9971
45108    74.9623
45122    74.9893
45136    74.9738
45150    74.8709
45164    74.8341
45178    74.7983
45192    74.8282
45206    74.7988
45220    74.8422
45234    74.795
45248    74.8134
45262    74.7709
45276    74.7933
45290    74.828
45304    74.7634
45318    74.7848
45332    74.7925
45346    74.8452
45360    74.8285
45374    74.8148
45388    74.8319
45402    74.8565
45416    74.8466
45430    74.8244
45444    74.7909
45458    74.8713
45472    74.8813
45486    74.9344
45500    75.0023
45514    75.0017
45528    75.0374
45542    75.003
45556    74.9749
45570    75.0079
45584    74.9751
45598    75.0006
45612    74.9318
45626    74.9825
45640    75.0253
45654    75.0543
45668    75.026
45682    75.0435
45696    75.004
45710    75.0159
45724    75.0714
45738    75.0798
45752    75.1596
45766    75.125
45780    75.1117
45794    75.1253
45808    75.0993
45822    75.1157
45836    75.0903
45850    75.1025
45864    75.1303
45878    75.1132
45892    75.1328
45906    75.1486
45920    75.1445
45934    75.1442
45948    75.1607
45962    75.1741
45976    75.141
45990    75.1073
46004    75.1012
46018    75.0896
46032    75.0536
46046    75.0382
46060    75.0983
46074    75.1317
46088    75.1592
46102    75.1617
46116    75.1583
46130    75.196
46144    75.1886
46158    75.1994
46172    75.1861
46186    75.2344
46200    75.2468
46214    75.3159
46228    75.335
46242    75.3441
46256    75.3208
46270    75.3174
46284    75.2923
46298    75.2363
46312    75.2407
46326    75.2247
46340    75.1858
46354    75.2193
46368    75.2326
46382    75.2321
46396    75.1491
46410    75.1705
46424    75.202
46438    75.2612
46452    75.2494
46466    75.2366
46480    75.2505
46494    75.2284
46508    75.2431
46522    75.2411
46536    75.2474
46550    75.2772
46564    75.2621
46578    75.2337
46592    75.2135
46606    75.1819
46620    75.1964
46634    75.231
46648    75.193
46662    75.2093
46676    75.2243
46690    75.2054
46704    75.2234
46718    75.2094
46732    75.1855
46746    75.1984
46760    75.2
46774    75.1967
46788    75.2078
46802    75.1975
46816    75.1878
46830    75.121
46844    75.0981
46858    75.1177
46872    75.1302
46886    75.1293
46900    75.1241
46914    75.1616
46928    75.2063
46942    75.2327
46956    75.257
46970    75.2299
46984    75.2044
46998    75.2284
47012    75.2748
47026    75.2624
47040    75.3051
47054    75.3291
47068    75.3526
47082    75.3564
47096    75.3238
47110    75.286
47124    75.2574
47138    75.3067
47152    75.2716
47166    75.2539
47180    75.2696
47194    75.3035
47208    75.358
47222    75.3935
47236    75.4069
47250    75.4435
47264    75.4049
47278    75.3605
47292    75.3589
47306    75.4093
47320    75.366
47334    75.4025
47348    75.447
47362    75.4825
47376    75.508
47390    75.5621
47404    75.6264
47418    75.6188
47432    75.645
47446    75.6912
47460    75.6741
47474    75.6485
47488    75.6206
47502    75.6565
47516    75.6769
47530    75.7065
47544    75.7547
47558    75.6992
47572    75.6819
47586    75.7333
47600    75.7532
47614    75.8068
47628    75.8529
47642    75.8825
47656    75.8593
47670    75.866
47684    75.8211
47698    75.8438
47712    75.9302
47726    75.856
47740    75.8475
47754    75.8636
47768    75.8388
47782    75.7938
47796    75.7987
47810    75.7554
47824    75.8005
47838    75.7395
47852    75.7499
47866    75.7887
47880    75.797
47894    75.86
47908    75.8176
47922    75.8138
47936    75.796
47950    75.7266
47964    75.7318
47978    75.7385
47992    75.7137
48006    75.7288
48020    75.7244
48034    75.7061
48048    75.7801
48062    75.773
48076    75.8097
48090    75.7851
48104    75.7504
48118    75.7435
48132    75.7805
48146    75.736
48160    75.7403
48174    75.7402
48188    75.7819
48202    75.8228
48216    75.8081
48230    75.7425
48244    75.7197
48258    75.6898
48272    75.6668
48286    75.6328
48300    75.6269
48314    75.5741
48328    75.567
48342    75.5337
48356    75.5342
48370    75.5042
48384    75.4702
48398    75.492
48412    75.5062
48426    75.5501
48440    75.5234
48454    75.5493
48468    75.5651
48482    75.5434
48496    75.5288
48510    75.5361
48524    75.6124
48538    75.5592
48552    75.5607
48566    75.5971
48580    75.6463
48594    75.6538
48608    75.6449
48622    75.6102
48636    75.6056
48650    75.5787
48664    75.543
48678    75.6067
48692    75.5618
48706    75.5301
48720    75.5749
48734    75.5682
48748    75.5986
48762    75.605
48776    75.6682
48790    75.6805
48804    75.6864
48818    75.6817
48832    75.6591
48846    75.7121
48860    75.7474
48874    75.7228
48888    75.7262
48902    75.7986
48916    75.7888
48930    75.8515
48944    75.9176
48958    75.91
48972    75.9477
48986    76.006
49000    76.0287
49014    76.0743
49028    76.0604
49042    76.0655
49056    76.0468
49070    76.0855
49084    76.0865
49098    76.0729
49112    76.0869
49126    76.0923
49140    76.1086
49154    76.1576
49168    76.1951
49182    76.1186
49196    76.1929
49210    76.1777
49224    76.1504
49238    76.1464
49252    76.2057
49266    76.2182
49280    76.2302
49294    76.2468
49308    76.2975
49322    76.3011
49336    76.3286
49350    76.3673
49364    76.4124
49378    76.4683
49392    76.4612
49406    76.4895
49420    76.4683
49434    76.4264
49448    76.3947
49462    76.3885
49476    76.4455
49490    76.4161
49504    76.437
49518    76.4885
49532    76.4945
49546    76.4693
49560    76.5104
49574    76.5571
49588    76.6019
49602    76.5862
49616    76.5742
49630    76.5835
49644    76.5652
49658    76.6201
49672    76.6319
49686    76.6096
49700    76.6081
49714    76.6674
49728    76.6756
49742    76.642
