0    0
1    0
2    0
3    0
4    0
5    0
6    0
7    0
8    0
9    0
10    0
11    0
12    0
13    0
14    0
15    0
16    0
17    0
18    0
19    0
20    0
21    0
22    0
23    0
24    0
25    0
26    0
27    0
28    0
29    0
30    0
31    0
32    0
33    0
34    0
35    0
36    0
37    0
38    0
39    0
40    0
41    0
42    0
43    0
44    0
45    0
46    0
47    0
48    0
49    0
50    0
51    0
52    0
53    0
54    0
55    0
56    0
57    0
58    0
59    0
60    0
61    0
62    0
63    0
64    0
65    0
66    0
67    0
68    0
69    0
70    0
71    0
72    0
73    0
74    0
75    0
76    0
77    0
78    0
79    0
80    0
81    0
82    0
83    0
84    0
85    0
86    0
87    0
88    0
89    0
90    0
91    0
92    0
93    0
94    0
95    0
96    0
97    0
98    0
99    0
100    0
101    0
102    0
103    0
104    0
105    0
106    0
107    0
108    0
109    0
110    0
111    0
112    0
113    0
114    0
115    0
116    0
117    0
118    0
119    0
120    0
121    0
122    0
123    0
124    0
125    0
126    0
127    0
128    0
129    0
130    0
131    0
132    0
133    0
134    0
135    0
136    0
137    0
138    0
139    0
140    0
141    0
142    0
143    0
144    0
145    2.08333e-006
146    6.94444e-007
147    3.47222e-006
148    8.33333e-006
149    1.73611e-005
150    1.38889e-005
151    2.77778e-006
152    1.38889e-006
153    1.38889e-006
154    6.94444e-006
155    2.63889e-005
156    7.36111e-005
157    6.52778e-005
158    6.45833e-005
159    6.18056e-005
160    4.51389e-005
161    1.59722e-005
162    3.95833e-005
163    8.05556e-005
164    0.000122917
165    0.00010625
166    8.75e-005
167    6.59722e-005
168    0.000106944
169    0.000122917
170    0.000179861
171    0.000208333
172    0.000210417
173    0.00026875
174    0.000403472
175    0.000466667
176    0.00045
177    0.000447917
178    0.000448611
179    0.000540972
180    0.000665972
181    0.00071875
182    0.000758333
183    0.000818056
184    0.000836111
185    0.00107431
186    0.00168681
187    0.00192083
188    0.00208958
189    0.00213958
190    0.00239028
191    0.00253889
192    0.00317917
193    0.00350972
194    0.00358125
195    0.00307986
196    0.00269167
197    0.00227292
198    0.00197917
199    0.00175347
200    0.00344861
201    0.00541389
202    0.00567083
203    0.00547431
204    0.00462986
205    0.00571181
206    0.00542569
207    0.00885972
208    0.0118229
209    0.0126389
210    0.0117556
211    0.00999444
212    0.0107097
213    0.0133076
214    0.0148625
215    0.022434
216    0.0567035
217    0.0895118
218    0.106393
219    0.103633
220    0.0876
221    0.074441
222    0.0599042
223    0.0516333
224    0.0423028
225    0.0319382
226    0.027516
227    0.0197938
228    0.0132076
229    0.00932569
230    0.00604514
231    0.00791111
232    0.00619514
233    0.00432639
234    0.00250278
235    0.00127778
236    0.000666667
237    0.000321528
238    9.09722e-005
239    3.95833e-005
240    2.01389e-005
241    4.375e-005
242    1.59722e-005
243    4.86111e-006
244    1.38889e-006
245    0
246    0
247    0
248    0
249    0
250    0
251    0
252    0
253    0
254    0
255    0
256    0
257    0
258    0
259    0
260    0
261    0
262    0
263    0
264    0
265    0
266    0
267    0
268    0
269    0
270    0
271    0
272    0
273    0
274    0
275    0
276    0
277    0
278    0
279    0
280    0
281    0
282    0
283    0
284    0
285    0
286    0
287    0
288    0
289    0
290    0
291    0
292    0
293    0
294    0
295    0
296    0
297    0
298    0
299    0
