0    0
1    0
2    0
3    0
4    0
5    0
6    0
7    0
8    0
9    0
10    0
11    0
12    0
13    0
14    0
15    0
16    0
17    0
18    0
19    0
20    0
21    0
22    0
23    0
24    0
25    0
26    0
27    0
28    0
29    0
30    0
31    0
32    0
33    0
34    0
35    0
36    0
37    0
38    0
39    0
40    0
41    0
42    0
43    0
44    0
45    0
46    0
47    0
48    0
49    0
50    0
51    0
52    0
53    0
54    0
55    0
56    0
57    0
58    0
59    0
60    0
61    0
62    0
63    0
64    0
65    0
66    0
67    0
68    0
69    0
70    0
71    0
72    0
73    0
74    0
75    0
76    0
77    0
78    0
79    0
80    0
81    0
82    0
83    0
84    0
85    0
86    0
87    0
88    0
89    0
90    0
91    0
92    0
93    0
94    0
95    0
96    0
97    0
98    0
99    0
100    0
101    0
102    0
103    0
104    0
105    0
106    0
107    0
108    0
109    0
110    0
111    0
112    0
113    0
114    0
115    0
116    0
117    0
118    0
119    0
120    0
121    0
122    0
123    0
124    0
125    0
126    0
127    0
128    0
129    0
130    0
131    0
132    0
133    0
134    0
135    0
136    0
137    0
138    0
139    0
140    0
141    0
142    0
143    0
144    0
145    2.08333e-006
146    6.94444e-007
147    5.55556e-006
148    8.33333e-006
149    1.59722e-005
150    1.31944e-005
151    2.77778e-006
152    1.38889e-006
153    4.86111e-006
154    3.75e-005
155    4.30556e-005
156    8.47222e-005
157    7.29167e-005
158    2.22222e-005
159    3.68056e-005
160    4.72222e-005
161    3.05556e-005
162    1.94444e-005
163    2.36111e-005
164    6.31944e-005
165    6.18056e-005
166    6.66667e-005
167    6.52778e-005
168    7.08333e-005
169    6.80556e-005
170    0.000110417
171    0.000104167
172    0.000102083
173    5.48611e-005
174    7.36111e-005
175    0.000147917
176    0.000174306
177    0.000182639
178    0.000133333
179    0.000136806
180    0.000288889
181    0.000629167
182    0.000759028
183    0.00122083
184    0.00141944
185    0.00165764
186    0.00196389
187    0.00216181
188    0.00222708
189    0.00235903
190    0.00226667
191    0.00243403
192    0.00241389
193    0.00235625
194    0.00227708
195    0.00231944
196    0.00257014
197    0.00263125
198    0.00340972
199    0.00331736
200    0.00315903
201    0.00298611
202    0.00541736
203    0.00815625
204    0.00921389
205    0.0088375
206    0.0076375
207    0.00844306
208    0.00809792
209    0.00765069
210    0.00866736
211    0.00843333
212    0.00789375
213    0.00667986
214    0.00881528
215    0.0115715
216    0.0134882
217    0.0155792
218    0.0218806
219    0.0226389
220    0.0222167
221    0.0201063
222    0.0257958
223    0.0735278
224    0.0930986
225    0.0900194
226    0.0932257
227    0.0827139
228    0.066384
229    0.0548326
230    0.0436736
231    0.0322674
232    0.0240847
233    0.0169507
234    0.0104229
235    0.0059875
236    0.00316528
237    0.00163056
238    0.000947222
239    0.000474306
240    0.00025625
241    0.000144444
242    2.36111e-005
243    1.31944e-005
244    0
245    0
246    0
247    0
248    0
249    0
250    0
251    0
252    0
253    0
254    0
255    0
256    0
257    0
258    0
259    0
260    0
261    0
262    0
263    0
264    0
265    0
266    0
267    0
268    0
269    0
270    0
271    0
272    0
273    0
274    0
275    0
276    0
277    0
278    0
279    0
280    0
281    0
282    0
283    0
284    0
285    0
286    0
287    0
288    0
289    0
290    0
291    0
292    0
293    0
294    0
295    0
296    0
297    0
298    0
299    0
