0    0
1    0
2    0
3    0
4    0
5    0
6    0
7    0
8    0
9    0
10    0
11    0
12    0
13    0
14    0
15    0
16    0
17    0
18    0
19    0
20    0
21    0
22    0
23    0
24    0
25    0
26    0
27    0
28    0
29    0
30    0
31    0
32    0
33    0
34    0
35    0
36    0
37    0
38    0
39    0
40    0
41    0
42    0
43    0
44    0
45    0
46    0
47    0
48    0
49    0
50    0
51    0
52    0
53    0
54    0
55    0
56    0
57    0
58    0
59    0
60    0
61    0
62    0
63    0
64    0
65    0
66    0
67    0
68    0
69    0
70    0
71    0
72    0
73    0
74    0
75    0
76    0
77    0
78    0
79    0
80    0
81    0
82    0
83    0
84    0
85    0
86    0
87    0
88    0
89    0
90    0
91    0
92    0
93    0
94    0
95    0
96    0
97    0
98    0
99    0
100    0
101    0
102    0
103    0
104    0
105    0
106    0
107    0
108    0
109    0
110    0
111    0
112    0
113    0
114    0
115    0
116    0
117    0
118    0
119    0
120    0
121    0
122    0
123    0
124    0
125    0
126    0
127    0
128    0
129    0
130    0
131    0
132    0
133    0
134    0
135    0
136    0
137    0
138    0
139    0
140    0
141    0
142    0
143    0
144    0
145    2.08333e-006
146    6.94444e-007
147    1.38889e-006
148    2.77778e-006
149    4.86111e-006
150    1.38889e-005
151    1.31944e-005
152    4.16667e-006
153    3.47222e-006
154    2.77778e-006
155    1.38889e-006
156    2.29167e-005
157    3.61111e-005
158    9.375e-005
159    0.000134028
160    0.000154861
161    0.000183333
162    0.000211111
163    0.000234028
164    0.000279167
165    0.00024375
166    0.000236806
167    0.000275694
168    0.000285417
169    0.0004
170    0.000604167
171    0.000872917
172    0.00107153
173    0.00143819
174    0.00169931
175    0.00194722
176    0.00213333
177    0.00229236
178    0.00261875
179    0.00290556
180    0.00328264
181    0.00399444
182    0.00421736
183    0.00500208
184    0.00604931
185    0.00688958
186    0.0076375
187    0.00795833
188    0.00803194
189    0.00816042
190    0.0084625
191    0.0077875
192    0.00871042
193    0.00941736
194    0.0107667
195    0.011334
196    0.0113924
197    0.0115444
198    0.0112229
199    0.0109535
200    0.0106951
201    0.0101667
202    0.00914306
203    0.00775486
204    0.00669444
205    0.00545417
206    0.00478958
207    0.00401597
208    0.00316736
209    0.00812153
210    0.0131194
211    0.0143778
212    0.0141604
213    0.0126222
214    0.0112389
215    0.0164743
216    0.0183931
217    0.027559
218    0.0319736
219    0.0312701
220    0.0329299
221    0.0298563
222    0.0250458
223    0.0208535
224    0.0167417
225    0.0118562
226    0.00802847
227    0.00532361
228    0.0454187
229    0.0698042
230    0.0659632
231    0.0592194
232    0.052225
233    0.0380076
234    0.026025
235    0.0187465
236    0.0118375
237    0.00714306
238    0.00438194
239    0.00270972
240    0.00139861
241    0.000709028
242    0.000620833
243    0.000363194
244    0.000208333
245    0.00010625
246    2.5e-005
247    6.94444e-007
248    0
249    0
250    0
251    0
252    0
253    0
254    0
255    0
256    0
257    0
258    0
259    0
260    0
261    0
262    0
263    0
264    0
265    0
266    0
267    0
268    0
269    0
270    0
271    0
272    0
273    0
274    0
275    0
276    0
277    0
278    0
279    0
280    0
281    0
282    0
283    0
284    0
285    0
286    0
287    0
288    0
289    0
290    0
291    0
292    0
293    0
294    0
295    0
296    0
297    0
298    0
299    0
