0    0
1    0
2    0
3    0
4    0
5    0
6    0
7    0
8    0
9    0
10    0
11    0
12    0
13    0
14    0
15    0
16    0
17    0
18    0
19    0
20    0
21    0
22    0
23    0
24    0
25    0
26    0
27    0
28    0
29    0
30    0
31    0
32    0
33    0
34    0
35    0
36    0
37    0
38    0
39    0
40    0
41    0
42    0
43    0
44    0
45    0
46    0
47    0
48    0
49    0
50    0
51    0
52    0
53    0
54    0
55    0
56    0
57    0
58    0
59    0
60    0
61    0
62    0
63    0
64    0
65    0
66    0
67    0
68    0
69    0
70    0
71    0
72    0
73    0
74    0
75    0
76    0
77    0
78    0
79    0
80    0
81    0
82    0
83    0
84    0
85    0
86    0
87    0
88    0
89    0
90    0
91    0
92    0
93    0
94    0
95    0
96    0
97    0
98    0
99    0
100    0
101    0
102    0
103    0
104    0
105    0
106    0
107    0
108    0
109    0
110    0
111    0
112    0
113    0
114    0
115    0
116    0
117    0
118    0
119    0
120    0
121    0
122    0
123    0
124    0
125    0
126    0
127    0
128    0
129    0
130    0
131    0
132    0
133    0
134    0
135    0
136    0
137    0
138    0
139    0
140    0
141    0
142    0
143    0
144    0
145    0.000208333
146    6.94444e-005
147    0.000138889
148    0.000277778
149    0.000486111
150    0.00138889
151    0.00131944
152    0.000416667
153    0.000347222
154    0.000277778
155    0.000138889
156    0.000416667
157    0.00145833
158    0.00583333
159    0.00930556
160    0.00791667
161    0.00534722
162    0.00333333
163    0.00270833
164    0.00180556
165    0.003125
166    0.00361111
167    0.00395833
168    0.00451389
169    0.00576389
170    0.00958333
171    0.0128472
172    0.011875
173    0.0104861
174    0.00902778
175    0.00590278
176    0.00423611
177    0.00604167
178    0.00597222
179    0.00763889
180    0.00729167
181    0.00618056
182    0.00680556
183    0.005625
184    0.00694444
185    0.00416667
186    0.00715278
187    0.00798611
188    0.00659722
189    0.015
190    0.0459722
191    0.0580556
192    0.0824306
193    0.0950694
194    0.0925
195    0.0911806
196    0.0970139
197    0.069375
198    0.0424306
199    0.0316667
200    0.0334028
201    0.0208333
202    0.013125
203    0.00458333
204    0.000833333
205    0
206    0
207    0
208    0
209    0
210    0
211    0
212    0
213    0
214    0
215    0
216    0
217    0
218    0
219    0
220    0
221    0
222    0
223    0
224    0
225    0
226    0
227    0
228    0
229    0
230    0
231    0
232    0
233    0
234    0
235    0
236    0
237    0
238    0
239    0
240    0
241    0
242    0
243    0
244    0
245    0
246    0
247    0
248    0
249    0
250    0
251    0
252    0
253    0
254    0
255    0
256    0
257    0
258    0
259    0
260    0
261    0
262    0
263    0
264    0
265    0
266    0
267    0
268    0
269    0
270    0
271    0
272    0
273    0
274    0
275    0
276    0
277    0
278    0
279    0
280    0
281    0
282    0
283    0
284    0
285    0
286    0
287    0
288    0
289    0
290    0
291    0
292    0
293    0
294    0
295    0
296    0
297    0
298    0
299    0
