0	1	0	0.5
1	1	-0.1	0.505
2	0.99	-0.2	0.51005
3	0.97	-0.299	0.51515
4	0.9401	-0.396	0.520302
5	0.9005	-0.49001	0.525505
6	0.851499	-0.58006	0.53076
7	0.793493	-0.66521	0.536068
8	0.726972	-0.744559	0.541428
9	0.652516	-0.817256	0.546843
10	0.57079	-0.882508	0.552311
11	0.48254	-0.939587	0.557834
12	0.388581	-0.987841	0.563413
13	0.289797	-1.0267	0.569047
14	0.187127	-1.05568	0.574737
15	0.0815591	-1.07439	0.580484
16	-0.0258801	-1.08255	0.586289
17	-0.134135	-1.07996	0.592152
18	-0.242131	-1.06655	0.598074
19	-0.348785	-1.04233	0.604054
20	-0.453019	-1.00745	0.610095
21	-0.553764	-0.962152	0.616196
22	-0.649979	-0.906776	0.622358
23	-0.740657	-0.841778	0.628582
24	-0.824835	-0.767712	0.634867
25	-0.901606	-0.685229	0.641216
26	-0.970129	-0.595068	0.647628
27	-1.02964	-0.498055	0.654104
28	-1.07944	-0.395092	0.660645
29	-1.11895	-0.287148	0.667252
30	-1.14767	-0.175253	0.673924
31	-1.16519	-0.0604862	0.680664
32	-1.17124	0.0560329	0.68747
33	-1.16564	0.173157	0.694345
34	-1.14832	0.28972	0.701288
35	-1.11935	0.404552	0.708301
36	-1.07889	0.516487	0.715384
37	-1.02724	0.624376	0.722538
38	-0.964806	0.727101	0.729764
39	-0.892096	0.823582	0.737061
40	-0.809738	0.912791	0.744432
41	-0.718459	0.993765	0.751876
42	-0.619083	1.06561	0.759395
43	-0.512522	1.12752	0.766989
44	-0.39977	1.17877	0.774659
45	-0.281892	1.21875	0.782405
46	-0.160018	1.24694	0.790229
47	-0.0353239	1.26294	0.798132
48	0.09097	1.26647	0.806113
49	0.217617	1.25737	0.814174
50	0.343355	1.23561	0.822316
51	0.466916	1.20128	0.830539
52	0.587044	1.15459	0.838844
53	0.702502	1.09588	0.847233
54	0.81209	1.02563	0.855705
55	0.914654	0.944422	0.864262
56	1.0091	0.852957	0.872905
57	1.09439	0.752047	0.881634
58	1.1696	0.642608	0.89045
59	1.23386	0.525649	0.899355
60	1.28642	0.402263	0.908348
61	1.32665	0.273621	0.917432
62	1.35401	0.140956	0.926606
63	1.36811	0.00555481	0.935872
64	1.36866	-0.131256	0.945231
65	1.35554	-0.268122	0.954683
66	1.32872	-0.403675	0.96423
67	1.28836	-0.536548	0.973872
68	1.2347	-0.665383	0.983611
69	1.16816	-0.788854	0.993447
70	1.08928	-0.90567	1.00338
71	0.998711	-1.0146	1.01342
72	0.897251	-1.11447	1.02355
73	0.785804	-1.20419	1.03379
74	0.665385	-1.28277	1.04412
75	0.537107	-1.34931	1.05456
76	0.402176	-1.40302	1.06511
77	0.261874	-1.44324	1.07576
78	0.117549	-1.46943	1.08652
79	-0.0293934	-1.48118	1.09738
80	-0.177512	-1.47824	1.10836
81	-0.325336	-1.46049	1.11944
82	-0.471385	-1.42796	1.13064
83	-0.614181	-1.38082	1.14194
84	-0.752263	-1.3194	1.15336
85	-0.884204	-1.24418	1.16489
86	-1.00862	-1.15576	1.17654
87	-1.1242	-1.05489	1.18831
88	-1.22969	-0.942474	1.20019
89	-1.32393	-0.819505	1.21219
90	-1.40588	-0.687112	1.22432
91	-1.4746	-0.546524	1.23656
92	-1.52925	-0.399064	1.24893
93	-1.56915	-0.246139	1.26141
94	-1.59377	-0.0892239	1.27403
95	-1.60269	0.0701529	1.28677
96	-1.59567	0.230422	1.29964
97	-1.57263	0.389989	1.31263
98	-1.53363	0.547253	1.32576
99	-1.47891	0.700616	1.33902
100	-1.40885	0.848507	1.35241
101	-1.324	0.989392	1.36593
102	-1.22506	1.12179	1.37959
103	-1.11288	1.2443	1.39339
104	-0.988448	1.35558	1.40732
105	-0.85289	1.45443	1.42139
106	-0.707447	1.53972	1.43561
107	-0.553475	1.61046	1.44996
108	-0.392429	1.66581	1.46446
109	-0.225848	1.70505	1.47911
110	-0.0553422	1.72764	1.4939
111	0.117422	1.73317	1.50884
112	0.290739	1.72143	1.52393
113	0.462882	1.69236	1.53917
114	0.632118	1.64607	1.55456
115	0.796724	1.58286	1.5701
116	0.95501	1.50318	1.5858
117	1.10533	1.40768	1.60166
118	1.2461	1.29715	1.61768
119	1.37581	1.17254	1.63385
120	1.49307	1.03496	1.65019
121	1.59656	0.885653	1.6667
122	1.68513	0.725997	1.68336
123	1.75773	0.557484	1.7002
124	1.81348	0.381711	1.7172
125	1.85165	0.200364	1.73437
126	1.87168	0.0151991	1.75171
127	1.8732	-0.171969	1.76923
128	1.85601	-0.359289	1.78692
129	1.82008	-0.54489	1.80479
130	1.76559	-0.726898	1.82284
131	1.6929	-0.903456	1.84107
132	1.60255	-1.07275	1.85948
133	1.49528	-1.233	1.87807
134	1.37198	-1.38253	1.89685
135	1.23372	-1.51973	1.91582
136	1.08175	-1.6431	1.93498
137	0.917442	-1.75127	1.95433
138	0.742315	-1.84302	1.97387
139	0.558013	-1.91725	1.99361
140	0.366288	-1.97305	2.01355
141	0.168982	-2.00968	2.03369
142	-0.0319855	-2.02658	2.05402
143	-0.234643	-2.02338	2.07456
144	-0.436981	-1.99992	2.09531
145	-0.636973	-1.95622	2.11626
146	-0.832595	-1.89252	2.13742
147	-1.02185	-1.80926	2.1588
148	-1.20277	-1.70708	2.18039
149	-1.37348	-1.5868	2.20219
150	-1.53216	-1.44945	2.22421
151	-1.67711	-1.29623	2.24645
152	-1.80673	-1.12852	2.26892
153	-1.91958	-0.947851	2.29161
154	-2.01437	-0.755893	2.31452
155	-2.08996	-0.554457	2.33767
156	-2.1454	-0.345461	2.36105
157	-2.17995	-0.130921	2.38466
158	-2.19304	0.0870739	2.4085
159	-2.18433	0.306378	2.43259
160	-2.15369	0.524811	2.45691
161	-2.10121	0.740181	2.48148
162	-2.0272	0.950302	2.5063
163	-1.93217	1.15302	2.53136
164	-1.81686	1.34624	2.55667
165	-1.68224	1.52792	2.58224
166	-1.52945	1.69615	2.60806
167	-1.35983	1.84909	2.63414
168	-1.17492	1.98508	2.66048
169	-0.976415	2.10257	2.68709
170	-0.766158	2.20021	2.71396
171	-0.546137	2.27683	2.7411
172	-0.318455	2.33144	2.76851
173	-0.0853108	2.36328	2.7962
174	0.151018	2.37182	2.82416
175	0.388199	2.35671	2.8524
176	0.623871	2.31789	2.88092
177	0.85566	2.25551	2.90973
178	1.08121	2.16994	2.93883
179	1.2982	2.06182	2.96822
180	1.50439	1.932	2.9979
181	1.69759	1.78156	3.02788
182	1.87574	1.6118	3.05816
183	2.03692	1.42423	3.08874
184	2.17935	1.22054	3.11963
185	2.3014	1.0026	3.15082
186	2.40166	0.772461	3.18233
187	2.47891	0.532295	3.21416
188	2.53214	0.284404	3.2463
189	2.56058	0.0311909	3.27876
190	2.56369	-0.224867	3.31155
191	2.54121	-0.481236	3.34466
192	2.49308	-0.735357	3.37811
193	2.41955	-0.984665	3.41189
194	2.32108	-1.22662	3.44601
195	2.19842	-1.45873	3.48047
196	2.05255	-1.67857	3.51527
197	1.88469	-1.88383	3.55043
198	1.69631	-2.07229	3.58593
199	1.48908	-2.24193	3.62179
200	1.26489	-2.39083	3.65801
201	1.0258	-2.51732	3.69459
202	0.77407	-2.6199	3.73153
203	0.51208	-2.69731	3.76885
204	0.242349	-2.74852	3.80654
205	-0.0325023	-2.77275	3.8446
206	-0.309777	-2.7695	3.88305
207	-0.586728	-2.73852	3.92188
208	-0.86058	-2.67985	3.9611
209	-1.12857	-2.59379	4.00071
210	-1.38794	-2.48094	4.04072
211	-1.63604	-2.34214	4.08112
212	-1.87025	-2.17854	4.12194
213	-2.08811	-1.99151	4.16316
214	-2.28726	-1.7827	4.20479
215	-2.46553	-1.55398	4.24683
216	-2.62093	-1.30742	4.2893
217	-2.75167	-1.04533	4.3322
218	-2.8562	-0.770165	4.37552
219	-2.93322	-0.484544	4.41927
220	-2.98167	-0.191223	4.46347
221	-3.00079	0.106944	4.5081
222	-2.9901	0.407024	4.55318
223	-2.9494	0.706034	4.59871
224	-2.87879	1.00097	4.6447
225	-2.7787	1.28885	4.69115
226	-2.64981	1.56672	4.73806
227	-2.49314	1.8317	4.78544
228	-2.30997	2.08102	4.83329
229	-2.10187	2.31201	4.88163
230	-1.87067	2.5222	4.93044
231	-1.61845	2.70927	4.97975
232	-1.34752	2.87111	5.02955
233	-1.06041	3.00586	5.07984
234	-0.759821	3.1119	5.13064
235	-0.44863	3.18789	5.18195
236	-0.129842	3.23275	5.23376
237	0.193433	3.24573	5.2861
238	0.518007	3.22639	5.33896
239	0.840646	3.17459	5.39235
240	1.1581	3.09053	5.44628
241	1.46716	2.97471	5.50074
242	1.76463	2.828	5.55575
243	2.04743	2.65154	5.6113
244	2.31258	2.44679	5.66742
245	2.55726	2.21554	5.72409
246	2.77882	1.95981	5.78133
247	2.9748	1.68193	5.83915
248	3.14299	1.38445	5.89754
249	3.28143	1.07015	5.95651
250	3.38845	0.742006	6.01608
251	3.46265	0.403161	6.07624
252	3.50297	0.056896	6.137
253	3.50865	-0.293401	6.19837
254	3.47931	-0.644266	6.26035
255	3.41489	-0.992198	6.32296
256	3.31567	-1.33369	6.38619
257	3.1823	-1.66525	6.45005
258	3.01577	-1.98348	6.51455
259	2.81743	-2.28506	6.5797
260	2.58892	-2.5668	6.64549
261	2.33224	-2.8257	6.71195
262	2.04967	-3.05892	6.77907
263	1.74378	-3.26389	6.84686
264	1.41739	-3.43826	6.91533
265	1.07356	-3.58	6.98448
266	0.715563	-3.68736	7.05432
267	0.346827	-3.75892	7.12487
268	-0.0290645	-3.7936	7.19612
269	-0.408424	-3.79069	7.26808
270	-0.787494	-3.74985	7.34076
271	-1.16248	-3.6711	7.41417
272	-1.52959	-3.55485	7.48831
273	-1.88507	-3.40189	7.56319
274	-2.22526	-3.21339	7.63882
275	-2.5466	-2.99086	7.71521
276	-2.84569	-2.7362	7.79236
277	-3.11931	-2.45163	7.87029
278	-3.36447	-2.1397	7.94899
279	-3.57844	-1.80325	8.02848
280	-3.75877	-1.44541	8.10876
281	-3.90331	-1.06953	8.18985
282	-4.01026	-0.679202	8.27175
283	-4.07818	-0.278176	8.35447
284	-4.106	0.129642	8.43801
285	-4.09303	0.540242	8.52239
286	-4.03901	0.949546	8.60762
287	-3.94405	1.35345	8.69369
288	-3.80871	1.74785	8.78063
289	-3.63392	2.12872	8.86844
290	-3.42105	2.49212	8.95712
291	-3.17184	2.83422	9.04669
292	-2.88842	3.1514	9.13716
293	-2.57328	3.44025	9.22853
294	-2.22925	3.69757	9.32082
295	-1.8595	3.9205	9.41402
296	-1.46745	4.10645	9.50816
297	-1.0568	4.25319	9.60325
298	-0.631482	4.35887	9.69928
299	-0.195595	4.42202	9.79627
300	0.246608	4.44158	9.89423
301	0.690766	4.41692	9.99318
302	1.13246	4.34784	10.0931
303	1.56724	4.2346	10.194
304	1.9907	4.07787	10.296
305	2.39849	3.8788	10.3989
306	2.78637	3.63896	10.5029
307	3.15027	3.36032	10.608
308	3.4863	3.04529	10.714
309	3.79083	2.69666	10.8212
310	4.06049	2.31758	10.9294
311	4.29225	1.91153	11.0387
312	4.4834	1.4823	11.1491
313	4.63163	1.03396	11.2606
314	4.73503	0.570801	11.3732
315	4.79211	0.097298	11.4869
316	4.80184	-0.381913	11.6018
317	4.76365	-0.862097	11.7178
318	4.67744	-1.33846	11.835
319	4.54359	-1.80621	11.9533
320	4.36297	-2.26057	12.0728
321	4.13692	-2.69686	12.1936
322	3.86723	-3.11055	12.3155
323	3.55617	-3.49728	12.4387
324	3.20645	-3.85289	12.5631
325	2.82116	-4.17354	12.6887
326	2.4038	-4.45566	12.8156
327	1.95824	-4.69604	12.9437
328	1.48863	-4.89186	13.0732
329	0.999448	-5.04072	13.2039
330	0.495376	-5.14067	13.3359
331	-0.0186906	-5.19021	13.4693
332	-0.537711	-5.18834	13.604
333	-1.05654	-5.13457	13.74
334	-1.57	-5.02891	13.8774
335	-2.07289	-4.87191	14.0162
336	-2.56008	-4.66462	14.1564
337	-3.02655	-4.40861	14.2979
338	-3.46741	-4.10596	14.4409
339	-3.878	-3.75922	14.5853
340	-4.25392	-3.37142	14.7312
341	-4.59107	-2.94603	14.8785
342	-4.88567	-2.48692	15.0273
343	-5.13436	-1.99835	15.1775
344	-5.3342	-1.48492	15.3293
345	-5.48269	-0.951496	15.4826
346	-5.57784	-0.403227	15.6374
347	-5.61816	0.154556	15.7938
348	-5.6027	0.716372	15.9517
349	-5.53107	1.27664	16.1113
350	-5.4034	1.82975	16.2724
351	-5.22043	2.37009	16.4351
352	-4.98342	2.89213	16.5994
353	-4.69421	3.39047	16.7654
354	-4.35516	3.85989	16.9331
355	-3.96917	4.29541	17.1024
356	-3.53963	4.69233	17.2734
357	-3.07039	5.04629	17.4462
358	-2.56577	5.35333	17.6206
359	-2.03043	5.60991	17.7969
360	-1.46944	5.81295	17.9748
361	-0.888147	5.95989	18.1546
362	-0.292158	6.04871	18.3361
363	0.312713	6.07792	18.5195
364	0.920506	6.04665	18.7047
365	1.52517	5.9546	18.8917
366	2.12063	5.80209	19.0806
367	2.70084	5.59002	19.2714
368	3.25984	5.31994	19.4642
369	3.79184	4.99395	19.6588
370	4.29123	4.61477	19.8554
371	4.75271	4.18565	20.0539
372	5.17127	3.71038	20.2545
373	5.54231	3.19325	20.457
374	5.86164	2.63902	20.6616
375	6.12554	2.05285	20.8682
376	6.33082	1.4403	21.0769
377	6.47485	0.807219	21.2877
378	6.55557	0.159733	21.5005
379	6.57155	-0.495824	21.7155
380	6.52197	-1.15298	21.9327
381	6.40667	-1.80518	22.152
382	6.22615	-2.44584	22.3735
383	5.98157	-3.06846	22.5973
384	5.67472	-3.66661	22.8233
385	5.30806	-4.23409	23.0515
386	4.88465	-4.76489	23.282
387	4.40816	-5.25336	23.5148
388	3.88283	-5.69417	23.75
389	3.31341	-6.08246	23.9875
390	2.70516	-6.4138	24.2273
391	2.06378	-6.68431	24.4696
392	1.39535	-6.89069	24.7143
393	0.706283	-7.03023	24.9615
394	0.00325992	-7.10085	25.2111
395	-0.706825	-7.10118	25.4632
396	-1.41694	-7.0305	25.7178
397	-2.11999	-6.8888	25.975
398	-2.80887	-6.6768	26.2347
399	-3.47655	-6.39592	26.4971
400	-4.11615	-6.04826	26.7621
401	-4.72097	-5.63665	27.0297
402	-5.28464	-5.16455	27.3
403	-5.80109	-4.63609	27.573
404	-6.2647	-4.05598	27.8487
405	-6.6703	-3.42951	28.1272
406	-7.01325	-2.76248	28.4085
407	-7.2895	-2.06115	28.6925
408	-7.49561	-1.3322	28.9795
409	-7.62883	-0.582641	29.2693
410	-7.6871	0.180242	29.562
411	-7.66907	0.948951	29.8576
412	-7.57418	1.71586	30.1562
413	-7.40259	2.47328	30.4577
414	-7.15526	3.21354	30.7623
415	-6.83391	3.92906	31.0699
416	-6.441	4.61245	31.3806
417	-5.97976	5.25655	31.6944
418	-5.4541	5.85453	32.0114
419	-4.86865	6.39994	32.3315
420	-4.22866	6.8868	32.6548
421	-3.53998	7.30967	32.9813
422	-2.80901	7.66367	33.3112
423	-2.04264	7.94457	33.6443
424	-1.24819	8.14883	33.9807
425	-0.433302	8.27365	34.3205
426	0.394063	8.31698	34.6637
427	1.22576	8.27757	35.0104
428	2.05352	8.155	35.3605
429	2.86902	7.94965	35.7141
430	3.66398	7.66274	36.0712
431	4.43026	7.29635	36.4319
432	5.15989	6.85332	36.7962
433	5.84522	6.33733	37.1642
434	6.47896	5.75281	37.5358
435	7.05424	5.10491	37.9112
436	7.56473	4.39949	38.2903
437	8.00468	3.64302	38.6732
438	8.36898	2.84255	39.06
439	8.65323	2.00565	39.4506
440	8.8538	1.14033	39.8451
441	8.96783	0.254947	40.2435
442	8.99333	-0.641836	40.6459
443	8.92914	-1.54117	41.0524
444	8.77503	-2.43408	41.4629
445	8.53162	-3.31159	41.8776
446	8.20046	-4.16475	42.2963
447	7.78398	-4.98479	42.7193
448	7.28551	-5.76319	43.1465
449	6.70919	-6.49174	43.578
450	6.06001	-7.16266	44.0137
451	5.34375	-7.76866	44.4539
452	4.56688	-8.30304	44.8984
453	3.73658	-8.75973	45.3474
454	2.8606	-9.13338	45.8009
455	1.94727	-9.41944	46.2589
456	1.00532	-9.61417	46.7215
457	0.0439038	-9.7147	47.1887
458	-0.927566	-9.71909	47.6606
459	-1.89948	-9.62634	48.1372
460	-2.86211	-9.43639	48.6185
461	-3.80575	-9.15018	49.1047
462	-4.72077	-8.7696	49.5958
463	-5.59773	-8.29753	50.0917
464	-6.42748	-7.73775	50.5927
465	-7.20125	-7.09501	51.0986
466	-7.91075	-6.37488	51.6096
467	-8.54824	-5.5838	52.1257
468	-9.10662	-4.72898	52.6469
469	-9.57952	-3.81832	53.1734
470	-9.96135	-2.86037	53.7051
471	-10.2474	-1.86423	54.2422
472	-10.4338	-0.839492	54.7846
473	-10.5178	0.203889	55.3324
474	-10.4974	1.25567	55.8858
475	-10.3718	2.3054	56.4446
476	-10.1413	3.34258	57.0091
477	-9.80701	4.35671	57.5792
478	-9.37134	5.33741	58.1549
479	-8.8376	6.27454	58.7365
480	-8.21014	7.1583	59.3239
481	-7.49431	7.97932	59.9171
482	-6.69638	8.72875	60.5163
483	-5.8235	9.39839	61.1214
484	-4.88366	9.98074	61.7326
485	-3.88559	10.4691	62.35
486	-2.83868	10.8577	62.9735
487	-1.75291	11.1415	63.6032
488	-0.638762	11.3168	64.2392
489	0.492921	11.3807	64.8816
490	1.63099	11.3314	65.5305
491	2.76413	11.1683	66.1858
492	3.88096	10.8919	66.8476
493	4.97015	10.5038	67.5161
494	6.02053	10.0068	68.1913
495	7.02121	9.40473	68.8732
496	7.96168	8.70261	69.5619
497	8.83194	7.90644	70.2575
498	9.62259	7.02325	70.9601
499	10.3249	6.06099	71.6697
500	10.931	5.0285	72.3864
501	11.4339	3.9354	73.1103
