4.16324    11.9832
11.5544    9.75293
5.70094    5.02962
2.28551    10.4432
7.83003    11.4189
12.2223    5.28448
2.84886    8.58783
13.1231    1.31552
5.89703    9.22173
7.86841    7.99834
11.1356    12.0309
13.7124    11.1729
2.68968    6.31693
9.54452    12.3374
5.91152    7.21867
12.4759    11.1697
0.699345    11.2492
8.39959    8.91564
1.79092    12.7546
3.64202    9.6301
10.818    6.27678
1.88632    2.16041
2.12656    9.4832
2.32412    12.114
11.7578    6.72071
13.3775    12.4347
12.9185    3.91877
9.91502    5.59302
1.61523    11.667
9.90351    6.86773
9.71913    2.70971
7.4849    12.5948
11.9901    1.97009
6.75445    10.8513
6.82599    8.23236
5.93706    6.31099
11.1249    7.90267
12.23    8.31192
13.5644    6.54857
1.51699    1.01552
2.82762    12.9567
5.1531    10.4134
8.75075    4.92929
0.957575    13.9441
3.13933    4.35482
2.90259    1.63979
7.32815    5.59005
10.56    12.8587
6.6202    0.748524
2.26304    13.8584
4.97286    2.37749
3.00515    0.690013
1.17423    5.71954
0.586869    12.9937
6.80271    1.72947
0.308357    7.67761
1.29913    7.9891
10.1546    8.49102
