0    0.0175    0
1    0.0525    0
2    0.0875    0
3    0.1225    0
4    0.1575    0
5    0.1925    0
6    0.2275    0
7    0.2625    0
8    0.2975    0
9    0.3325    0
10    0.3675    0.00054285
11    0.4025    0
12    0.4375    0.000690153
13    0.4725    6.84675e-005
14    0.5075    0.000159364
15    0.5425    0.00016896
16    0.5775    0.000364123
17    0.6125    0.000827479
18    0.6475    0.000424684
19    0.6825    0.000560907
20    0.7175    0.000811591
21    0.7525    0.00206358
22    0.7875    0.010051
23    0.8225    0.109934
24    0.8575    0.419556
25    0.8925    0.878586
26    0.9275    1.26715
27    0.9625    1.59649
28    0.9975    1.77352
29    1.0325    1.84751
30    1.0675    1.82997
31    1.1025    1.79417
32    1.1375    1.71565
33    1.1725    1.66412
34    1.2075    1.57682
35    1.2425    1.54998
36    1.2775    1.48572
37    1.3125    1.43691
38    1.3475    1.39499
39    1.3825    1.35882
40    1.4175    1.33279
41    1.4525    1.30756
42    1.4875    1.26294
43    1.5225    1.26135
44    1.5575    1.22548
45    1.5925    1.22123
46    1.6275    1.19391
47    1.6625    1.21117
48    1.6975    1.20596
49    1.7325    1.18725
50    1.7675    1.19517
51    1.8025    1.19511
52    1.8375    1.20555
53    1.8725    1.21593
54    1.9075    1.22883
55    1.9425    1.24998
56    1.9775    1.25559
57    2.0125    1.26423
58    2.0475    1.28271
59    2.0825    1.28155
60    2.1175    1.2884
61    2.1525    1.28134
62    2.1875    1.26636
63    2.2225    1.25565
64    2.2575    1.26333
65    2.2925    1.2424
66    2.3275    1.24082
67    2.3625    1.2318
68    2.3975    1.2508
69    2.4325    1.24087
70    2.4675    1.24199
71    2.5025    1.22918
72    2.5375    1.22035
73    2.5725    1.23007
74    2.6075    1.21538
75    2.6425    1.22945
76    2.6775    1.21783
77    2.7125    1.21812
78    2.7475    1.2094
79    2.7825    1.20391
80    2.8175    1.21156
81    2.8525    1.21428
82    2.8875    1.21126
83    2.9225    1.20991
84    2.9575    1.21285
85    2.9925    1.21411
86    3.0275    1.20881
87    3.0625    1.19529
88    3.0975    1.20614
89    3.1325    1.20786
90    3.1675    1.19567
91    3.2025    1.20113
92    3.2375    1.19548
93    3.2725    1.19931
94    3.3075    1.19803
95    3.3425    1.19076
96    3.3775    1.19673
97    3.4125    1.19208
98    3.4475    1.18673
99    3.4825    1.17517
100    3.5175    1.18135
101    3.5525    1.17918
102    3.5875    1.18109
103    3.6225    1.19777
104    3.6575    1.18127
105    3.6925    1.17496
106    3.7275    1.1757
107    3.7625    1.16838
108    3.7975    1.16275
109    3.8325    1.1632
110    3.8675    1.15857
111    3.9025    1.15409
112    3.9375    1.15847
113    3.9725    1.15704
114    4.0075    1.15352
115    4.0425    1.15659
116    4.0775    1.14841
117    4.1125    1.14596
118    4.1475    1.1514
119    4.1825    1.15097
120    4.2175    1.14162
121    4.2525    1.14737
122    4.2875    1.14611
123    4.3225    1.15429
124    4.3575    1.14703
125    4.3925    1.14896
126    4.4275    1.149
127    4.4625    1.14827
128    4.4975    1.14193
129    4.5325    1.13939
130    4.5675    1.13713
131    4.6025    1.14915
132    4.6375    1.14065
133    4.6725    1.13253
134    4.7075    1.12969
135    4.7425    1.13435
136    4.7775    1.13956
137    4.8125    1.12747
138    4.8475    1.1347
139    4.8825    1.14237
140    4.9175    1.13858
141    4.9525    1.13025
142    4.9875    1.13335
143    5.0225    1.13108
144    5.0575    1.13469
145    5.0925    1.12969
146    5.1275    1.12952
147    5.1625    1.13212
148    5.1975    1.12763
149    5.2325    1.11919
150    5.2675    1.12198
151    5.3025    1.1221
152    5.3375    1.12837
153    5.3725    1.13159
154    5.4075    1.12834
155    5.4425    1.12431
156    5.4775    1.12766
157    5.5125    1.13105
158    5.5475    1.13136
159    5.5825    1.12978
160    5.6175    1.13211
161    5.6525    1.12495
162    5.6875    1.13194
163    5.7225    1.12292
164    5.7575    1.12824
165    5.7925    1.14031
166    5.8275    1.1348
167    5.8625    1.12804
168    5.8975    1.13391
169    5.9325    1.13192
170    5.9675    1.13847
171    6.0025    1.13481
172    6.0375    1.13217
173    6.0725    1.12626
174    6.1075    1.13328
175    6.1425    1.12832
176    6.1775    1.1181
177    6.2125    1.12149
178    6.2475    1.11718
179    6.2825    1.11947
180    6.3175    1.11357
181    6.3525    1.11378
182    6.3875    1.10475
183    6.4225    1.10937
184    6.4575    1.11501
185    6.4925    1.11075
186    6.5275    1.11526
187    6.5625    1.1163
188    6.5975    1.11816
189    6.6325    1.12495
190    6.6675    1.13699
191    6.7025    1.12853
192    6.7375    1.13978
193    6.7725    1.14056
194    6.8075    1.13572
195    6.8425    1.14069
196    6.8775    1.13494
197    6.9125    1.13646
198    6.9475    1.14654
199    6.9825    1.14531
