0.0175176    7.89019
8.19013    6.71822
11.5198    10.4525
9.94702    7.18949
1.27964    5.10233
13.8394    6.23969
0.12476    5.29032
8.4247    8.50032
6.31104    4.92972
10.9665    11.2365
12.2636    10.1735
7.55095    1.99274
12.0714    2.93442
13.9551    13.9957
3.72698    4.16193
5.26212    1.29673
0.123051    12.8631
8.23072    9.67656
6.78915    2.87503
6.41145    13.2882
8.38667    5.39329
8.01367    5.05875
5.95215    11.2403
10.5217    4.83786
6.88656    0.889554
2.06494    13.2942
9.70049    4.24268
13.5326    9.56462
11.5035    8.14869
11.4407    6.65371
10.2482    5.67827
9.55138    10.5819
1.72228    5.14933
7.2382    9.28178
13.2907    12.8994
6.60414    5.24973
6.38539    3.80645
10.3486    7.94189
11.7522    5.56719
0.384533    13.9248
7.43858    2.71694
9.20658    2.76992
1.53899    10.4038
4.00513    4.7084
11.6847    9.91198
3.53813    2.02264
11.2873    11.9368
7.74493    0.19953
10.5311    9.60607
6.11408    2.82717
6.11365    3.25401
8.80154    2.24268
9.74065    12.9472
2.4969    13.9325
1.36509    8.7524
13.0412    0.67806
3.18223    10.7669
8.79299    8.45802
