 # ID	X	Y
           1  0.58333333333333337       0.58333333333333337     
           2  0.58333333333333337        1.7500000000000000     
           3  0.58333333333333337        2.9166666666666670     
           4  0.58333333333333337        4.0833333333333330     
           5  0.58333333333333337        5.2500000000000000     
           6  0.58333333333333337        6.4166666666666670     
           7  0.58333333333333337        7.5833333333333330     
           8  0.58333333333333337        8.7500000000000018     
           9  0.58333333333333337        9.9166666666666679     
          10  0.58333333333333337        11.083333333333334     
          11  0.58333333333333337        12.250000000000002     
          12  0.58333333333333337        13.416666666666668     
          13   1.7500000000000000       0.58333333333333337     
          14   1.7500000000000000        1.7500000000000000     
          15   1.7500000000000000        2.9166666666666670     
          16   1.7500000000000000        4.0833333333333330     
          17   1.7500000000000000        5.2500000000000000     
          18   1.7500000000000000        6.4166666666666670     
          19   1.7500000000000000        7.5833333333333330     
          20   1.7500000000000000        8.7500000000000018     
          21   1.7500000000000000        9.9166666666666679     
          22   1.7500000000000000        11.083333333333334     
          23   1.7500000000000000        12.250000000000002     
          24   1.7500000000000000        13.416666666666668     
          25   2.9166666666666670       0.58333333333333337     
          26   2.9166666666666670        1.7500000000000000     
          27   2.9166666666666670        2.9166666666666670     
          28   2.9166666666666670        4.0833333333333330     
          29   2.9166666666666670        5.2500000000000000     
          30   2.9166666666666670        6.4166666666666670     
          31   2.9166666666666670        7.5833333333333330     
          32   2.9166666666666670        8.7500000000000018     
          33   2.9166666666666670        9.9166666666666679     
          34   2.9166666666666670        11.083333333333334     
          35   2.9166666666666670        12.250000000000002     
          36   2.9166666666666670        13.416666666666668     
          37   4.0833333333333330       0.58333333333333337     
          38   4.0833333333333330        1.7500000000000000     
          39   4.0833333333333330        2.9166666666666670     
          40   4.0833333333333330        4.0833333333333330     
          41   4.0833333333333330        5.2500000000000000     
          42   4.0833333333333330        6.4166666666666670     
          43   4.0833333333333330        7.5833333333333330     
          44   4.0833333333333330        8.7500000000000018     
          45   4.0833333333333330        9.9166666666666679     
          46   4.0833333333333330        11.083333333333334     
          47   4.0833333333333330        12.250000000000002     
          48   4.0833333333333330        13.416666666666668     
          49   5.2500000000000000       0.58333333333333337     
          50   5.2500000000000000        1.7500000000000000     
          51   5.2500000000000000        2.9166666666666670     
          52   5.2500000000000000        4.0833333333333330     
          53   5.2500000000000000        5.2500000000000000     
          54   5.2500000000000000        6.4166666666666670     
          55   5.2500000000000000        7.5833333333333330     
          56   5.2500000000000000        8.7500000000000018     
          57   5.2500000000000000        9.9166666666666679     
          58   5.2500000000000000        11.083333333333334     
          59   5.2500000000000000        12.250000000000002     
          60   5.2500000000000000        13.416666666666668     
          61   6.4166666666666670       0.58333333333333337     
          62   6.4166666666666670        1.7500000000000000     
          63   6.4166666666666670        2.9166666666666670     
          64   6.4166666666666670        4.0833333333333330     
          65   6.4166666666666670        5.2500000000000000     
          66   6.4166666666666670        6.4166666666666670     
          67   6.4166666666666670        7.5833333333333330     
          68   6.4166666666666670        8.7500000000000018     
          69   6.4166666666666670        9.9166666666666679     
          70   6.4166666666666670        11.083333333333334     
          71   6.4166666666666670        12.250000000000002     
          72   6.4166666666666670        13.416666666666668     
          73   7.5833333333333330       0.58333333333333337     
          74   7.5833333333333330        1.7500000000000000     
          75   7.5833333333333330        2.9166666666666670     
          76   7.5833333333333330        4.0833333333333330     
          77   7.5833333333333330        5.2500000000000000     
          78   7.5833333333333330        6.4166666666666670     
          79   7.5833333333333330        7.5833333333333330     
          80   7.5833333333333330        8.7500000000000018     
          81   7.5833333333333330        9.9166666666666679     
          82   7.5833333333333330        11.083333333333334     
          83   7.5833333333333330        12.250000000000002     
          84   7.5833333333333330        13.416666666666668     
          85   8.7500000000000018       0.58333333333333337     
          86   8.7500000000000018        1.7500000000000000     
          87   8.7500000000000018        2.9166666666666670     
          88   8.7500000000000018        4.0833333333333330     
          89   8.7500000000000018        5.2500000000000000     
          90   8.7500000000000018        6.4166666666666670     
          91   8.7500000000000018        7.5833333333333330     
          92   8.7500000000000018        8.7500000000000018     
          93   8.7500000000000018        9.9166666666666679     
          94   8.7500000000000018        11.083333333333334     
          95   8.7500000000000018        12.250000000000002     
          96   8.7500000000000018        13.416666666666668     
          97   9.9166666666666679       0.58333333333333337     
          98   9.9166666666666679        1.7500000000000000     
          99   9.9166666666666679        2.9166666666666670     
         100   9.9166666666666679        4.0833333333333330     
         101   9.9166666666666679        5.2500000000000000     
         102   9.9166666666666679        6.4166666666666670     
         103   9.9166666666666679        7.5833333333333330     
         104   9.9166666666666679        8.7500000000000018     
         105   9.9166666666666679        9.9166666666666679     
         106   9.9166666666666679        11.083333333333334     
         107   9.9166666666666679        12.250000000000002     
         108   9.9166666666666679        13.416666666666668     
         109   11.083333333333334       0.58333333333333337     
         110   11.083333333333334        1.7500000000000000     
         111   11.083333333333334        2.9166666666666670     
         112   11.083333333333334        4.0833333333333330     
         113   11.083333333333334        5.2500000000000000     
         114   11.083333333333334        6.4166666666666670     
         115   11.083333333333334        7.5833333333333330     
         116   11.083333333333334        8.7500000000000018     
         117   11.083333333333334        9.9166666666666679     
         118   11.083333333333334        11.083333333333334     
         119   11.083333333333334        12.250000000000002     
         120   11.083333333333334        13.416666666666668     
         121   12.250000000000002       0.58333333333333337     
         122   12.250000000000002        1.7500000000000000     
         123   12.250000000000002        2.9166666666666670     
         124   12.250000000000002        4.0833333333333330     
         125   12.250000000000002        5.2500000000000000     
         126   12.250000000000002        6.4166666666666670     
         127   12.250000000000002        7.5833333333333330     
         128   12.250000000000002        8.7500000000000018     
         129   12.250000000000002        9.9166666666666679     
         130   12.250000000000002        11.083333333333334     
         131   12.250000000000002        12.250000000000002     
         132   12.250000000000002        13.416666666666668     
         133   13.416666666666668       0.58333333333333337     
         134   13.416666666666668        1.7500000000000000     
         135   13.416666666666668        2.9166666666666670     
         136   13.416666666666668        4.0833333333333330     
         137   13.416666666666668        5.2500000000000000     
         138   13.416666666666668        6.4166666666666670     
         139   13.416666666666668        7.5833333333333330     
         140   13.416666666666668        8.7500000000000018     
         141   13.416666666666668        9.9166666666666679     
         142   13.416666666666668        11.083333333333334     
         143   13.416666666666668        12.250000000000002     
         144   13.416666666666668        13.416666666666668     
