0  -67.4107  132.219  64.8085
0.05  -51.3077  89.3348  38.0271
0.1  -81.0091  93.5437  12.5346
0.15  -73.4531  91.5253  18.0722
0.2  -90.2208  106.67  16.4489
0.25  -95.337  109.659  14.3221
0.3  -67.315  96.1254  28.8103
0.35  -77.2493  101.596  24.3464
0.4  -85.8056  101.545  15.7399
0.45  -81.086  97.4467  16.3608
0.5  -98.0669  102.843  4.77635
0.55  -85.6875  98.3425  12.655
0.6  -88.2448  96.164  7.91921
0.65  -98.7886  110.272  11.4833
0.7  -87.3319  105.821  18.4887
0.75  -79.2268  98.7792  19.5524
0.8  -81.474  95.9601  14.4861
0.85  -77.5088  93.8159  16.3071
0.9  -85.8112  103.966  18.1549
0.95  -73.9737  107.626  33.652
1  -77.9101  101.461  23.5506
1.05  -82.1694  103.504  21.3341
1.1  -68.6952  99.3115  30.6164
1.15  -82.1503  109.73  27.5799
1.2  -95.8333  108.23  12.3972
1.25  -76.9439  102.762  25.8184
1.3  -73.5643  104.547  30.9825
1.35  -67.1227  100.781  33.6588
1.4  -79.9509  107.86  27.9088
1.45  -85.994  109.825  23.8315
1.5  -84.3185  117.226  32.9071
1.55  -69.8013  119.722  49.9206
1.6  -51.8613  2.2379e+012  2.2379e+012
1.65  3.96414e+007  1.04092e+015  1.04092e+015
1.7  19532.1  2.07744e+015  2.07744e+015
1.75  4.08677e+009  2.38543e+019  2.38543e+019
1.8  125046  4.77066e+019  4.77066e+019
1.85  72258.5  4.77066e+019  4.77066e+019
1.9  5.08578e+016  5.54115e+034  5.54115e+034
1.95  13611.5  1.10823e+035  1.10823e+035
2  88323.6  1.10823e+035  1.10823e+035
2.05  5.13476e+009  1.10823e+035  1.10823e+035
2.1  5.2556e+006  1.10823e+035  1.10823e+035
2.15  718855  1.10823e+035  1.10823e+035
2.2  21293.8  1.10823e+035  1.10823e+035
2.25  64.8251  1.10823e+035  1.10823e+035
2.3  156317  1.10823e+035  1.10823e+035
2.35  2.03065e+008  1.10823e+035  1.10823e+035
2.4  8.20416e+006  1.10823e+035  1.10823e+035
2.45  985.479  1.10823e+035  1.10823e+035
2.5  14.2916  1.10823e+035  1.10823e+035
2.55  0.121812  1.10823e+035  1.10823e+035
2.6  37.6596  1.10823e+035  1.10823e+035
2.65  8.74538  1.10823e+035  1.10823e+035
2.7  1.05704  1.10823e+035  1.10823e+035
2.75  0  1.10823e+035  1.10823e+035
2.8  811.112  1.10823e+035  1.10823e+035
2.85  -0.0780532  1.10823e+035  1.10823e+035
2.9  9.34728  1.10823e+035  1.10823e+035
2.95  0  1.10823e+035  1.10823e+035
3  0.961083  1.10823e+035  1.10823e+035
3.05  5211.27  1.10823e+035  1.10823e+035
3.1  0  1.10823e+035  1.10823e+035
3.15  0  1.10823e+035  1.10823e+035
3.2  107.465  1.10823e+035  1.10823e+035
3.25  15.9255  1.10823e+035  1.10823e+035
3.3  497.885  1.10823e+035  1.10823e+035
3.35  2.6173  1.10823e+035  1.10823e+035
3.4  2569.4  1.10823e+035  1.10823e+035
3.45  66.8224  1.10823e+035  1.10823e+035
3.5  0  4.86476e+041  4.86476e+041
3.55  6.15316  4.86476e+041  4.86476e+041
3.6  0  4.86476e+041  4.86476e+041
3.65  0  4.86476e+041  4.86476e+041
3.7  0  4.86476e+041  4.86476e+041
3.75  0  4.86476e+041  4.86476e+041
3.8  0  4.86476e+041  4.86476e+041
3.85  0  4.86476e+041  4.86476e+041
3.9  0  4.86476e+041  4.86476e+041
3.95  0  4.86476e+041  4.86476e+041
4  0  4.86476e+041  4.86476e+041
4.05  -0.972313  4.86476e+041  4.86476e+041
4.1  0  4.86476e+041  4.86476e+041
4.15  0  4.86476e+041  4.86476e+041
4.2  0  4.86476e+041  4.86476e+041
4.25  0  4.86476e+041  4.86476e+041
4.3  0  4.86476e+041  4.86476e+041
4.35  0  4.86476e+041  4.86476e+041
4.4  0  4.86476e+041  4.86476e+041
4.45  598384  4.86476e+041  4.86476e+041
4.5  0  4.86476e+041  4.86476e+041
4.55  0  4.86476e+041  4.86476e+041
4.6  0  4.86476e+041  4.86476e+041
4.65  0  4.86476e+041  4.86476e+041
4.7  0  4.86476e+041  4.86476e+041
4.75  0  4.86476e+041  4.86476e+041
4.8  0  4.86476e+041  4.86476e+041
4.85  0  4.86476e+041  4.86476e+041
4.9  0  4.86476e+041  4.86476e+041
4.95  0  4.86476e+041  4.86476e+041
5  0  4.86476e+041  4.86476e+041
5.05  0  4.86476e+041  4.86476e+041
5.1  0  4.86476e+041  4.86476e+041
5.15  0  4.86476e+041  4.86476e+041
5.2  0  4.86476e+041  4.86476e+041
5.25  0  4.86476e+041  4.86476e+041
5.3  0  4.86476e+041  4.86476e+041
5.35  0  4.86476e+041  4.86476e+041
5.4  0  4.86476e+041  4.86476e+041
5.45  0  4.86476e+041  4.86476e+041
5.5  0  4.86476e+041  4.86476e+041
5.55  0  4.86476e+041  4.86476e+041
5.6  0  4.86476e+041  4.86476e+041
5.65  0  4.86476e+041  4.86476e+041
5.7  0  4.86476e+041  4.86476e+041
5.75  0  4.86476e+041  4.86476e+041
5.8  0  4.86476e+041  4.86476e+041
5.85  0  4.86476e+041  4.86476e+041
5.9  0  4.86476e+041  4.86476e+041
5.95  0  4.86476e+041  4.86476e+041
6  0  4.86476e+041  4.86476e+041
6.05  0  4.86476e+041  4.86476e+041
6.1  0  4.86476e+041  4.86476e+041
6.15  0  4.86476e+041  4.86476e+041
6.2  0  4.86476e+041  4.86476e+041
6.25  0  4.86476e+041  4.86476e+041
6.3  0  4.86476e+041  4.86476e+041
6.35  0  4.86476e+041  4.86476e+041
6.4  0  4.86476e+041  4.86476e+041
6.45  0  4.86476e+041  4.86476e+041
6.5  0  4.86476e+041  4.86476e+041
6.55  0  4.86476e+041  4.86476e+041
6.6  0  4.86476e+041  4.86476e+041
6.65  0  4.86476e+041  4.86476e+041
6.7  0  4.86476e+041  4.86476e+041
6.75  0  4.86476e+041  4.86476e+041
6.8  0  4.86476e+041  4.86476e+041
6.85  0  4.86476e+041  4.86476e+041
6.9  0  4.86476e+041  4.86476e+041
6.95  0  4.86476e+041  4.86476e+041
7  0  4.86476e+041  4.86476e+041
7.05  0  4.86476e+041  4.86476e+041
7.1  0  4.86476e+041  4.86476e+041
7.15  0  4.86476e+041  4.86476e+041
7.2  0  4.86476e+041  4.86476e+041
7.25  0  4.86476e+041  4.86476e+041
7.3  0  4.86476e+041  4.86476e+041
7.35  0  4.86476e+041  4.86476e+041
7.4  0  4.86476e+041  4.86476e+041
7.45  0  4.86476e+041  4.86476e+041
7.5  0  4.86476e+041  4.86476e+041
7.55  0  4.86476e+041  4.86476e+041
7.6  0  4.86476e+041  4.86476e+041
7.65  0  4.86476e+041  4.86476e+041
7.7  0  4.86476e+041  4.86476e+041
7.75  0  4.86476e+041  4.86476e+041
7.8  0  4.86476e+041  4.86476e+041
7.85  0  4.86476e+041  4.86476e+041
7.9  0  4.86476e+041  4.86476e+041
7.95  0  4.86476e+041  4.86476e+041
8  0  4.86476e+041  4.86476e+041
8.05  0  4.86476e+041  4.86476e+041
8.1  0  4.86476e+041  4.86476e+041
8.15  0  4.86476e+041  4.86476e+041
8.2  0  4.86476e+041  4.86476e+041
8.25  0  4.86476e+041  4.86476e+041
8.3  0  4.86476e+041  4.86476e+041
8.35  0  4.86476e+041  4.86476e+041
8.4  0  4.86476e+041  4.86476e+041
8.45  0  4.86476e+041  4.86476e+041
8.5  0  4.86476e+041  4.86476e+041
8.55  0  4.86476e+041  4.86476e+041
8.6  0  4.86476e+041  4.86476e+041
8.65  0  4.86476e+041  4.86476e+041
8.7  0  4.86476e+041  4.86476e+041
8.75  0  4.86476e+041  4.86476e+041
8.8  0  4.86476e+041  4.86476e+041
8.85  0  4.86476e+041  4.86476e+041
8.9  0  4.86476e+041  4.86476e+041
8.95  0  4.86476e+041  4.86476e+041
9  0  4.86476e+041  4.86476e+041
9.05  0  4.86476e+041  4.86476e+041
9.1  0  4.86476e+041  4.86476e+041
9.15  0  4.86476e+041  4.86476e+041
9.2  0  4.86476e+041  4.86476e+041
9.25  0  4.86476e+041  4.86476e+041
9.3  0  4.86476e+041  4.86476e+041
9.35  0  4.86476e+041  4.86476e+041
9.4  0  4.86476e+041  4.86476e+041
9.45  0  4.86476e+041  4.86476e+041
9.5  0  4.86476e+041  4.86476e+041
9.55  0  4.86476e+041  4.86476e+041
9.6  0  4.86476e+041  4.86476e+041
9.65  0  4.86476e+041  4.86476e+041
9.7  0  4.86476e+041  4.86476e+041
9.75  0  4.86476e+041  4.86476e+041
9.8  0  4.86476e+041  4.86476e+041
9.85  0  4.86476e+041  4.86476e+041
9.9  0  4.86476e+041  4.86476e+041
9.95  0  4.86476e+041  4.86476e+041
