0  0  144  144
0.01  -15.9556  143.937  127.982
0.02  -49.1921  143.135  93.9425
0.03  -61.6992  140.615  78.9161
0.04  -66.7563  135.652  68.8958
0.05  -69.0331  127.932  58.8991
0.06  -66.9506  117.886  50.9359
0.07  -63.0314  107.025  43.9935
0.08  -56.597  97.6392  41.0422
0.09  -54.6285  91.6733  37.0448
0.1  -55.6301  89.6329  34.0028
0.11  -63.5969  90.5418  26.9449
0.12  -69.8464  92.7454  22.8991
0.13  -73.8759  94.7493  20.8734
0.14  -78.775  95.6417  16.8667
0.15  -80.3194  95.2031  14.8837
0.16  -80.0414  93.9579  13.9165
0.17  -77.0323  92.9786  15.9463
0.18  -78.3495  93.2951  14.9457
0.19  -83.3155  95.2372  11.9217
0.2  -84.4381  98.3279  13.8898
0.21  -88.8896  101.752  12.8628
0.22  -93.9995  104.846  10.8468
0.23  -99.4266  107.272  7.84544
0.24  -106.219  109.071  2.85229
0.25  -101.592  110.452  8.8599
0.26  -100.713  111.57  10.8575
0.27  -98.4195  112.265  13.8455
0.28  -96.3761  112.205  15.829
0.29  -96.3941  111.224  14.8296
0.3  -92.8168  109.663  16.8461
0.31  -90.3578  108.206  17.8485
0.32  -86.3795  107.219  20.8396
0.33  -83.7615  106.599  22.8371
0.34  -86.239  106.076  19.8373
0.35  -84.6593  105.508  20.8487
0.36  -85.1054  104.962  19.8569
0.37  -83.6568  104.514  20.8568
0.38  -83.2493  104.102  20.8528
0.39  -86.7568  103.607  16.8498
0.4  -84.2762  103.136  18.8599
0.41  -84.2308  103.093  18.8622
0.42  -86.9665  103.82  16.8532
0.43  -91.3064  105.128  13.8215
0.44  -93.5966  106.393  12.7966
0.45  -97.2882  107.078  9.78946
0.46  -100.317  107.111  6.79402
0.47  -97.9051  106.711  8.80583
0.48  -98.267  106.077  7.81
0.49  -95.4562  105.277  9.82084
0.5  -92.6187  104.456  11.8372
0.51  -93.0166  103.863  10.8469
0.52  -92.7315  103.572  10.8408
0.53  -95.6979  103.533  7.83548
0.54  -92.8149  103.646  10.8308
0.55  -94.98  103.801  8.82061
0.56  -95.9902  103.795  7.8053
0.57  -95.6233  103.418  7.79486
0.58  -96.9952  102.791  5.79535
0.59  -95.6346  102.435  6.8004
0.6  -93.1104  102.9  9.78992
0.61  -94.4919  104.256  9.76413
0.62  -99.2955  106.035  6.73903
0.63  -100.808  107.534  6.72604
0.64  -99.5256  108.254  8.72873
0.65  -95.2841  108.032  12.7478
0.66  -90.1563  106.931  16.7751
0.67  -86.4808  105.285  18.8047
0.68  -78.71  103.54  24.8296
0.69  -85.3283  102.176  16.8472
0.7  -83.763  101.627  17.8638
0.71  -85.4332  102.296  16.8625
0.72  -85.2348  104.067  18.8318
0.73  -84.2517  106.039  21.7873
0.74  -90.313  107.079  16.7657
0.75  -89.8446  106.617  16.7722
0.76  -84.115  104.921  20.8056
0.77  -79.9825  102.823  22.8409
0.78  -76.4015  101.271  24.8693
0.79  -77.0089  100.88  23.8716
0.8  -76.6784  101.534  24.8558
0.81  -81.7537  102.602  20.8483
0.82  -81.9211  103.784  21.863
0.83  -85.4572  105.33  19.873
0.84  -91.469  107.339  15.87
0.85  -94.6001  109.466  14.8659
0.86  -97.336  111.193  13.8575
0.87  -96.2906  112.15  15.8597
0.88  -94.423  112.285  17.862
0.89  -93.8622  111.723  17.8611
0.9  -88.6248  110.488  21.8632
0.91  -85.5949  108.462  22.8669
0.92  -79.7474  105.624  25.8771
0.93  -77.2057  102.093  24.8878
0.94  -74.3929  98.3152  23.9223
0.95  -72.3595  95.3243  22.9648
0.96  -73.5506  94.5335  20.9829
0.97  -76.4945  96.4372  19.9427
0.98  -80.0181  99.9009  19.8828
0.99  -85.4396  103.284  17.8447
1  -84.8011  105.633  20.8317
1.01  -87.8042  106.643  18.8385
1.02  -92.5193  106.373  13.8538
1.03  -96.2543  105.133  8.87912
1.04  -87.4713  103.381  15.9099
1.05  -86.6591  101.588  14.9285
1.06  -82.0078  99.9479  17.9401
1.07  -79.3456  98.3004  18.9549
1.08  -75.7658  96.7712  21.0054
1.09  -76.5061  96.5651  20.059
1.1  -76.9622  98.9832  22.0211
1.11  -77.2678  103.207  25.9389
1.12  -80.1878  107.09  26.9024
1.13  -84.7483  109.648  24.8993
1.14  -82.0956  110.994  28.8984
1.15  -85.5379  111.432  25.8939
1.16  -83.171  111.05  27.8794
1.17  -85.843  109.713  23.8702
1.18  -93.7186  107.607  13.8887
1.19  -91.744  105.656  13.9115
1.2  -91.7637  104.669  12.9056
1.21  -86.7222  104.623  17.9008
1.22  -84.2344  105.143  20.9089
1.23  -84.1276  106.044  21.9161
1.24  -89.31  107.216  17.9062
1.25  -88.3006  108.19  19.8896
1.26  -82.4831  108.368  25.8854
1.27  -82.7326  107.629  24.8967
1.28  -80.5997  106.514  25.9139
1.29  -78.9527  105.868  26.9153
1.3  -85.2871  106.169  20.882
1.31  -80.2883  107.127  26.8392
1.32  -81.2259  108.013  26.7874
1.33  -76.4071  108.17  31.7628
1.34  -78.7361  107.501  28.7652
1.35  -80.7162  106.515  25.7988
1.36  -82.1178  105.965  23.8472
1.37  -77.5948  106.481  28.8863
1.38  -81.2387  108.121  26.8826
1.39  -81.0883  109.953  28.8651
1.4  -88.9276  110.769  21.841
1.41  -85.8118  109.643  23.8312
1.42  -83.6134  106.477  22.8636
1.43  -79.8033  102.752  22.9484
1.44  -78.0599  101.035  22.9755
1.45  -78.9855  101.902  22.9165
1.46  -81.6931  103.584  21.8904
1.47  -84.7801  104.672  19.8921
1.48  -82.6881  104.59  21.9016
1.49  -85.3611  103.289  17.9278
1.5  -82.5851  101.564  18.9793
1.51  -82.8216  100.806  17.9847
1.52  -83.5484  101.489  17.9403
1.53  -87.8062  102.702  14.8956
1.54  -90.739  103.611  12.8717
1.55  -92.3847  104.251  11.8659
1.56  -92.1779  105.037  12.8595
1.57  -91.0628  105.919  14.8559
1.58  -90.5369  106.396  15.8587
1.59  -89.126  105.997  16.8709
1.6  -85.7333  104.631  18.8975
1.61  -87.8947  102.83  14.9351
1.62  -80.702  101.677  20.9748
1.63  -86.1406  102.1  15.9599
1.64  -84.8769  103.8  18.9235
1.65  -84.7419  105.645  20.903
1.66  -83.0181  106.922  23.9043
1.67  -83.7952  107.711  23.916
1.68  -86.4695  108.388  21.9184
1.69  -84.1121  109.015  24.9026
1.7  -89.4034  109.289  19.8861
1.71  -91.0454  108.916  17.8703
1.72  -91.0089  107.873  16.8645
1.73  -92.4237  106.282  13.8584
1.74  -93.5007  104.374  10.8736
1.75  -87.7412  102.627  14.8858
1.76  -85.449  101.33  15.8814
1.77  -85.3666  100.245  14.8779
1.78  -83.4394  99.3279  15.8885
1.79  -86.0363  98.9192  12.8829
1.8  -86.2445  99.1064  12.8619
1.81  -88.7387  99.5679  10.8292
1.82  -89.1234  99.9341  10.8107
1.83  -88.3604  100.159  11.7988
1.84  -93.6452  100.432  6.78669
1.85  -88.0323  100.819  12.7866
1.86  -89.5264  101.316  11.7897
1.87  -91.1546  101.951  10.7962
1.88  -94.0318  102.825  8.79329
1.89  -95.0534  103.849  8.7954
1.9  -98.0431  104.845  6.80224
1.91  -98.9612  105.763  6.80201
1.92  -94.6432  106.435  11.7922
1.93  -84.7007  106.499  21.7987
1.94  -85.0443  105.851  20.8069
1.95  -85.104  104.934  19.8302
1.96  -86.5959  104.441  17.8451
1.97  -83.9814  104.828  20.847
1.98  -87.1352  105.966  18.8307
1.99  -93.4513  107.26  13.8085
2  -90.2996  108.105  17.8053
2.01  -84.4498  108.268  23.8185
2.02  -87.1135  107.952  20.8384
2.03  -86.7765  107.645  20.8687
2.04  -87.9687  107.838  19.8696
2.05  -90.5609  108.403  17.8418
2.06  -91.6588  108.481  16.8225
2.07  -92.6269  107.463  14.8356
2.08  -87.9459  105.826  17.8797
2.09  -85.9376  104.83  18.8921
2.1  -85.2596  105.128  19.8685
2.11  -86.337  106.171  19.8341
2.12  -92.0878  106.889  14.8007
2.13  -94.5857  106.384  11.7982
2.14  -93.5493  104.379  10.8299
2.15  -94.7203  101.599  6.87824
2.16  -90.4226  99.3288  8.90614
2.17  -90.3704  98.2553  7.88491
2.18  -91.1457  98.0099  6.86415
2.19  -91.309  98.1616  6.85265
2.2  -92.8065  98.6504  5.84391
2.21  -94.5092  99.3422  4.83301
2.22  -100.957  99.7742  -1.1833
2.23  -98.5788  99.3875  0.808747
2.24  -97.089  97.9154  0.826346
2.25  -93.7894  95.6409  1.85159
2.26  -88.1657  93.0343  4.86864
2.27  -84.451  90.3415  5.89044
2.28  -82.9403  87.8592  4.91897
2.29  -80.4398  86.398  5.95818
2.3  -79.1059  87.08  7.97415
2.31  -83.3548  90.289  6.93425
2.32  -88.9312  94.7977  5.8665
2.33  -88.7742  98.5893  9.81505
2.34  -88.5029  100.309  11.8059
2.35  -87.0618  99.9004  12.8387
2.36  -84.6351  98.518  13.883
2.37  -91.8628  97.772  5.90916
2.38  -93.5509  98.4505  4.8996
2.39  -98.3299  100.201  1.87135
2.4  -94.3596  102.208  7.84865
2.41  -98.8369  103.668  4.83093
2.42  -102.249  104.073  1.82362
2.43  -95.6843  103.532  7.84749
2.44  -94.8367  102.697  7.86026
2.45  -94.2584  102.121  7.86233
2.46  -90.0432  101.902  11.8585
2.47  -89.067  101.929  12.8617
2.48  -85.2003  102.059  16.8589
2.49  -84.4168  102.28  17.8634
2.5  -86.8344  102.706  15.8714
2.51  -85.4775  103.351  17.8739
2.52  -83.1718  104.051  20.8789
2.53  -78.8491  104.746  25.8965
2.54  -77.7513  105.671  27.9197
2.55  -77.2427  107.177  29.9347
2.56  -78.4855  109.427  30.9412
2.57  -78.4656  112.404  33.9388
2.58  -85.7935  115.706  29.9122
2.59  -86.608  118.493  31.8851
2.6  -87.0567  119.927  32.8698
2.61  -88.7424  119.606  30.8633
2.62  -85.6558  117.528  31.8725
2.63  -81.1914  114.077  32.886
2.64  -78.0408  109.955  31.9145
2.65  -70.1375  106.084  35.9469
2.66  -71.3919  103.346  31.9544
2.67  -72.153  102.102  29.9487
2.68  -71.251  102.185  30.9339
2.69  -73.2482  103.158  29.9095
2.7  -80.6862  104.582  23.896
2.71  -80.3127  106.212  25.8996
2.72  -81.1646  108.062  26.8975
2.73  -80.1602  110.042  29.8813
2.74  -81.8472  111.711  29.8636
2.75  -83.7868  112.652  28.865
2.76  -84.9594  112.835  27.8756
2.77  -80.711  112.596  31.8852
2.78  -80.2809  112.154  31.8729
2.79  -83.3409  111.198  27.8575
2.8  -76.489  109.363  32.8736
2.81  -70.0403  106.944  36.9033
2.82  -69.7926  104.722  34.9293
2.83  -72.422  103.35  30.9277
2.84  -71.9825  102.912  30.9297
2.85  -72.4124  103.353  30.9402
2.86  -73.8377  104.787  30.9489
2.87  -77.2038  107.132  29.9282
2.88  -83.7658  109.665  25.8995
2.89  -90.538  111.418  20.88
2.9  -87.9837  111.87  23.8861
2.91  -84.2128  111.114  26.9015
2.92  -80.7223  109.645  28.9229
2.93  -78.0912  108.032  29.9405
2.94  -75.8164  106.772  30.9553
2.95  -74.3044  106.263  31.9587
2.96  -72.5786  106.527  33.9482
2.97  -82.134  107.064  24.93
2.98  -79.3724  107.304  27.9318
2.99  -78.1721  107.103  28.9306
3  -78.6321  106.557  27.925
3.01  -77.9533  105.876  27.9228
3.02  -77.3622  105.28  27.9176
3.03  -75.0967  105.013  29.9167
3.04  -73.4153  105.328  31.9128
3.05  -81.2817  106.173  24.8913
3.06  -80.3037  107.181  26.8773
3.07  -82.9956  107.869  24.8736
3.08  -82.0244  107.906  25.8814
3.09  -83.4345  107.339  23.9045
3.1  -85.5413  106.46  20.9184
3.11  -77.7105  105.638  27.9276
3.12  -84.2077  105.131  20.9237
3.13  -89.901  104.813  14.9122
3.14  -85.4427  104.35  18.907
3.15  -86.5643  103.465  16.901
3.16  -83.031  101.943  18.9122
3.17  -82.8705  99.8226  16.9521
3.18  -79.9712  97.9742  18.003
3.19  -76.6506  97.6629  21.0123
3.2  -78.8788  98.8462  19.9674
3.21  -83.2234  100.166  16.9423
3.22  -84.7954  100.76  15.9644
3.23  -81.0694  101.065  19.9958
3.24  -81.9158  101.908  19.9924
3.25  -80.4362  103.409  22.9723
3.26  -81.452  105.402  23.9499
3.27  -88.7795  107.698  18.9182
3.28  -89.9083  109.796  19.8875
3.29  -93.2439  111.113  17.8687
3.3  -92.5095  111.375  18.8652
3.31  -90.8788  110.746  19.8672
3.32  -89.5801  109.454  19.8744
3.33  -83.0241  107.916  24.8918
3.34  -84.9235  106.823  21.8995
3.35  -81.6984  106.598  24.8997
3.36  -82.2448  107.143  24.8984
3.37  -89.0702  107.963  18.8924
3.38  -92.7715  108.663  15.8914
3.39  -93.1765  109.063  15.8861
3.4  -96.0512  108.925  12.8736
3.41  -96.0597  107.928  11.8687
3.42  -96.1166  105.98  9.86367
3.43  -90.4467  103.316  12.8689
3.44  -86.3495  100.218  13.8687
3.45  -82.9027  96.7756  13.8729
3.46  -77.408  93.3137  15.9057
3.47  -73.9479  90.8999  16.952
3.48  -70.0907  91.0674  20.9766
3.49  -74.5422  94.4846  19.9423
3.5  -80.0962  99.9652  19.869
3.51  -86.4094  105.229  18.8196
3.52  -83.9317  108.749  24.8171
3.53  -84.5903  110.429  25.8384
3.54  -94.1114  110.97  16.8585
3.55  -97.1552  111.017  13.8618
3.56  -91.8291  110.686  18.8568
3.57  -91.8549  109.715  17.8605
3.58  -90.1577  108.039  17.8809
3.59  -89.1824  106.082  16.9
3.6  -86.3062  104.205  17.8993
3.61  -80.4946  102.402  21.9073
3.62  -79.7768  100.688  20.9108
3.63  -84.2034  99.1041  14.9008
3.64  -82.7129  97.6414  14.9284
3.65  -81.9105  96.9034  14.9929
3.66  -84.1371  98.1149  13.9778
3.67  -88.8612  100.769  11.9076
3.68  -97.1812  103.064  5.88248
3.69  -99.3997  104.288  4.88857
3.7  -104.748  104.635  -0.113239
3.71  -99.471  104.357  4.88629
3.72  -92.6213  103.492  10.8712
3.73  -89.9696  101.818  11.8484
3.74  -88.4155  99.2569  10.8414
3.75  -85.4507  96.303  10.8522
3.76  -78.1178  93.9834  15.8656
3.77  -81.3435  93.2032  11.8598
3.78  -80.359  94.2064  13.8474
3.79  -80.8592  96.6904  15.8312
3.8  -86.2452  100.065  13.8201
3.81  -89.9245  103.745  13.821
3.82  -93.3584  107.166  13.8076
3.83  -96.9138  109.717  12.8032
3.84  -97.0345  110.833  13.7981
3.85  -97.4145  110.205  12.7904
3.86  -96.0217  107.818  11.7959
3.87  -92.4029  104.238  11.8347
3.88  -82.195  101.087  18.892
3.89  -78.2819  100.165  21.8834
3.9  -83.3352  101.166  17.8306
3.91  -84.4476  102.255  17.8076
3.92  -88.4841  102.297  13.8129
3.93  -83.5445  101.374  17.8294
3.94  -84.5481  100.398  15.8498
3.95  -87.6063  100.462  12.8557
3.96  -94.2129  102.044  7.83152
3.97  -92.5265  104.344  11.8179
3.98  -96.3256  106.149  9.82303
3.99  -99.9092  106.753  6.84368
4  -96.1425  106.006  9.86352
4.01  -90.1997  104.075  13.8754
4.02  -91.1695  101.052  9.88229
4.03  -89.1492  97.0675  7.91834
4.04  -89.3919  93.3985  4.00663
4.05  -84.4428  92.4696  8.02681
4.06  -86.7515  94.6891  7.93765
4.07  -91.851  97.725  5.87407
4.08  -96.0994  99.9704  3.871
4.09  -95.437  101.319  5.88181
4.1  -93.9478  101.855  7.90689
4.11  -89.74  101.712  11.9722
4.12  -88.8803  101.928  13.0479
4.13  -87.5253  103.552  16.0265
4.14  -87.6475  105.611  17.9636
4.15  -86.6135  106.571  19.9575
4.16  -86.4819  106.452  19.9703
4.17  -92.9975  105.963  12.9657
4.18  -88.3739  105.319  16.945
4.19  -86.3214  104.258  17.9363
4.2  -85.6831  102.631  16.9477
4.21  -87.8481  100.823  12.9746
4.22  -82.6736  99.6747  17.0011
4.23  -82.8095  99.8045  16.995
4.24  -81.0376  101.005  19.9672
4.25  -83.6296  102.565  18.9358
4.26  -84.938  103.858  18.9203
4.27  -88.7511  104.665  15.9139
4.28  -89.193  105.098  15.9046
4.29  -94.3496  105.232  10.8824
4.3  -90.0717  104.945  14.8732
4.31  -89.3426  104.215  14.8729
4.32  -83.3912  103.28  19.8885
4.33  -84.5014  102.4  17.8989
4.34  -88.7976  101.708  12.9104
4.35  -86.4163  101.341  14.9245
4.36  -86.5414  101.476  14.9343
4.37  -91.0978  102.022  10.9243
4.38  -89.7308  102.645  12.9143
4.39  -90.1501  103.054  12.9035
4.4  -93.0847  102.969  9.88391
4.41  -96.1939  102.067  5.87334
4.42  -94.4243  100.309  5.88489
4.43  -93.2347  98.1286  4.89385
4.44  -86.9973  95.8945  8.8972
4.45  -84.7008  93.613  8.91217
4.46  -81.7648  91.7184  9.95351
4.47  -82.5829  91.55  8.96714
4.48  -83.7911  93.706  9.91488
4.49  -89.3428  97.2076  7.86481
4.5  -97.1374  100.969  3.83182
4.51  -100.432  104.24  3.80835
4.52  -97.5492  106.354  8.80485
4.53  -92.2759  107.105  14.8292
4.54  -92.2444  107.102  14.8578
4.55  -91.334  107.217  15.8833
4.56  -95.17  108.054  12.884
4.57  -91.8293  109.713  17.8841
4.58  -91.9462  111.81  19.8641
4.59  -94.6063  113.442  18.8358
4.6  -93.6868  113.501  19.814
4.61  -93.3134  111.127  17.8132
4.62  -87.3791  106.247  18.8682
4.63  -75.4066  100.391  24.9846
4.64  -68.4073  96.4708  28.0635
4.65  -70.4565  96.4939  26.0374
4.66  -76.8263  99.7863  22.9599
4.67  -81.1289  104.018  22.8887
4.68  -88.1945  107.052  18.8572
4.69  -89.1498  108.022  18.8722
4.7  -92.582  107.479  14.897
4.71  -88.4788  106.374  17.8949
4.72  -87.0531  104.925  17.8718
4.73  -77.941  102.826  24.8847
4.74  -76.5772  100.502  23.9252
4.75  -76.0494  98.9996  22.9502
4.76  -74.7759  98.7185  23.9426
4.77  -74.9717  98.8979  23.9262
4.78  -76.5339  98.4632  21.9293
4.79  -77.0916  97.0673  19.9757
4.8  -72.698  95.7406  23.0426
4.81  -70.9617  96.008  25.0463
4.82  -69.0311  98.0243  28.9931
4.83  -72.6356  100.59  27.9543
4.84  -75.4889  102.429  26.9404
4.85  -79.2053  103.162  23.9563
4.86  -78.5235  103.511  24.9878
4.87  -82.6214  104.596  21.9746
4.88  -81.6357  106.573  24.9369
4.89  -84.5521  108.453  23.9005
4.9  -89.264  109.149  19.8848
4.91  -89.2246  108.12  18.8957
4.92  -88.5333  105.462  16.9285
4.93  -89.0793  102.077  12.9977
4.94  -85.7627  99.8287  14.066
4.95  -81.2595  100.313  19.0536
4.96  -82.0678  103.068  21.0004
4.97  -84.4733  106.421  21.9474
4.98  -84.0336  108.944  24.9108
4.99  -85.9876  109.889  23.9017
5  -88.457  109.366  20.9095
5.01  -84.2081  108.132  23.9235
5.02  -82.0945  107.015  24.921
5.03  -84.4431  106.352  21.9087
5.04  -84.1502  106.046  21.8958
5.05  -80.882  105.768  24.8865
5.06  -77.2895  105.17  27.8808
5.07  -74.2193  104.109  29.8895
5.08  -79.9219  102.82  22.8983
5.09  -77.826  101.74  23.9143
5.1  -79.2378  101.151  21.9134
5.11  -80.0856  101.004  20.9184
5.12  -79.344  101.272  21.9284
5.13  -84.1074  102.026  17.9181
5.14  -82.9925  102.893  19.9009
5.15  -81.4779  103.377  21.8988
5.16  -75.5232  103.435  27.912
5.17  -72.4493  103.376  30.9268
5.18  -73.6374  103.578  29.9405
5.19  -80.482  104.422  23.9399
5.2  -81.1068  106.036  24.9289
5.21  -84.8989  107.795  22.8958
5.22  -90.7892  108.68  17.8906
5.23  -89.2825  108.195  18.9129
5.24  -88.7817  106.709  17.9278
5.25  -87.9344  104.87  16.9359
5.26  -86.1691  103.114  16.9448
5.27  -83.7627  101.712  17.949
5.28  -83.7563  100.708  16.9516
5.29  -80.0095  99.9586  19.949
5.3  -79.4237  99.3857  19.9621
5.31  -80.1712  99.1487  18.9774
5.32  -81.5703  99.5454  17.9751
5.33  -86.4937  100.459  13.9657
5.34  -83.5707  101.527  17.9564
5.35  -81.3766  102.317  20.9406
5.36  -82.4454  102.38  19.935
5.37  -82.7432  101.693  18.9493
5.38  -86.0008  100.967  14.9664
5.39  -83.9743  100.935  16.9606
5.4  -81.6498  101.584  19.9345
5.41  -86.362  102.278  15.9155
5.42  -88.5585  102.471  13.9126
5.43  -87.2449  102.166  14.9209
5.44  -86.7907  101.713  14.9227
5.45  -83.304  101.223  17.9194
5.46  -86.3854  100.299  13.9138
5.47  -85.4609  98.3974  12.9364
5.48  -81.5822  95.5675  13.9852
5.49  -77.8133  92.8543  15.0409
5.5  -74.6009  91.6617  17.0608
5.51  -77.4472  92.4699  15.0227
5.52  -78.4925  94.4679  15.9753
5.53  -78.8338  96.7845  17.9507
5.54  -86.0122  98.9394  12.9272
5.55  -86.4989  100.428  13.9295
5.56  -91.2057  101.157  9.95161
5.57  -88.5161  101.488  12.9722
5.58  -84.7405  101.722  16.9811
5.59  -86.9055  101.886  14.9804
5.6  -82.0776  102.071  19.9932
5.61  -81.7225  102.724  21.0011
5.62  -81.2359  104.226  22.99
5.63  -83.4147  106.363  22.9485
5.64  -87.3466  108.259  20.9123
5.65  -84.2039  109.113  24.9094
5.66  -80.0566  108.993  28.9364
5.67  -83.5437  108.499  24.9553
5.68  -86.0398  108.003  21.9629
5.69  -86.5788  107.553  20.9741
5.7  -86.2784  107.264  20.9853
5.71  -83.3255  107.3  23.9747
5.72  -84.2691  107.211  22.9424
5.73  -84.3819  106.325  21.9429
5.74  -87.8624  104.823  16.9605
5.75  -87.5412  103.498  15.9568
5.76  -84.7059  102.646  17.9406
5.77  -81.9052  101.823  19.918
5.78  -80.5971  100.521  19.924
5.79  -76.0026  98.9627  22.9601
5.8  -75.3152  98.3088  22.9936
5.81  -79.5446  99.5083  19.9636
5.82  -81.9916  101.904  19.9125
5.83  -85.2403  104.148  18.9073
5.84  -86.9791  105.914  18.9345
5.85  -96.8175  107.761  10.944
5.86  -101.036  109.97  8.93442
5.87  -102.231  112.148  9.91708
5.88  -100.729  113.632  12.9031
5.89  -99.9685  113.874  13.9054
5.9  -95.8684  112.794  16.9258
5.91  -94.8986  110.857  15.9584
5.92  -94.8411  108.815  13.9743
5.93  -92.0931  107.063  14.9696
5.94  -88.5337  105.495  16.9616
5.95  -84.0055  103.965  19.9594
5.96  -82.6532  102.615  19.9617
5.97  -85.8156  101.773  15.9571
5.98  -86.6902  101.632  14.9416
5.99  -86.3207  102.25  15.9297
6  -85.6194  103.538  17.9183
6.01  -85.3349  105.241  19.9065
6.02  -89.0975  107.011  17.9135
6.03  -92.8698  108.791  15.9212
6.04  -98.7899  110.697  11.9072
6.05  -103.459  112.33  8.87016
6.06  -100.889  112.735  11.8465
6.07  -94.3758  111.226  16.8499
6.08  -91.1189  108.006  16.8872
6.09  -82.2845  104.222  21.9379
6.1  -78.43  101.39  22.9596
6.11  -81.2784  100.216  18.9372
6.12  -79.1804  100.086  20.9056
6.13  -77.0097  99.8997  22.89
6.14  -80.2815  99.1712  18.8896
6.15  -76.4222  98.3182  21.896
6.16  -82.2265  98.1104  15.884
6.17  -86.9243  98.7815  11.8572
6.18  -87.0195  99.8665  12.847
6.19  -86.8976  100.742  13.844
6.2  -88.1264  100.981  12.8543
6.21  -88.7053  100.587  11.882
6.22  -88.1627  100.077  11.9145
6.23  -87.2796  100.205  12.9257
6.24  -89.2848  101.184  11.899
6.25  -88.5886  102.468  13.8798
6.26  -87.6976  103.574  15.8761
6.27  -94.4121  104.274  9.86224
6.28  -87.442  104.31  16.8677
6.29  -85.859  103.745  17.8861
6.3  -85.2125  103.116  17.9034
6.31  -84.0708  102.985  18.9146
6.32  -87.6621  103.573  15.911
6.33  -88.7219  104.627  15.9048
6.34  -86.7702  105.677  18.9069
6.35  -96.5685  106.485  9.9162
6.36  -99.3147  107.247  7.93219
6.37  -99.3508  108.279  8.92832
6.38  -101.321  109.225  7.90382
6.39  -98.2573  109.159  10.9013
6.4  -92.5689  107.486  14.9169
6.41  -89.431  104.389  14.9578
6.42  -87.8911  100.916  13.0245
6.43  -86.8362  98.9109  12.0747
6.44  -85.7317  99.7812  14.0494
6.45  -89.791  102.762  12.9711
6.46  -89.8026  105.727  15.924
6.47  -94.4604  107.372  12.9113
6.48  -95.6914  107.618  11.9261
6.49  -98.0014  106.955  8.95328
6.5  -95.1278  106.109  10.9812
6.51  -91.877  105.871  13.9944
6.52  -87.4747  106.449  18.9747
6.53  -89.4851  107.445  17.9601
6.54  -89.3603  108.307  18.9472
6.55  -85.8577  108.811  22.9531
6.56  -80.1925  109.149  28.957
6.57  -82.6437  109.603  26.9596
6.58  -83.4018  110.363  26.9613
6.59  -83.6005  111.556  27.955
6.6  -88.0552  112.994  24.9392
6.61  -86.2526  114.176  27.9235
6.62  -90.6302  114.543  23.9131
6.63  -86.7531  113.68  26.927
6.64  -90.7659  111.712  20.9459
6.65  -88.2739  109.243  20.9688
6.66  -84.8993  106.872  21.9727
6.67  -81.8096  104.776  22.9661
6.68  -81.7668  102.737  20.9704
6.69  -80.664  100.65  19.9863
6.7  -78.7479  98.7557  20.0078
6.71  -76.4018  97.4302  21.0284
6.72  -74.0536  97.082  23.0284
6.73  -75.7064  97.7174  22.011
6.74  -78.9712  98.9761  20.0049
6.75  -78.5686  100.562  21.993
6.76  -85.0923  102.07  16.9775
6.77  -86.1717  103.157  16.985
6.78  -89.9785  103.973  13.9946
6.79  -84.8277  104.827  19.9997
6.8  -81.8154  105.797  23.9819
6.81  -83.673  106.629  22.9558
6.82  -88.2642  107.202  18.9379
6.83  -93.7782  107.7  13.9218
6.84  -97.398  108.306  10.9081
6.85  -97.9739  108.874  10.9001
6.86  -94.1719  109.072  14.9004
6.87  -93.7339  108.644  14.9104
6.88  -93.684  107.611  13.9274
6.89  -95.257  106.201  10.9436
6.9  -93.7387  104.699  10.9602
6.91  -97.3703  103.332  5.96176
6.92  -88.1502  102.114  13.9634
6.93  -81.8895  100.842  18.9528
6.94  -83.1979  99.1408  15.9429
6.95  -82.912  96.8742  13.9622
6.96  -79.8188  94.8238  15.005
6.97  -75.4289  94.4591  19.0302
6.98  -77.5632  96.563  18.9998
6.99  -78.1946  100.138  21.9434
7  -79.3328  103.234  23.9007
7.01  -86.4339  104.34  17.9065
7.02  -78.3208  103.277  24.9557
7.03  -82.2838  101.309  19.0253
7.04  -71.3454  100.428  29.0826
7.05  -77.851  101.898  24.0465
7.06  -85.9752  104.947  18.9723
7.07  -87.8021  107.72  19.9178
7.08  -87.12  109.016  21.896
7.09  -90.8207  108.713  17.8919
7.1  -89.4134  107.314  17.9002
7.11  -86.6557  105.566  18.9101
7.12  -86.1785  104.098  17.92
7.13  -83.291  103.219  19.9285
7.14  -81.006  102.946  21.9396
7.15  -80.3429  103.293  22.9497
7.16  -81.4358  104.393  22.9568
7.17  -85.4478  106.404  20.9559
7.18  -93.2831  109.212  15.9286
7.19  -96.2392  112.136  15.8972
7.2  -100.321  114.202  13.8811
7.21  -98.8774  114.753  15.8752
7.22  -97.7002  113.582  15.8823
7.23  -94.9273  110.822  15.8942
7.24  -90.0514  106.989  16.9371
7.25  -82.4108  103.378  20.9669
7.26  -82.9959  100.943  17.9472
7.27  -79.4493  99.3946  19.9453
7.28  -76.8196  98.8087  21.9891
7.29  -81.2779  100.28  19.002
7.3  -86.1088  104.054  17.9448
7.31  -89.5396  108.43  18.8901
7.32  -95.6258  111.491  15.8655
7.33  -98.4616  112.339  13.8776
7.34  -92.0918  111.008  18.9158
7.35  -87.4254  108.396  20.9705
7.36  -85.9506  105.962  20.0116
7.37  -78.8741  104.902  26.0277
7.38  -81.49  105.494  24.0041
7.39  -85.9846  106.95  20.9654
7.4  -95.1003  108.031  12.9305
7.41  -93.7575  107.685  13.9276
7.42  -94.758  105.704  10.9464
7.43  -89.8539  102.829  12.9756
7.44  -85.1785  100.162  14.9836
7.45  -83.4964  98.4781  14.9817
7.46  -80.1821  98.145  17.9629
7.47  -83.0967  99.0226  15.9259
7.48  -80.6055  100.497  19.8911
7.49  -80.8622  101.731  20.8692
7.5  -85.2168  102.08  16.8628
7.51  -85.6381  101.517  15.8794
7.52  -83.8113  100.716  16.905
7.53  -84.6418  100.549  15.9071
7.54  -89.3769  101.261  11.8845
7.55  -90.5639  102.42  11.8556
7.56  -86.7492  103.586  16.8366
7.57  -91.7427  104.564  12.8216
7.58  -89.4649  105.285  15.8197
7.59  -89.8106  105.634  15.8239
7.6  -86.7799  105.609  18.8291
7.61  -86.4989  105.336  18.8367
7.62  -87.0637  104.908  17.8444
7.63  -87.4398  104.285  16.8451
7.64  -90.4257  103.278  12.8527
7.65  -84.0993  101.986  17.8868
7.66  -85.1574  101.055  15.898
7.67  -83.9013  100.769  16.8678
7.68  -82.6121  100.455  17.8427
7.69  -79.8446  99.6997  19.8551
7.7  -77.2181  99.0986  21.8805
7.71  -78.6133  99.4975  20.8842
7.72  -77.2633  101.138  23.8748
7.73  -81.764  103.623  21.8594
7.74  -86.5812  106.434  19.8531
7.75  -89.3228  109.173  19.8507
7.76  -93.6057  111.448  17.8427
7.77  -94.0178  112.853  18.835
7.78  -93.2777  113.113  19.8351
7.79  -90.4735  112.325  21.8517
7.8  -89.3033  111.179  21.8753
7.81  -87.5984  110.48  22.8814
7.82  -94.5523  110.421  15.8687
7.83  -88.757  110.625  21.8682
7.84  -83.8789  110.747  26.8678
7.85  -86.6605  110.537  23.8761
7.86  -86.9867  109.88  22.893
7.87  -85.0912  109.008  23.9164
7.88  -86.3786  108.307  21.928
7.89  -88.0616  107.989  19.9278
7.9  -83.0793  108.007  24.9277
7.91  -76.2231  108.15  31.9264
7.92  -74.2687  108.194  33.9249
7.93  -73.1886  108.131  34.9421
7.94  -72.4229  108.381  35.9585
7.95  -77.3821  109.324  31.9415
7.96  -82.6367  110.544  27.9072
7.97  -82.2386  111.133  28.894
7.98  -81.743  110.647  28.9037
7.99  -76.3939  109.325  32.9308
8  -76.9368  107.895  30.9585
8.01  -72.1814  107.161  34.9797
8.02  -74.5507  107.523  32.9718
8.03  -84.6468  108.586  23.9393
8.04  -87.6214  109.538  21.9165
8.05  -82.9072  109.83  26.923
8.06  -84.5695  109.494  24.9242
8.07  -82.745  108.664  25.9187
8.08  -83.2901  107.211  23.9213
8.09  -85.3376  105.282  19.9448
8.1  -77.7703  103.747  25.9764
8.11  -83.6376  103.611  19.9739
8.12  -87.0932  105.034  17.9409
8.13  -91.3476  107.247  15.8994
8.14  -94.1782  109.045  14.8671
8.15  -98.5897  109.447  10.8571
8.16  -95.403  108.273  12.87
8.17  -86.1535  106.047  19.8931
8.18  -91.6039  103.514  11.9103
8.19  -81.369  101.306  19.9374
8.2  -79.9572  99.9215  19.9643
8.21  -75.8385  99.8283  23.9899
8.22  -82.2053  101.184  18.9786
8.23  -80.4341  103.387  22.9531
8.24  -80.521  105.456  24.9355
8.25  -84.8941  106.826  21.9315
8.26  -84.631  107.572  22.9409
8.27  -88.1007  108.046  19.9454
8.28  -91.5344  108.488  16.9534
8.29  -93.9913  108.947  14.9555
8.3  -92.421  109.379  16.9584
8.31  -92.7878  109.744  16.9567
8.32  -89.027  109.975  20.9482
8.33  -82.9021  109.836  26.9341
8.34  -84.1665  109.082  24.916
8.35  -87.7064  107.611  19.9047
8.36  -86.5698  105.48  18.9102
8.37  -87.0228  102.949  15.9259
8.38  -86.2651  100.201  13.9355
8.39  -84.4178  97.3665  12.9487
8.4  -82.7574  94.7314  11.9741
8.41  -84.8948  92.8788  7.98405
8.42  -87.3286  92.2851  4.95653
8.43  -86.8726  92.794  5.92141
8.44  -87.2421  94.1401  6.89805
8.45  -91.1272  96.0003  4.87303
8.46  -87.7086  97.5798  9.87117
8.47  -89.4769  98.3635  8.88669
8.48  -87.5219  98.4181  10.8962
8.49  -86.9833  97.8892  10.9059
8.5  -82.2869  97.2186  14.9317
8.51  -78.2259  97.1805  18.9546
8.52  -81.1784  98.129  16.9506
8.53  -82.7971  99.7458  16.9486
8.54  -91.794  101.735  9.94118
8.55  -95.0956  104.027  8.93106
8.56  -95.5563  106.469  10.9127
8.57  -100.664  108.552  7.88843
8.58  -103.708  109.586  5.8775
8.59  -104.386  109.283  4.89752
8.6  -97.1794  108.109  10.9296
8.61  -93.8626  106.805  12.9425
8.62  -91.7753  105.72  13.9442
8.63  -89.9749  104.929  14.9536
8.64  -90.7594  104.731  13.9714
8.65  -92.4547  105.415  12.9604
8.66  -93.5731  106.506  12.9326
8.67  -93.0745  106.994  13.9199
8.68  -92.3736  106.287  13.9139
8.69  -95.4315  104.363  8.93148
8.7  -91.6819  101.642  9.96055
8.71  -83.901  98.9062  15.0051
8.72  -79.1685  97.2079  18.0394
8.73  -76.1895  97.2247  21.0352
8.74  -78.7236  98.7311  20.0075
8.75  -83.8354  100.803  16.9678
8.76  -80.4601  102.408  21.9481
8.77  -87.9378  102.885  14.9475
8.78  -88.1603  102.125  13.9651
8.79  -88.7119  100.716  12.0038
8.8  -86.6866  99.7039  13.0173
8.81  -83.775  99.7664  15.9914
8.82  -77.588  100.545  22.9566
8.83  -83.3397  101.285  17.945
8.84  -82.8143  101.771  18.9564
8.85  -85.4278  102.392  16.9643
8.86  -86.4052  103.357  16.9522
8.87  -89.4344  104.376  14.9414
8.88  -89.1126  105.054  15.9418
8.89  -87.4484  105.403  17.9545
8.9  -89.8114  105.773  15.9614
8.91  -86.4324  106.393  19.9605
8.92  -88.2297  107.181  18.9509
8.93  -87.9354  107.896  19.9608
8.94  -89.6524  108.621  18.9685
8.95  -89.4666  109.426  19.9593
8.96  -89.0898  110.033  20.9436
8.97  -91.1225  110.06  18.9379
8.98  -96.4572  109.401  12.9438
8.99  -95.2944  108.249  12.9549
9  -91.0239  106.987  15.9627
9.01  -87.0209  105.98  18.9595
9.02  -81.3693  105.319  23.9497
9.03  -84.8724  104.82  19.948
9.04  -83.4197  104.376  20.9563
9.05  -87.2172  104.184  16.9663
9.06  -84.4172  104.382  19.9645
9.07  -85.7131  104.667  18.9535
9.08  -81.524  104.489  22.9653
9.09  -80.7222  103.711  22.9893
9.1  -75.5915  102.602  27.0103
9.11  -74.5402  101.561  27.0211
9.12  -66.7166  100.753  34.0362
9.13  -66.5127  100.56  34.0476
9.14  -66.5204  101.557  35.0362
9.15  -70.7527  103.755  33.0022
9.16  -78.5064  106.48  27.9737
9.17  -80.9482  108.901  27.953
9.18  -81.3184  110.259  28.9402
9.19  -82.1669  110.11  27.9429
9.2  -80.6352  108.594  27.9593
9.21  -76.4785  106.467  29.9882
9.22  -77.7873  104.788  27.0003
9.23  -76.142  104.132  27.9895
9.24  -79.2867  104.249  24.9618
9.25  -81.3354  104.288  22.9523
9.26  -82.7943  103.771  20.9767
9.27  -81.0446  103.056  22.0113
9.28  -85.6637  102.681  17.0174
9.29  -86.4448  102.449  16.0045
9.3  -80.7097  101.714  21.0047
9.31  -83.2159  100.232  17.0159
9.32  -78.5536  98.6021  20.0485
9.33  -74.9414  97.9999  23.0584
9.34  -75.0875  99.117  24.0295
9.35  -78.4539  101.443  22.9891
9.36  -76.9717  103.925  26.9535
9.37  -81.0002  105.935  24.9344
9.38  -83.478  107.401  23.9235
9.39  -82.4881  108.396  25.9078
9.4  -81.8996  108.793  26.893
9.41  -80.6302  108.521  27.8906
9.42  -76.9662  107.861  30.8944
9.43  -84.2823  107.169  22.8867
9.44  -85.6346  106.512  20.8769
9.45  -80.7297  105.598  24.8682
9.46  -78.9224  103.787  24.8644
9.47  -73.835  100.738  26.9025
9.48  -72.5263  97.5018  24.9754
9.49  -70.0147  96.0281  26.0134
9.5  -76.0936  97.069  20.9753
9.51  -75.5189  99.445  23.9261
9.52  -79.832  101.734  21.9019
9.53  -80.6162  103.512  22.8961
9.54  -81.9472  104.841  22.8938
9.55  -82.7753  105.687  22.912
9.56  -81.3814  106.318  24.9364
9.57  -74.1814  107.133  32.9516
9.58  -79.0936  108.041  28.9471
9.59  -85.6924  108.644  22.9517
9.6  -83.9254  108.873  24.9472
9.61  -83.0252  108.969  25.9442
9.62  -84.1619  109.101  24.9395
9.63  -89.3528  109.291  19.9377
9.64  -86.5365  109.494  22.9571
9.65  -87.9312  109.893  21.9618
9.66  -86.69  110.644  23.9541
9.67  -91.3951  111.31  19.9146
9.68  -95.0084  110.891  15.8822
9.69  -91.8103  108.693  16.8831
9.7  -89.1106  105.025  15.9149
9.71  -88.0808  101.031  12.9504
9.72  -84.8233  97.7918  12.9685
9.73  -81.7248  95.7108  13.986
9.74  -79.8725  94.8686  14.9961
9.75  -81.1136  95.0997  13.9861
9.76  -81.979  95.9623  13.9833
9.77  -89.3339  97.3136  7.97962
9.78  -92.2005  99.1633  6.96284
9.79  -96.2965  101.23  4.93319
9.8  -95.0917  103.001  7.90913
9.81  -96.1689  104.067  7.89763
9.82  -96.4737  104.37  7.89586
9.83  -95.3084  104.209  8.90042
9.84  -90.1106  104.016  13.9049
9.85  -88.2578  104.168  15.9106
9.86  -84.9161  104.817  19.9011
9.87  -86.8568  105.748  18.8907
9.88  -88.6756  106.554  17.8779
9.89  -87.0016  106.873  19.8713
9.9  -82.6374  106.505  23.8676
9.91  -86.4994  105.364  18.8648
9.92  -83.652  103.526  19.8741
9.93  -79.5365  101.426  21.8891
9.94  -77.7299  99.6342  21.9044
9.95  -77.5282  98.4419  20.9137
9.96  -75.7975  97.7329  21.9354
9.97  -72.5151  97.4886  24.9735
9.98  -75.074  98.0745  23.0005
9.99  -80.8365  99.8414  19.0049
