0  0  144  144
0.005  0  144  144
0.01  -1.99944  143.999  141.999
0.015  -15.9556  143.951  127.996
0.02  -30.731  143.723  112.992
0.025  -49.1926  143.179  93.9863
0.03  -57.2161  142.199  84.9828
0.035  -61.7025  140.682  78.9798
0.04  -66.5734  138.551  71.9771
0.045  -66.7688  135.744  68.9749
0.05  -70.261  132.235  61.9737
0.055  -69.0679  128.043  58.9755
0.06  -67.2716  123.251  55.9791
0.065  -67.0277  118.012  50.9847
0.07  -65.5652  112.556  46.991
0.075  -63.1699  107.168  43.9983
0.08  -60.1521  102.158  42.0057
0.085  -56.8002  97.8108  41.0106
0.09  -53.3342  94.3467  41.0125
0.095  -54.8731  91.8842  37.0111
0.1  -55.418  90.4246  35.0065
0.105  -55.8693  89.8697  34.0004
0.11  -60.0562  90.0496  29.9933
0.115  -62.766  90.7522  27.9862
0.12  -67.7804  91.7603  23.9799
0.125  -69.8926  92.8678  22.9752
0.13  -71.9351  93.9068  21.9717
0.135  -74.7794  94.7487  19.9693
0.14  -78.3405  95.3081  16.9676
0.145  -79.5731  95.5412  15.9681
0.15  -80.4787  95.4483  14.9696
0.155  -80.105  95.0775  14.9725
0.16  -80.5454  94.5213  13.9759
0.165  -77.9338  93.9136  15.9798
0.17  -78.4153  93.3976  14.9823
0.175  -76.1286  93.1141  16.9854
0.18  -80.1928  93.1781  12.9853
0.185  -78.6568  93.6406  14.9838
0.19  -79.5222  94.5036  14.9813
0.195  -82.7369  95.7141  12.9772
0.2  -85.2078  97.1809  11.9731
0.205  -84.8307  98.8007  13.9699
0.21  -87.5099  100.476  12.9665
0.215  -88.1612  102.126  13.9644
0.22  -90.7212  103.684  12.9627
0.225  -95.1449  105.106  9.96065
0.23  -96.3999  106.36  9.96026
0.235  -100.483  107.444  6.96044
0.24  -101.411  108.373  6.96171
0.245  -104.218  109.181  4.96283
0.25  -105.92  109.883  3.96317
0.255  -100.543  110.507  9.96358
0.26  -101.105  111.068  9.96292
0.265  -103.581  111.542  7.96138
0.27  -99.919  111.879  11.9603
0.275  -99.089  112.048  12.9595
0.28  -98.0654  112.025  13.9595
0.285  -95.8371  111.796  15.9588
0.29  -94.4116  111.37  16.9582
0.295  -93.8303  110.789  16.9589
0.3  -93.1623  110.123  16.9607
0.305  -92.4881  109.45  16.9616
0.31  -91.8778  108.839  16.9613
0.315  -92.373  108.333  15.96
0.32  -92.9766  107.935  14.9582
0.325  -88.6546  107.611  18.9568
0.33  -87.3687  107.324  19.9557
0.335  -86.0949  107.051  20.9559
0.34  -85.8057  106.762  20.9563
0.345  -85.4823  106.439  20.957
0.35  -86.1315  106.09  19.9582
0.355  -85.7761  105.736  19.9597
0.36  -83.4435  105.405  21.962
0.365  -84.1568  105.119  20.9619
0.37  -84.9156  104.878  19.9619
0.375  -82.6996  104.661  21.9619
0.38  -84.4881  104.449  19.9607
0.385  -84.256  104.216  19.9603
0.39  -81.9887  103.95  21.9612
0.395  -85.7069  103.668  17.9612
0.4  -89.4446  103.406  13.9617
0.405  -87.2549  103.218  15.9629
0.41  -85.207  103.171  17.9637
0.415  -85.3515  103.315  17.9632
0.42  -86.709  103.67  16.9612
0.425  -87.2639  104.222  16.9584
0.43  -91.9617  104.916  12.9543
0.435  -94.7178  105.668  10.9503
0.44  -95.4355  106.383  10.9474
0.445  -99.034  106.979  7.9452
0.45  -100.469  107.414  6.9443
0.455  -97.735  107.68  9.94463
0.46  -101.842  107.787  5.94482
0.465  -100.808  107.753  6.94542
0.47  -100.662  107.608  6.94593
0.475  -100.428  107.376  6.94746
0.48  -104.109  107.057  2.9478
0.485  -103.693  106.641  2.94791
0.49  -101.195  106.143  4.94846
0.495  -99.6308  105.581  5.95061
0.5  -97.0292  104.982  7.95322
0.505  -94.4312  104.387  9.95569
0.51  -91.875  103.832  11.957
0.515  -90.3911  103.35  12.9586
0.52  -89.0047  102.965  13.9601
0.525  -88.7389  102.7  13.9607
0.53  -90.6004  102.562  11.9612
0.535  -93.5889  102.55  8.9612
0.54  -91.6928  102.654  10.9613
0.545  -90.8951  102.855  11.9603
0.55  -91.1593  103.117  11.9574
0.555  -91.4363  103.392  11.9553
0.56  -92.6784  103.631  10.9528
0.565  -94.8317  103.782  8.95066
0.57  -92.8599  103.81  10.9502
0.575  -92.7594  103.709  10.95
0.58  -92.566  103.516  10.9504
0.585  -94.3452  103.296  8.9511
0.59  -95.1824  103.134  7.95158
0.595  -93.1597  103.111  9.9512
0.6  -92.3309  103.281  10.9497
0.605  -91.7071  103.655  11.948
0.61  -90.269  104.214  13.9453
0.615  -87.9817  104.925  16.9431
0.62  -92.791  105.73  12.9387
0.625  -94.6075  106.542  11.935
0.63  -96.3432  107.275  10.9317
0.635  -96.9242  107.855  10.9312
0.64  -96.2992  108.231  11.9314
0.645  -95.4421  108.375  12.9324
0.65  -92.3531  108.287  15.9343
0.655  -92.0498  107.987  15.9376
0.66  -89.5538  107.494  17.9405
0.665  -87.9107  106.855  18.9442
0.67  -87.1764  106.124  18.9473
0.675  -87.398  105.349  17.9509
0.68  -88.6199  104.574  15.9538
0.685  -83.8781  103.836  19.9576
0.69  -85.2255  103.185  17.9599
0.695  -87.6985  102.66  14.9611
0.7  -86.328  102.291  15.9633
0.705  -86.1473  102.112  15.9645
0.71  -84.1836  102.149  17.965
0.715  -87.4521  102.416  14.9643
0.72  -88.9283  102.89  13.9621
0.725  -88.5575  103.517  14.9591
0.73  -87.2578  104.213  16.955
0.735  -83.9336  104.885  20.9516
0.74  -85.4933  105.442  19.9484
0.745  -88.8734  105.819  16.9454
0.75  -89.0354  105.979  16.9441
0.755  -92.9776  105.921  12.9434
0.76  -89.719  105.664  15.9448
0.765  -90.3061  105.252  14.9464
0.77  -86.7834  104.732  17.9489
0.775  -82.2003  104.152  21.9515
0.78  -79.6137  103.568  23.9539
0.785  -77.0714  103.028  25.9569
0.79  -74.634  102.594  27.9599
0.795  -76.3692  102.33  25.9611
0.8  -78.3092  102.271  23.9618
0.805  -78.4568  102.418  23.9614
0.81  -81.7923  102.752  20.9598
0.815  -84.2781  103.237  18.9588
0.82  -83.8766  103.836  19.9589
0.825  -85.5571  104.515  18.9584
0.83  -84.2838  105.242  20.9587
0.835  -87.0205  105.979  18.958
0.84  -88.7257  106.684  17.9579
0.845  -89.3686  107.328  17.9593
0.85  -91.9331  107.894  15.9605
0.855  -91.4093  108.372  16.9624
0.86  -91.8035  108.767  16.9639
0.865  -93.1369  109.102  15.9654
0.87  -96.447  109.413  12.9658
0.875  -92.7332  109.7  16.9672
0.88  -91.9996  109.966  17.9667
0.885  -91.252  110.218  18.9661
0.89  -88.4715  110.436  21.9646
0.895  -93.629  110.59  16.9613
0.9  -91.656  110.616  18.9597
0.905  -91.4854  110.444  18.9582
0.91  -91.0618  110.019  18.9567
0.915  -89.3266  109.283  19.9565
0.92  -86.2547  108.212  21.9575
0.925  -83.8638  106.823  22.9593
0.93  -82.1968  105.158  22.9613
0.935  -79.3167  103.281  23.9645
0.94  -77.3243  101.293  23.9689
0.945  -78.3553  99.3293  20.974
0.95  -76.576  97.5559  20.9799
0.955  -74.1804  96.1662  21.9859
0.96  -75.3497  95.3391  19.9894
0.965  -74.1896  95.1789  20.9893
0.97  -71.7122  95.6988  23.9866
0.975  -73.8277  96.8088  22.9811
0.98  -75.3574  98.3316  22.9741
0.985  -79.0924  100.06  20.9678
0.99  -81.8276  101.79  19.9628
0.995  -85.4059  103.365  17.9594
1  -89.7277  104.685  14.9572
1.005  -88.7523  105.709  16.957
1.01  -91.488  106.445  14.9567
1.015  -92.9654  106.923  13.9574
1.02  -94.2191  107.178  12.9584
1.025  -95.2706  107.23  11.9592
1.03  -96.1428  107.105  10.9618
1.035  -99.852  106.814  6.96167
1.04  -98.3759  106.339  7.96285
1.045  -94.696  105.66  10.9637
1.05  -89.7884  104.754  14.9655
1.055  -88.6504  103.619  14.9689
1.06  -88.3202  102.294  13.9736
1.065  -86.8791  100.859  13.98
1.07  -86.4829  99.4698  12.987
1.075  -86.3091  98.3028  11.9937
1.08  -83.4879  97.4864  13.9985
1.085  -82.0872  97.0866  14.9993
1.09  -80.1081  97.1087  17.0006
1.095  -79.5386  97.5403  18.0016
1.1  -80.3791  98.382  18.0029
1.105  -79.6249  99.6238  19.9989
1.11  -79.1774  101.169  21.9919
1.115  -82.8383  102.821  19.983
1.12  -85.3728  104.349  18.9762
1.125  -87.614  105.587  17.9731
1.13  -86.5021  106.476  19.9734
1.135  -89.0863  107.06  17.9732
1.14  -86.4531  107.427  20.9738
1.145  -87.6888  107.662  19.9734
1.15  -86.8228  107.796  20.9731
1.155  -83.8636  107.836  23.9724
1.16  -83.8094  107.779  23.97
1.165  -83.661  107.63  23.9691
1.17  -82.4412  107.409  24.9674
1.175  -83.1682  107.135  23.9667
1.18  -85.876  106.841  20.9653
1.185  -86.6039  106.568  19.9642
1.19  -87.3849  106.347  18.9626
1.195  -88.233  106.193  17.9597
1.2  -85.1337  106.091  20.9577
1.205  -84.0652  106.021  21.9561
1.21  -85.9953  105.951  19.9553
1.215  -88.9123  105.869  16.9563
1.22  -87.8332  105.792  17.9592
1.225  -83.8101  105.774  21.9636
1.23  -88.9148  105.882  16.967
1.235  -88.1734  106.141  17.9675
1.24  -87.5802  106.549  18.9686
1.245  -86.1136  107.082  20.9686
1.25  -86.717  107.684  20.9671
1.255  -87.3087  108.274  20.9648
1.26  -87.801  108.763  20.9621
1.265  -90.1157  109.075  18.959
1.27  -85.1981  109.156  23.9578
1.275  -85.0461  109.003  23.9569
1.28  -85.6968  108.652  22.9547
1.285  -83.215  108.169  24.954
1.29  -83.6962  107.649  23.9529
1.295  -83.2365  107.188  23.9515
1.3  -82.9004  106.85  23.9498
1.305  -82.7031  106.65  23.9471
1.31  -82.5942  106.537  23.9431
1.315  -81.4576  106.399  24.9411
1.32  -79.1621  106.103  26.9405
1.325  -77.6169  105.56  27.9426
1.33  -74.8124  104.76  29.9478
1.335  -70.8208  103.776  32.9552
1.34  -67.7859  102.749  34.9628
1.345  -67.8794  101.849  33.9692
1.35  -66.2519  101.225  34.9734
1.355  -62.9974  100.973  37.976
1.36  -65.1199  101.095  35.9753
1.365  -66.5497  101.523  34.9728
1.37  -67.1833  102.155  34.9721
1.375  -68.941  102.915  33.9738
1.38  -68.7866  103.761  34.9742
1.385  -70.7031  104.674  33.9712
1.39  -73.6379  105.607  31.9695
1.395  -75.522  106.489  30.967
1.4  -80.262  107.225  26.9627
1.405  -82.7401  107.7  24.9596
1.41  -83.8601  107.817  23.9571
1.415  -79.5659  107.525  27.9587
1.42  -75.8933  106.855  30.9621
1.425  -73.9734  105.94  31.967
1.43  -75.0083  104.982  29.9738
1.435  -72.2479  104.229  31.981
1.44  -77.9128  103.895  25.9819
1.445  -78.0812  104.06  25.9787
1.45  -79.6466  104.618  24.9719
1.455  -84.3773  105.343  20.9653
1.46  -83.0277  105.99  22.9627
1.465  -82.4438  106.405  23.9615
1.47  -85.5483  106.51  20.9616
1.475  -85.3045  106.267  20.9625
1.48  -81.7248  105.69  23.9648
1.485  -84.8599  104.827  19.9671
1.49  -81.7977  103.77  21.9726
1.495  -78.7008  102.681  23.9799
1.5  -75.8006  101.787  25.9861
1.505  -78.3377  101.326  22.9888
1.51  -79.4272  101.414  21.9863
1.515  -82.9974  101.977  18.9792
1.52  -84.8159  102.786  17.97
1.525  -85.5858  103.548  17.9626
1.53  -86.0728  104.031  17.9579
1.535  -87.1671  104.124  16.9565
1.54  -87.8844  103.841  15.9562
1.545  -88.3129  103.271  14.9581
1.55  -88.6105  102.571  13.9604
1.555  -88.9642  101.926  12.9619
1.56  -88.539  101.501  12.9617
1.565  -84.4279  101.388  16.9603
1.57  -82.6205  101.576  18.9559
1.575  -86.0234  101.972  15.9491
1.58  -88.4601  102.404  13.9435
1.585  -85.7628  102.704  16.9411
1.59  -85.8505  102.792  16.9418
1.595  -85.7291  102.673  16.9439
1.6  -86.4505  102.397  15.9464
1.605  -84.0824  102.032  17.9494
1.61  -84.6738  101.625  16.9509
1.615  -88.2442  101.193  12.9488
1.62  -86.7749  100.723  13.9485
1.625  -86.2513  100.2  13.9486
1.63  -81.6648  99.6144  17.9496
1.635  -81.0226  98.9714  17.9488
1.64  -81.3183  98.2665  16.9482
1.645  -80.5424  97.4905  16.9481
1.65  -81.6976  96.6463  14.9486
1.655  -77.8058  95.7571  17.9513
1.66  -76.937  94.8932  17.9562
1.665  -75.2383  94.2019  18.9636
1.67  -71.9459  93.9181  21.9722
1.675  -70.3161  94.2926  23.9765
1.68  -70.4636  95.4367  24.9731
1.685  -70.2764  97.2404  26.964
1.69  -72.4795  99.4326  26.9531
1.695  -73.7782  101.724  27.9456
1.7  -74.9777  103.919  28.9409
1.705  -76.9899  105.928  28.9378
1.71  -81.7773  107.713  25.9353
1.715  -82.3106  109.244  26.9337
1.72  -85.5503  110.483  24.933
1.725  -85.4528  111.385  25.9326
1.73  -88.9772  111.911  22.9335
1.735  -88.0992  112.036  23.9364
1.74  -88.8468  111.786  22.9396
1.745  -89.3024  111.248  21.9451
1.75  -89.5962  110.548  20.9517
1.755  -82.8802  109.838  26.9579
1.76  -81.2752  109.236  27.9609
1.765  -77.8112  108.773  30.9614
1.77  -78.444  108.403  29.9588
1.775  -79.0857  108.043  28.9577
1.78  -81.6692  107.626  25.957
1.785  -81.1641  107.121  25.9573
1.79  -82.5709  106.527  23.9556
1.795  -82.8951  105.851  22.9557
1.8  -82.1504  105.104  22.9535
1.805  -80.3394  104.29  23.9511
1.81  -77.4467  103.396  25.9491
1.815  -77.4709  102.419  24.9477
1.82  -78.4368  101.385  22.9484
1.825  -77.407  100.357  22.9501
1.83  -76.4706  99.4232  22.9525
1.835  -76.7212  98.6757  21.9545
1.84  -76.2275  98.1814  21.9539
1.845  -75.0135  97.9686  22.9551
1.85  -78.0862  98.0411  19.9549
1.855  -77.4162  98.3705  20.9543
1.86  -74.9607  98.9141  23.9534
1.865  -75.6602  99.611  23.9509
1.87  -77.415  100.363  22.9482
1.875  -78.1208  101.066  22.945
1.88  -82.6713  101.614  18.9427
1.885  -82.0009  101.945  19.9442
1.89  -84.1562  102.105  17.9485
1.895  -84.2753  102.229  17.9541
1.9  -81.5449  102.505  20.9603
1.905  -84.1196  103.083  18.963
1.91  -84.9926  103.952  18.9592
1.915  -87.9848  104.938  16.9535
1.92  -86.8503  105.8  18.9493
1.925  -89.394  106.342  16.9476
1.93  -87.5363  106.487  18.9508
1.935  -87.3406  106.297  18.9559
1.94  -86.9795  105.943  18.964
1.945  -86.7081  105.681  18.9728
1.95  -88.7983  105.777  16.9782
1.955  -90.4396  106.419  15.9797
1.96  -92.6528  107.627  14.9744
1.965  -95.2614  109.227  13.9657
1.97  -92.9801  110.937  17.9571
1.975  -90.5209  112.471  21.9498
1.98  -92.6422  113.588  20.9459
1.985  -92.1896  114.134  21.944
1.99  -89.097  114.041  24.9443
1.995  -87.3785  113.325  25.9462
2  -91.1127  112.062  20.9492
2.005  -90.4205  110.375  19.9544
2.01  -87.4802  108.44  20.9601
2.015  -86.4931  106.458  19.9653
2.02  -82.6752  104.646  21.9703
2.025  -81.1935  103.167  21.9738
2.03  -85.1283  102.102  16.9738
2.035  -81.4624  101.435  19.9723
2.04  -82.1113  101.08  18.9691
2.045  -81.9267  100.893  18.966
2.05  -82.7636  100.729  17.9651
2.055  -79.5292  100.496  20.9665
2.06  -80.2128  100.182  19.9689
2.065  -80.8825  99.8554  18.9729
2.07  -81.6416  99.6175  17.9758
2.075  -79.574  99.5514  19.9774
2.08  -81.7196  99.696  17.9764
2.085  -85.0624  100.036  14.9732
2.09  -86.5536  100.524  13.9708
2.095  -83.1385  101.108  17.9694
2.1  -86.7807  101.746  14.9657
2.105  -90.4225  102.384  11.9615
2.11  -90.01  102.969  12.9593
2.115  -91.5172  103.474  11.9567
2.12  -87.9451  103.903  15.9574
2.125  -89.3336  104.291  14.9576
2.13  -90.7356  104.693  13.9575
2.135  -92.1857  105.143  12.9569
2.14  -94.6902  105.645  10.9544
2.145  -95.1989  106.151  10.9525
2.15  -92.6694  106.621  13.9512
2.155  -93.069  107.017  13.9484
2.16  -96.367  107.312  10.9453
2.165  -94.5594  107.504  12.9446
2.17  -94.6762  107.62  12.9435
2.175  -96.738  107.678  10.9404
2.18  -100.745  107.683  6.93803
2.185  -97.6746  107.611  9.93655
2.19  -96.5073  107.442  10.9351
2.195  -95.2265  107.16  11.9336
2.2  -93.8307  106.764  12.9328
2.205  -93.3288  106.261  12.9324
2.21  -93.7289  105.661  11.9317
2.215  -94.0346  104.965  10.9305
2.22  -91.2434  104.175  12.9314
2.225  -90.3634  103.295  12.9317
2.23  -90.4056  102.339  11.9332
2.235  -90.406  101.343  10.9367
2.24  -89.4345  100.376  10.9417
2.245  -89.5957  99.5423  9.94655
2.25  -91.9901  98.9398  6.94978
2.255  -92.6792  98.6307  5.95143
2.26  -92.6561  98.6065  5.95039
2.265  -95.8478  98.7955  2.94771
2.27  -91.144  99.091  7.94696
2.275  -94.4649  99.4114  4.94657
2.28  -94.7523  99.6998  4.9475
2.285  -96.9875  99.9371  2.94961
2.29  -97.1907  100.142  2.95096
2.295  -96.3823  100.335  3.95293
2.3  -97.5798  100.534  2.9541
2.305  -96.7808  100.736  3.95549
2.31  -94.9698  100.926  5.95654
2.315  -95.153  101.111  5.95812
2.32  -96.3594  101.319  4.96008
2.325  -95.6315  101.594  5.96283
2.33  -94.0233  101.987  7.96412
2.335  -90.5598  102.524  11.964
2.34  -94.2203  103.182  8.96186
2.345  -94.9266  103.884  8.95759
2.35  -95.5683  104.522  8.95413
2.355  -92.0482  105.001  12.9524
2.36  -97.3095  105.259  7.94921
2.365  -97.3084  105.256  7.94802
2.37  -98.0387  104.986  6.94678
2.375  -95.5114  104.457  8.94583
2.38  -93.7514  103.697  9.94536
2.385  -90.795  102.74  11.9454
2.39  -88.6889  101.635  12.9465
2.395  -92.4909  100.437  7.9465
2.4  -88.2695  99.2178  10.9483
2.405  -87.1137  98.064  10.9503
2.41  -88.0962  97.0482  8.95203
2.415  -85.2694  96.224  10.9546
2.42  -84.6806  95.6372  10.9566
2.425  -84.3664  95.325  10.9586
2.43  -86.3544  95.314  8.95963
2.435  -86.6442  95.6038  8.95969
2.44  -89.1982  96.1566  6.95843
2.445  -88.9373  96.8936  7.95628
2.45  -90.752  97.705  6.95304
2.455  -88.5168  98.4673  9.95054
2.46  -88.1308  99.081  10.9502
2.465  -92.5451  99.4947  6.9496
2.47  -93.7544  99.7049  5.95047
2.475  -91.8098  99.7636  7.95373
2.48  -95.8094  99.7665  3.95706
2.485  -97.8421  99.8015  1.95938
2.49  -95.9876  99.9483  3.96073
2.495  -96.2971  100.258  3.96126
2.5  -97.7561  100.716  2.95945
2.505  -99.306  101.263  1.9568
2.51  -96.8685  101.824  4.95508
2.515  -98.3751  102.327  3.9522
2.52  -98.7567  102.707  3.95024
2.525  -96.9675  102.918  5.95007
2.53  -95.0009  102.951  7.95051
2.535  -93.8874  102.84  8.95295
2.54  -90.697  102.655  11.9576
2.545  -88.5206  102.484  13.9631
2.55  -89.4602  102.428  12.9675
2.555  -92.6139  102.586  9.97198
2.56  -95.0553  103.031  7.97549
2.565  -94.8116  103.787  8.97565
2.57  -94.8776  104.852  9.97412
2.575  -98.1825  106.154  7.97122
2.58  -99.5901  107.557  7.96728
2.585  -100.949  108.912  7.96252
2.59  -99.1244  110.084  10.9599
2.595  -98.0044  110.962  12.9572
2.6  -96.5215  111.478  14.9567
2.605  -92.6716  111.63  18.9581
2.61  -98.4941  111.452  12.9574
2.615  -99.0493  111.01  11.9603
2.62  -94.4533  110.418  15.9644
2.625  -94.8535  109.822  14.9689
2.63  -95.4007  109.371  13.9706
2.635  -91.1934  109.164  17.9706
2.64  -85.2631  109.231  23.9681
2.645  -84.5518  109.516  24.9644
2.65  -86.9508  109.91  22.9597
2.655  -88.3304  110.288  21.9573
2.66  -83.6103  110.568  26.9574
2.665  -82.7729  110.731  27.9583
2.67  -83.8466  110.805  26.9589
2.675  -84.8656  110.825  25.9599
2.68  -87.8604  110.821  22.9607
2.685  -95.853  110.812  14.959
2.69  -93.8307  110.789  16.9582
2.695  -98.7757  110.731  11.9558
2.7  -97.6558  110.61  12.9546
2.705  -95.4601  110.413  14.953
2.71  -92.1617  110.114  17.9523
2.715  -93.7401  109.69  15.95
2.72  -92.1758  109.124  16.9483
2.725  -90.4622  108.41  17.9479
2.73  -88.6144  107.562  18.9481
2.735  -94.6707  106.618  11.9475
2.74  -94.6592  105.609  10.9494
2.745  -93.6356  104.588  10.9524
2.75  -92.667  103.621  10.9536
2.755  -91.7788  102.734  10.9553
2.76  -91.9779  101.934  9.95595
2.765  -91.2448  101.201  9.9565
2.77  -88.5411  100.498  11.9569
2.775  -85.8159  99.7737  13.9578
2.78  -84.0246  98.9843  14.9597
2.785  -80.1495  98.1131  17.9636
2.79  -79.2326  97.2023  17.9696
2.795  -74.3985  96.3772  21.9786
2.8  -76.8444  95.8324  18.988
2.805  -76.7864  95.7805  18.9942
2.81  -79.3825  96.378  16.9955
2.815  -79.6404  97.6323  17.992
2.82  -79.4128  99.3975  19.9847
2.825  -85.4569  101.433  15.9761
2.83  -89.5222  103.491  13.9693
2.835  -93.4314  105.396  11.9645
2.84  -96.0806  107.042  10.9619
2.845  -94.4313  108.392  13.9612
2.85  -96.4989  109.459  12.9599
2.855  -95.3046  110.266  14.9609
2.86  -96.8768  110.834  13.957
2.865  -101.211  111.165  9.95409
2.87  -98.2788  111.233  12.9538
2.875  -98.0926  111.045  12.9521
2.88  -97.63  110.581  12.9513
2.885  -97.8709  109.822  11.951
2.89  -97.8201  108.773  10.9525
2.895  -99.5139  107.468  7.95381
2.9  -97.0117  105.969  8.95723
2.905  -91.4171  104.379  12.9618
2.91  -86.8659  102.833  15.9669
2.915  -87.5173  101.489  13.9719
2.92  -86.5094  100.485  13.9752
2.925  -78.9356  99.9138  20.9782
2.93  -77.8269  99.8045  21.9776
2.935  -79.1139  100.09  20.9757
2.94  -79.669  100.642  20.9733
2.945  -76.3589  101.332  24.9729
2.95  -78.0896  102.063  23.9731
2.955  -78.8114  102.786  23.9751
2.96  -80.5299  103.508  22.9782
2.965  -85.2995  104.279  18.9796
2.97  -83.1658  105.146  21.9799
2.975  -84.1386  106.117  21.9784
2.98  -85.1691  107.144  21.9745
2.985  -86.144  108.113  21.9689
2.99  -81.9377  108.904  26.9658
2.995  -79.4819  109.444  29.9626
3  -82.7288  109.689  26.96
3.005  -85.6687  109.628  23.9591
3.01  -85.3405  109.301  23.9602
3.015  -90.8157  108.776  17.9604
3.02  -89.1492  108.11  18.9612
3.025  -86.3814  107.343  20.9615
3.03  -81.5255  106.487  24.9611
3.035  -77.5625  105.524  27.9614
3.04  -79.4525  104.414  24.9613
3.045  -78.1643  103.127  24.9626
3.05  -73.7065  101.673  27.9666
3.055  -75.1435  100.114  24.9709
3.06  -72.5662  98.5418  25.9756
3.065  -76.0953  97.0758  20.9804
3.07  -73.8504  95.835  21.9846
3.075  -72.9439  94.9327  21.9887
3.08  -72.4799  94.4709  21.9911
3.085  -72.541  94.5332  21.9922
3.09  -71.1661  95.1573  23.9911
3.095  -72.3379  96.3257  23.9877
3.1  -78.9635  97.9441  18.9806
3.105  -83.8608  99.8321  15.9713
3.11  -87.8164  101.781  13.9644
3.115  -87.6318  103.591  15.9596
3.12  -88.1616  105.117  16.9559
3.125  -91.317  106.271  14.9536
3.13  -92.0664  107.02  14.9534
3.135  -94.4297  107.385  12.955
3.14  -96.4756  107.432  10.9566
3.145  -95.2968  107.256  11.9592
3.15  -95.0087  106.971  11.9627
3.155  -98.7238  106.688  7.96417
3.16  -94.525  106.49  11.9653
3.165  -94.4742  106.439  11.965
3.17  -94.5918  106.555  11.9629
3.175  -95.8313  106.791  10.9602
3.18  -97.1126  107.071  9.95797
3.185  -94.3649  107.321  12.9565
3.19  -93.5492  107.504  13.9551
3.195  -92.6485  107.604  14.9551
3.2  -95.6534  107.608  11.9543
3.205  -95.5498  107.504  11.9542
3.21  -90.3341  107.289  16.9549
3.215  -90.0265  106.983  16.9562
3.22  -90.6614  106.62  15.9583
3.225  -90.2828  106.244  15.9611
3.23  -84.961  105.925  20.964
3.235  -79.752  105.719  25.9669
3.24  -77.6851  105.653  27.9677
3.245  -83.7195  105.685  21.9656
3.25  -85.7478  105.712  19.9644
3.255  -87.671  105.635  17.9637
3.26  -90.4187  105.383  14.9644
3.265  -92.972  104.938  11.9661
3.27  -96.3792  104.349  7.97017
3.275  -95.7545  103.73  7.97506
3.28  -96.2517  103.23  6.9788
3.285  -95.0002  102.981  7.98037
3.29  -93.0504  103.029  9.97844
3.295  -96.3605  103.334  6.97391
3.3  -96.8262  103.794  6.96826
3.305  -97.335  104.299  6.96433
3.31  -98.7915  104.753  5.96133
3.315  -98.1359  105.096  6.95983
3.32  -96.3429  105.302  8.95873
3.325  -98.4006  105.358  6.95703
3.33  -100.286  105.241  4.95504
3.335  -98.973  104.927  5.95429
3.34  -98.445  104.4  5.95497
3.345  -99.708  103.664  3.95611
3.35  -97.7774  102.736  4.95912
3.355  -91.7174  101.68  9.96295
3.36  -91.6069  100.574  8.96663
3.365  -89.5124  99.4842  9.97178
3.37  -90.5018  98.4746  7.97279
3.375  -88.598  97.5723  8.97429
3.38  -88.8114  96.7859  7.97444
3.385  -87.1496  96.1251  8.97548
3.39  -88.647  95.6234  6.97632
3.395  -87.3443  95.3212  7.9769
3.4  -89.2687  95.2439  5.97515
3.405  -91.4048  95.3757  3.97097
3.41  -92.6886  95.655  2.96636
3.415  -94.0284  95.99  1.96158
3.42  -94.3318  96.2894  1.95763
3.425  -89.5386  96.4936  6.95506
3.43  -87.6194  96.5721  8.95268
3.435  -87.5868  96.5404  8.95361
3.44  -85.5175  96.4748  10.9573
3.445  -85.5217  96.4816  10.9599
3.45  -88.6872  96.6476  7.96043
3.455  -91.0407  97.0008  5.96005
3.46  -88.5669  97.5264  8.9595
3.465  -91.2154  98.1729  6.95745
3.47  -91.9248  98.8808  6.95601
3.475  -91.6526  99.6078  7.95518
3.48  -93.3758  100.33  6.95398
3.485  -92.0617  101.015  8.95315
3.49  -91.6673  101.619  9.95215
3.495  -90.1318  102.083  11.9514
3.5  -88.4068  102.359  13.9524
3.505  -87.4997  102.456  14.9563
3.51  -85.4894  102.451  16.9617
3.515  -83.5093  102.476  18.9665
3.52  -81.6541  102.622  20.9676
3.525  -80.9207  102.887  21.9662
3.53  -80.2481  103.213  22.9645
3.535  -79.5625  103.528  23.965
3.54  -77.8351  103.802  25.9666
3.545  -77.096  104.065  26.9685
3.55  -79.4015  104.371  24.9693
3.555  -80.7792  104.747  23.9674
3.56  -81.1888  105.153  23.9641
3.565  -85.548  105.508  19.9602
3.57  -86.7613  105.719  18.9578
3.575  -83.7802  105.738  21.9579
3.58  -82.6239  105.583  22.9593
3.585  -82.3562  105.318  22.9616
3.59  -83.0543  105.016  21.9617
3.595  -82.7608  104.723  21.9618
3.6  -85.4716  104.432  18.96
3.605  -86.128  104.086  17.9583
3.61  -89.6746  103.634  13.9594
3.615  -89.122  103.086  13.9641
3.62  -86.6021  102.574  15.9717
3.625  -85.3223  102.301  16.9784
3.63  -84.4589  102.437  17.9784
3.635  -83.0255  102.998  19.9727
3.64  -82.8524  103.816  20.9635
3.645  -86.6775  104.632  17.9545
3.65  -88.2614  105.21  16.9481
3.655  -87.4582  105.404  17.9456
3.66  -83.2377  105.184  21.9462
3.665  -79.656  104.604  24.9485
3.67  -72.8397  103.792  30.952
3.675  -72.9449  102.9  29.9556
3.68  -72.139  102.099  29.9603
3.685  -71.599  101.565  29.9657
3.69  -72.475  101.444  28.9695
3.695  -72.8457  101.816  28.9707
3.7  -73.6908  102.66  28.9697
3.705  -78.9123  103.879  24.9664
3.71  -82.3559  105.32  22.9642
3.715  -86.8619  106.822  19.9598
3.72  -90.2865  108.243  17.9565
3.725  -89.5255  109.479  19.9536
3.73  -93.4909  110.44  16.9493
3.735  -98.081  111.025  12.9438
3.74  -100.196  111.135  10.9388
3.745  -100.75  110.685  9.93485
3.75  -98.714  109.646  10.9316
3.755  -99.1153  108.047  8.93123
3.76  -96.0613  105.993  9.93196
3.765  -96.7304  103.665  6.93427
3.77  -94.3552  101.294  6.93851
3.775  -91.1912  99.1338  7.9426
3.78  -87.4538  97.3988  9.94498
3.785  -89.2496  96.1939  6.94428
3.79  -85.5624  95.506  9.9436
3.795  -84.3051  95.2485  10.9433
3.8  -86.3686  95.3126  8.94399
3.805  -86.6722  95.6186  8.94638
3.81  -87.16  96.1083  8.94827
3.815  -88.7857  96.7351  7.94938
3.82  -88.4885  97.4383  8.9498
3.825  -85.1955  98.1453  12.9499
3.83  -85.8318  98.7822  12.9504
3.835  -84.3451  99.2973  14.9522
3.84  -85.7229  99.678  13.9551
3.845  -85.9974  99.9573  13.9599
3.85  -83.2469  100.214  16.967
3.855  -82.56  100.53  17.9696
3.86  -84.9787  100.948  15.9691
3.865  -83.4897  101.459  17.9692
3.87  -80.037  102.005  21.9675
3.875  -80.5319  102.495  21.9628
3.88  -81.8717  102.832  20.9601
3.885  -80.9561  102.915  21.9593
3.89  -78.7631  102.723  23.9597
3.895  -80.3241  102.285  21.9606
3.9  -77.7056  101.668  23.9625
3.905  -74.002  100.967  26.9645
3.91  -74.3248  100.291  25.9661
3.915  -73.7734  99.7401  25.9667
3.92  -77.4271  99.3926  21.9655
3.925  -79.324  99.2877  19.9637
3.93  -76.4774  99.4407  22.9633
3.935  -77.8983  99.8601  21.9618
3.94  -79.5904  100.552  20.9613
3.945  -81.5608  101.521  19.9598
3.95  -77.7902  102.747  24.9565
3.955  -83.215  104.166  20.9511
3.96  -88.705  105.65  16.9453
3.965  -88.1029  107.045  18.9418
3.97  -88.2828  108.222  19.9396
3.975  -88.1615  109.1  20.9381
3.98  -86.6943  109.632  22.9374
3.985  -82.8666  109.804  26.9374
3.99  -82.686  109.623  26.9366
3.995  -84.1624  109.099  24.9362
4  -79.3258  108.261  28.9356
4.005  -78.2099  107.147  28.9366
4.01  -74.8807  105.819  30.9387
4.015  -76.4299  104.37  27.9399
4.02  -76.94  102.881  25.9409
4.025  -76.4579  101.4  24.9425
4.03  -75.9977  99.9417  23.944
4.035  -73.5711  98.5199  24.9488
4.04  -72.2661  97.2242  24.9581
4.045  -71.3153  96.2871  24.9718
4.05  -71.066  96.0481  24.9821
4.055  -74.7719  96.7531  21.9812
4.06  -73.3531  98.3229  24.9698
4.065  -75.404  100.358  24.9539
4.07  -76.3996  102.34  25.9403
4.075  -77.9175  103.851  25.9338
4.08  -79.7541  104.687  24.9328
4.085  -78.9026  104.839  25.936
4.09  -75.4954  104.436  28.9406
4.095  -75.7237  103.668  27.9445
4.1  -73.7661  102.713  28.9467
4.105  -75.7436  101.691  25.9477
4.11  -73.7174  100.665  26.9476
4.115  -75.7333  99.6808  23.9475
4.12  -71.8431  98.7924  26.9493
4.125  -69.1382  98.0897  28.9515
4.13  -67.7313  97.6851  29.9538
4.135  -68.7074  97.6624  28.955
4.14  -68.0742  98.0301  29.956
4.145  -70.771  98.7264  27.9554
4.15  -75.6892  99.644  23.9548
4.155  -76.7125  100.669  23.9566
4.16  -77.7742  101.732  23.9579
4.165  -79.8485  102.808  22.9598
4.17  -81.9403  103.902  21.9621
4.175  -80.0675  105.03  24.9622
4.18  -83.2018  106.162  22.9604
4.185  -83.2711  107.229  23.9578
4.19  -90.1975  108.151  17.9533
4.195  -90.8788  108.829  17.9507
4.2  -92.2373  109.185  16.9476
4.205  -93.2219  109.167  15.9451
4.21  -99.8154  108.758  8.94232
4.215  -97.0291  107.972  10.9428
4.22  -94.9475  106.892  11.9446
4.225  -90.708  105.656  14.9478
4.23  -90.5006  104.453  13.9519
4.235  -88.5296  103.484  14.9548
4.24  -91.9208  102.875  10.9544
4.245  -90.6765  102.629  11.9524
4.25  -88.7044  102.655  13.9505
4.255  -88.8645  102.814  13.9498
4.26  -88.0525  103.004  14.952
4.265  -84.234  103.191  18.9567
4.27  -86.4462  103.407  16.961
4.275  -87.7492  103.713  15.9642
4.28  -85.1893  104.155  18.9657
4.285  -83.773  104.738  20.9653
4.29  -86.4559  105.418  18.9624
4.295  -88.143  106.102  17.9589
4.3  -89.7341  106.69  16.9561
4.305  -87.1677  107.123  19.9552
4.31  -88.4219  107.377  18.9553
4.315  -86.5109  107.466  20.9555
4.32  -84.4606  107.417  22.9563
4.325  -87.2941  107.248  19.9543
4.33  -88.0015  106.955  18.9533
4.335  -85.5725  106.526  20.954
4.34  -86.998  105.954  18.9556
4.345  -80.2903  105.25  24.9602
4.35  -81.4909  104.456  22.9648
4.355  -80.6715  103.642  22.9704
4.36  -78.9217  102.898  23.9761
4.365  -79.3122  102.292  22.9797
4.37  -81.8533  101.834  19.9805
4.375  -81.4822  101.463  19.9805
4.38  -80.1238  101.104  20.9804
4.385  -81.7465  100.727  18.9805
4.39  -80.3719  100.353  19.9815
4.395  -78.0562  100.038  21.9816
4.4  -76.8692  99.8504  22.9812
4.405  -80.8584  99.8368  18.9785
4.41  -85.0044  99.978  14.9736
4.415  -86.2212  100.191  13.9696
4.42  -86.3949  100.36  13.9654
4.425  -86.4027  100.365  13.9628
4.43  -86.1624  100.125  13.9629
4.435  -85.6891  99.655  13.9659
4.44  -83.1117  99.0831  15.9714
4.445  -79.6095  98.5853  18.9758
4.45  -78.328  98.3034  19.9755
4.455  -79.3097  98.2825  18.9728
4.46  -80.5351  98.5068  17.9717
4.465  -78.9963  98.9703  19.974
4.47  -82.7433  99.7187  16.9753
4.475  -82.8425  100.82  17.9773
4.48  -87.3397  102.316  14.9761
4.485  -88.1952  104.168  15.9729
4.49  -90.2748  106.242  15.967
4.495  -96.3854  108.346  11.9605
4.5  -95.3278  110.283  14.9552
4.505  -96.9374  111.888  14.9503
4.51  -99.0953  113.042  13.9463
4.515  -100.737  113.682  12.945
4.52  -100.847  113.789  12.9423
4.525  -102.422  113.362  10.9402
4.53  -100.483  112.423  11.9398
4.535  -99.0789  111.02  11.9408
4.54  -99.2847  109.227  9.94177
4.545  -96.1986  107.143  10.9449
4.55  -92.9506  104.9  11.9493
4.555  -85.6922  102.647  16.9548
4.56  -84.5761  100.535  15.9592
4.565  -84.7219  98.6843  13.9625
4.57  -82.1929  97.1585  14.9656
4.575  -82.022  95.9899  13.9679
4.58  -78.2002  95.1703  16.9701
4.585  -79.7244  94.6954  14.9709
4.59  -82.5921  94.5638  11.9717
4.595  -84.7918  94.7624  9.97065
4.6  -83.2858  95.2545  11.9686
4.605  -82.9974  95.9625  12.9651
4.61  -83.8066  96.7671  12.9606
4.615  -89.5716  97.5273  7.95563
4.62  -90.1676  98.1212  7.95357
4.625  -90.5335  98.4867  7.95313
4.63  -88.6769  98.6314  9.95458
4.635  -89.6666  98.6227  8.95614
4.64  -91.5862  98.5433  6.95715
4.645  -93.4983  98.4558  4.95749
4.65  -94.4302  98.3875  3.95727
4.655  -89.3796  98.3367  8.95716
4.66  -87.3348  98.291  10.9561
4.665  -90.2564  98.2119  7.9555
4.67  -85.1189  98.0754  12.9565
4.675  -82.9405  97.8999  14.9594
4.68  -80.7764  97.7395  16.9632
4.685  -79.7186  97.6857  17.9671
4.69  -78.8573  97.8265  18.9692
4.695  -81.2322  98.2016  16.9694
4.7  -79.8229  98.7907  18.9678
4.705  -84.5689  99.5348  14.9658
4.71  -83.4085  100.372  16.9637
4.715  -82.3005  101.264  18.9633
4.72  -81.236  102.2  20.9638
4.725  -83.2107  103.173  19.9623
4.73  -80.2061  104.167  23.9613
4.735  -82.2062  105.165  22.9589
4.74  -83.1773  106.135  22.9574
4.745  -83.0703  107.026  23.9553
4.75  -88.8394  107.792  18.9527
4.755  -89.4342  108.386  18.9516
4.76  -90.8268  108.778  17.9509
4.765  -90.9957  108.946  17.9506
4.77  -94.9335  108.883  13.9492
4.775  -90.6565  108.607  17.951
4.78  -90.2128  108.165  17.9517
4.785  -87.6446  107.598  19.9532
4.79  -86.9993  106.952  19.9532
4.795  -86.3145  106.267  19.9526
4.8  -84.6106  105.563  20.9528
4.805  -83.9095  104.861  20.9512
4.81  -86.2192  104.167  17.9481
4.815  -83.5338  103.48  19.9466
4.82  -81.8775  102.823  20.9456
4.825  -82.2895  102.233  19.9437
4.83  -82.7943  101.736  18.9419
4.835  -80.3979  101.339  20.9413
4.84  -80.1053  101.045  20.9394
4.845  -80.8939  100.832  19.9379
4.85  -82.7311  100.668  17.9372
4.855  -84.5858  100.522  15.9367
4.86  -84.4349  100.373  15.938
4.865  -83.2763  100.216  16.9392
4.87  -81.1172  100.058  18.941
4.875  -82.9691  99.9117  16.9427
4.88  -83.8383  99.7826  15.9443
4.885  -83.7321  99.6786  15.9465
4.89  -82.6706  99.6202  16.9496
4.895  -84.6778  99.6302  14.9524
4.9  -82.7764  99.7327  16.9563
4.905  -85.0079  99.9666  14.9587
4.91  -87.394  100.355  12.9606
4.915  -89.9357  100.899  10.9629
4.92  -91.6206  101.584  9.96329
4.925  -92.4114  102.375  9.9635
4.93  -91.2608  103.224  11.9634
4.935  -92.1209  104.082  11.9614
4.94  -96.929  104.888  7.95882
4.945  -93.6299  105.59  11.9597
4.95  -95.1908  106.15  10.9596
4.955  -88.5654  106.527  17.9612
4.96  -85.7146  106.676  20.9611
4.965  -87.6006  106.561  18.9609
4.97  -89.2061  106.167  16.9614
4.975  -90.5376  105.498  14.9609
4.98  -91.6189  104.581  12.9618
4.985  -93.5004  103.463  9.96298
4.99  -92.2587  102.224  9.96516
4.995  -90.9921  100.96  9.9676
5  -88.8128  99.7821  10.9693
5.005  -84.8197  98.7901  13.9705
5.01  -81.0799  98.0519  16.972
5.015  -80.611  97.5819  16.9709
5.02  -78.3736  97.3432  18.9695
5.025  -77.3149  97.2841  19.9692
5.03  -80.4055  97.3746  16.9691
5.035  -80.638  97.609  16.9709
5.04  -82.0553  98.0286  15.9733
5.045  -81.7225  98.6971  16.9747
5.05  -86.6632  99.6362  12.9729
5.055  -86.8222  100.792  13.9695
5.06  -91.0888  102.053  10.9645
5.065  -91.3148  103.275  11.96
5.07  -90.3734  104.331  13.958
5.075  -90.1911  105.147  14.9559
5.08  -89.7417  105.698  15.9562
5.085  -90.0511  106.008  15.9566
5.09  -89.1788  106.136  16.9576
5.095  -89.1897  106.149  16.9593
5.1  -91.1484  106.109  14.9603
5.105  -90.0914  106.053  15.9615
5.11  -92.0227  105.984  13.9609
5.115  -91.9181  105.877  13.9592
5.12  -92.7218  105.679  12.9576
5.125  -89.3562  105.313  15.9572
5.13  -83.7695  104.729  20.9591
5.135  -79.9788  103.942  23.9636
5.14  -78.0851  103.054  24.969
5.145  -79.2456  102.221  22.9756
5.15  -77.6507  101.633  23.9818
5.155  -75.4889  101.474  25.9846
5.16  -79.8657  101.849  21.9836
5.165  -80.7745  102.755  21.9809
5.17  -84.112  104.087  19.9747
5.175  -83.6925  105.661  21.9688
5.18  -82.3106  107.275  24.9644
5.185  -83.7834  108.743  24.9592
5.19  -85.9569  109.913  23.9564
5.195  -88.7367  110.693  21.9559
5.2  -88.1015  111.06  22.9584
5.205  -87.1088  111.072  23.9627
5.21  -84.8847  110.852  25.9677
5.215  -82.5755  110.548  27.9727
5.22  -81.3027  110.276  28.9733
5.225  -86.0945  110.064  23.9699
5.23  -89.9068  109.874  19.9668
5.235  -90.6679  109.632  18.9643
5.24  -91.317  109.279  17.9618
5.245  -93.8079  108.767  14.9595
5.25  -89.1097  108.069  18.959
5.255  -84.2456  107.205  22.959
5.26  -85.2489  106.208  20.9589
5.265  -85.1462  105.105  19.959
5.27  -80.9774  103.938  22.9605
5.275  -80.8041  102.767  21.9625
5.28  -81.7002  101.665  19.9646
5.285  -74.738  100.707  25.9689
5.29  -74.9938  99.9651  24.9713
5.295  -74.5001  99.4735  24.9735
5.3  -76.2711  99.2468  22.9757
5.305  -79.3269  99.3057  19.9788
5.31  -79.6884  99.6697  19.9813
5.315  -81.3489  100.33  18.9814
5.32  -83.2507  101.231  17.9802
5.325  -87.3001  102.278  14.9778
5.33  -93.3828  103.358  9.97506
5.335  -94.37  104.343  9.97285
5.34  -97.1494  105.12  7.97104
5.345  -96.6381  105.609  8.97098
5.35  -95.817  105.791  9.97359
5.355  -97.7379  105.714  7.97624
5.36  -98.4882  105.467  6.97867
5.365  -98.1704  105.151  6.98077
5.37  -96.8799  104.861  7.98112
5.375  -93.659  104.639  10.9805
5.38  -93.4903  104.468  10.9775
5.385  -88.3121  104.287  15.9754
5.39  -87.0759  104.05  16.974
5.395  -89.7377  103.71  13.9723
5.4  -85.2812  103.255  17.9735
5.405  -84.7296  102.704  17.9744
5.41  -82.0946  102.07  19.9755
5.415  -80.406  101.383  20.9767
5.42  -79.6997  100.678  20.9783
5.425  -81.0046  99.9843  18.9796
5.43  -79.3471  99.3286  19.9814
5.435  -80.7646  98.7467  17.9821
5.44  -76.3043  98.2892  21.9848
5.445  -75.0213  98.008  22.9868
5.45  -74.9613  97.9499  22.9886
5.455  -73.1733  98.1634  24.9901
5.46  -69.7012  98.6916  28.9904
5.465  -70.5471  99.534  28.987
5.47  -70.6316  100.613  29.9815
5.475  -68.8263  101.803  32.9762
5.48  -69.9983  102.969  32.9708
5.485  -70.0509  104.018  33.9669
5.49  -67.9561  104.922  36.9659
5.495  -74.7676  105.733  30.9659
5.5  -73.5658  106.532  32.9659
5.505  -79.4392  107.404  27.965
5.51  -77.4218  108.386  30.9639
5.515  -81.4983  109.459  27.9611
5.52  -82.5954  110.552  27.9568
5.525  -82.6003  111.554  28.9536
5.53  -84.4106  112.363  27.9521
5.535  -81.9618  112.914  30.9526
5.54  -83.2406  113.194  29.9533
5.545  -82.2719  113.228  30.9563
5.55  -83.1256  113.084  29.9583
5.555  -85.8639  112.823  26.9589
5.56  -83.5316  112.492  28.96
5.565  -80.1605  112.121  31.9608
5.57  -80.7603  111.72  30.9598
5.575  -77.3286  111.288  33.959
5.58  -75.862  110.82  34.9583
5.585  -77.359  110.317  32.9582
5.59  -80.8292  109.787  28.9578
5.595  -79.2915  109.25  29.9588
5.6  -75.7924  108.752  32.9598
5.605  -77.3795  108.339  30.9596
5.61  -76.0739  108.033  31.9592
5.615  -78.884  107.842  28.9581
5.62  -78.8107  107.768  28.9569
5.625  -82.8403  107.794  24.9539
5.63  -83.9347  107.886  23.9511
5.635  -83.0509  108  24.9491
5.64  -84.1554  108.103  23.948
5.645  -83.2363  108.183  24.9467
5.65  -82.2956  108.241  25.9458
5.655  -84.3429  108.287  23.9444
5.66  -83.3831  108.326  24.9434
5.665  -85.4256  108.368  22.9422
5.67  -87.4794  108.42  20.9411
5.675  -85.5336  108.474  22.9402
5.68  -86.5806  108.519  21.9382
5.685  -87.5815  108.517  20.936
5.69  -86.482  108.416  21.9342
5.695  -85.1969  108.13  22.9332
5.7  -85.6187  107.551  21.9328
5.705  -84.6624  106.598  21.9358
5.71  -83.3514  105.297  21.9461
5.715  -81.9024  103.863  21.9608
5.72  -80.7044  102.679  21.9742
5.725  -80.1376  102.117  21.9791
5.73  -83.3126  102.285  18.9724
5.735  -85.0159  102.979  17.9626
5.74  -85.9247  103.881  17.9563
5.745  -88.8174  104.772  15.9545
5.75  -86.6317  105.587  18.9551
5.755  -92.3864  106.341  13.9547
5.76  -94.0911  107.045  12.9542
5.765  -92.7252  107.679  14.9537
5.77  -91.2431  108.197  16.9535
5.775  -93.5839  108.537  14.9529
5.78  -94.6896  108.643  13.9532
5.785  -95.5516  108.509  12.9577
5.79  -93.2281  108.191  14.963
5.795  -94.8417  107.81  12.9687
5.8  -94.5412  107.514  12.9726
5.805  -93.4452  107.419  13.9738
5.81  -88.5963  107.57  18.9736
5.815  -88.9389  107.906  18.967
5.82  -90.3159  108.276  17.9602
5.825  -90.5548  108.509  17.9545
5.83  -87.5163  108.467  20.9507
5.835  -90.1363  108.084  17.9476
5.84  -90.3905  107.337  16.9468
5.845  -91.3201  106.268  14.9483
5.85  -90.0179  104.968  14.9506
5.855  -88.5956  103.549  14.9533
5.86  -86.1461  102.102  15.9557
5.865  -83.7314  100.689  16.9575
5.87  -82.3564  99.3151  16.9588
5.875  -79.9946  97.9546  17.96
5.88  -74.6257  96.5884  21.9626
5.885  -73.2791  95.2466  21.9674
5.89  -72.0421  94.0149  21.9728
5.895  -68.0292  93.0082  24.9789
5.9  -66.3594  92.3428  25.9833
5.905  -68.1233  92.1089  23.9855
5.91  -67.3662  92.353  24.9869
5.915  -69.1102  93.0954  23.9852
5.92  -69.3374  94.3202  24.9828
5.925  -72.9847  95.9636  22.9788
5.93  -71.9418  97.9142  25.9724
5.935  -77.0363  100.001  22.9644
5.94  -79.0424  102.001  22.9587
5.945  -76.7891  103.745  26.9555
5.95  -78.1894  105.144  26.9544
5.955  -78.2167  106.172  27.9552
5.96  -76.8989  106.857  29.958
5.965  -80.3089  107.269  26.9599
5.97  -80.5143  107.476  26.9617
5.975  -80.5605  107.523  26.9629
5.98  -78.4793  107.444  28.9648
5.985  -79.3048  107.27  27.9651
5.99  -80.0664  107.032  26.9655
5.995  -77.8127  106.781  28.9681
6  -82.5991  106.567  23.968
6.005  -83.4404  106.408  22.9675
6.01  -83.3446  106.311  22.9662
6.015  -83.2874  106.251  22.9637
6.02  -85.2095  106.169  20.9591
6.025  -86.0247  105.982  19.957
6.03  -84.6888  105.646  20.9574
6.035  -87.203  105.159  17.9562
6.04  -86.5689  104.526  17.9573
6.045  -82.8142  103.774  20.9597
6.05  -82.9861  102.948  19.9619
6.055  -83.1289  102.094  18.9648
6.06  -82.2975  101.265  18.9678
6.065  -80.5471  100.516  19.969
6.07  -79.9216  99.8915  19.9699
6.075  -78.4436  99.4142  20.9706
6.08  -76.1146  99.0854  22.9708
6.085  -72.9318  98.9032  25.9715
6.09  -71.8989  98.8714  26.9726
6.095  -72.0254  98.9989  26.9734
6.1  -71.3224  99.2969  27.9745
6.105  -71.8001  99.774  27.9739
6.11  -73.452  100.425  26.9725
6.115  -81.237  101.207  19.9697
6.12  -84.0827  102.05  17.967
6.125  -83.9207  102.886  18.9651
6.13  -86.7074  103.671  16.9633
6.135  -85.4146  104.376  18.961
6.14  -89.0152  104.974  15.9588
6.145  -88.4779  105.434  16.9563
6.15  -90.7733  105.727  14.9534
6.155  -92.8734  105.825  12.9516
6.16  -91.7691  105.72  13.9513
6.165  -88.486  105.439  16.9527
6.17  -86.0869  105.041  18.9544
6.175  -82.6504  104.606  21.9558
6.18  -81.2429  104.2  22.9571
6.185  -80.906  103.865  22.9587
6.19  -79.6513  103.611  23.9598
6.195  -80.4619  103.422  22.9596
6.2  -83.291  103.25  19.9591
6.205  -84.1026  103.063  18.9602
6.21  -85.9072  102.869  16.9619
6.215  -82.7516  102.716  19.9647
6.22  -82.7189  102.685  19.966
6.225  -86.8778  102.843  15.9655
6.23  -88.2418  103.206  14.9646
6.235  -87.7905  103.754  15.9631
6.24  -86.4792  104.44  17.9605
6.245  -87.2427  105.2  17.9578
6.25  -91.0106  105.965  14.9547
6.255  -94.7008  106.652  11.9516
6.26  -96.2501  107.199  10.9489
6.265  -96.6122  107.558  10.946
6.27  -92.7388  107.684  14.9452
6.275  -89.5925  107.535  17.9429
6.28  -88.1457  107.087  18.9411
6.285  -88.3943  106.335  17.9407
6.29  -87.3632  105.306  17.9423
6.295  -87.1234  104.068  16.945
6.3  -87.7844  102.733  14.949
6.305  -89.4901  101.443  11.9532
6.31  -85.3984  100.357  14.9587
6.315  -84.6587  99.6219  14.9632
6.32  -87.3636  99.3289  11.9653
6.325  -88.5135  99.4786  10.9651
6.33  -89.0262  99.9904  10.9642
6.335  -88.7762  100.739  11.963
6.34  -85.6291  101.592  15.9632
6.345  -84.4844  102.448  17.9635
6.35  -86.2728  103.237  16.9638
6.355  -85.9698  103.936  17.9663
6.36  -90.5874  104.555  13.9673
6.365  -92.1269  105.094  12.9674
6.37  -94.5921  105.558  10.9662
6.375  -95.9571  105.922  9.96522
6.38  -96.1877  106.153  9.96482
6.385  -93.2675  106.233  12.9657
6.39  -94.2117  106.177  11.9656
6.395  -94.0456  106.012  11.9667
6.4  -92.8069  105.774  12.9671
6.405  -94.5292  105.495  10.9657
6.41  -90.2381  105.203  14.9651
6.415  -89.946  104.909  14.9628
6.42  -92.6277  104.589  11.961
6.425  -92.2539  104.214  11.9605
6.43  -90.8049  103.764  12.9592
6.435  -88.2678  103.226  14.9583
6.44  -87.6228  102.58  14.9576
6.445  -87.8576  101.816  13.9586
6.45  -83.991  100.952  16.9613
6.455  -86.0731  100.037  13.9636
6.46  -87.1767  99.144  11.9673
6.465  -89.3993  98.3709  8.97165
6.47  -86.8488  97.825  10.9762
6.475  -88.6368  97.6159  8.97912
6.48  -85.8297  97.8098  11.9802
6.485  -86.4126  98.39  11.9774
6.49  -88.2664  99.2385  10.972
6.495  -88.2107  100.178  11.967
6.5  -91.0693  101.032  9.96275
6.505  -89.7153  101.676  11.9611
6.51  -89.115  102.077  12.9622
6.515  -89.3213  102.284  12.9626
6.52  -92.4179  102.38  9.96197
6.525  -94.488  102.449  7.96147
6.53  -97.5851  102.545  4.95977
6.535  -97.7097  102.667  4.95716
6.54  -100.829  102.783  1.95336
6.545  -100.884  102.834  1.9498
6.55  -92.8195  102.768  9.94846
6.555  -94.6281  102.573  7.9453
6.56  -91.2969  102.241  10.9436
6.565  -87.8286  101.772  13.9432
6.57  -84.2553  101.199  16.9436
6.575  -85.6179  100.561  14.9436
6.58  -86.9667  99.9118  12.9451
6.585  -83.365  99.3126  15.9476
6.59  -85.88  98.8282  12.9481
6.595  -87.551  98.5003  10.9493
6.6  -88.4085  98.3585  9.95006
6.605  -90.4486  98.3974  7.94885
6.61  -90.623  98.5712  7.94824
6.615  -89.8647  98.8115  8.94687
6.62  -87.0691  99.0157  11.9467
6.625  -88.1393  99.0862  10.9469
6.63  -88.0202  98.9706  10.9504
6.635  -84.7513  98.708  13.9567
6.64  -86.4685  98.4313  11.9629
6.645  -87.338  98.3061  10.9681
6.65  -89.5016  98.4705  8.96895
6.655  -89.97  98.9359  8.96587
6.66  -91.6149  99.5752  7.9603
6.665  -90.226  100.181  9.955
6.67  -90.5852  100.536  9.95047
6.675  -89.5303  100.481  10.9502
6.68  -86.9786  99.9299  12.9513
6.685  -86.9028  98.8573  11.9544
6.69  -85.3595  97.3212  11.9617
6.695  -83.5341  95.5067  11.9725
6.7  -79.7559  93.7417  13.9858
6.705  -75.4305  92.4277  16.9972
6.71  -71.8965  91.8976  20.0011
6.715  -67.2648  92.2628  24.998
6.72  -65.39  93.38  27.9901
6.725  -67.9593  94.942  26.9827
6.73  -73.6816  96.6595  22.9778
6.735  -76.373  98.3477  21.9747
6.74  -74.9435  99.9164  24.9729
6.745  -79.347  101.317  21.9697
6.75  -82.54  102.507  19.9669
6.755  -79.4997  103.465  23.9653
6.76  -79.2609  104.225  24.9641
6.765  -77.8917  104.857  26.9658
6.77  -83.5012  105.463  21.9622
6.775  -86.1517  106.11  19.9588
6.78  -84.874  106.83  21.9564
6.785  -84.6917  107.643  22.9516
6.79  -89.5605  108.507  18.9467
6.795  -88.3852  109.327  20.9416
6.8  -89.036  109.973  20.9367
6.805  -88.3723  110.305  21.9331
6.81  -87.2837  110.215  22.931
6.815  -88.712  109.643  20.9308
6.82  -86.6747  108.607  21.9324
6.825  -87.2673  107.203  19.9353
6.83  -85.615  105.555  19.9396
6.835  -82.8852  103.829  20.9437
6.84  -79.2398  102.186  22.9467
6.845  -78.8086  100.757  21.9486
6.85  -77.6826  99.6325  21.9499
6.855  -78.9152  98.8658  19.9506
6.86  -72.5295  98.4823  25.9528
6.865  -74.5324  98.4863  23.954
6.87  -76.8913  98.8469  21.9557
6.875  -80.5759  99.5333  18.9574
6.88  -79.5503  100.509  20.9589
6.885  -83.7638  101.722  17.9583
6.89  -86.1196  103.076  16.9563
6.895  -86.4729  104.427  17.9542
6.9  -88.6657  105.616  16.9505
6.905  -92.5586  106.506  13.9474
6.91  -93.0687  107.016  13.9473
6.915  -90.2023  107.152  16.9493
6.92  -90.0414  106.994  16.9531
6.925  -92.7146  106.671  13.9559
6.93  -92.3628  106.321  13.9577
6.935  -93.091  106.047  12.9562
6.94  -87.9149  105.87  17.955
6.945  -88.7809  105.731  16.9501
6.95  -90.5859  105.532  14.9463
6.955  -91.2446  105.19  13.945
6.96  -89.7446  104.69  14.9451
6.965  -90.1235  104.071  13.9471
6.97  -84.4569  103.406  18.9495
6.975  -81.8248  102.775  20.9503
6.98  -82.2504  102.201  19.9509
6.985  -84.7203  101.673  16.9525
6.99  -82.2396  101.197  18.9574
6.995  -81.878  100.841  18.9628
7  -85.7446  100.711  14.9664
7.005  -84.9159  100.885  15.9686
7.01  -86.3936  101.361  14.9674
7.015  -87.0755  102.041  14.9652
7.02  -87.8164  102.78  14.9639
7.025  -86.4984  103.461  16.9627
7.03  -89.034  103.996  14.9625
7.035  -90.3466  104.309  13.9625
7.04  -89.3982  104.361  14.9626
7.045  -87.1882  104.151  16.9625
7.05  -84.7106  103.674  18.9635
7.055  -84.9621  102.927  17.9647
7.06  -80.9531  101.921  20.9676
7.065  -76.7346  100.707  23.9722
7.07  -75.4164  99.3929  23.9765
7.075  -74.1412  98.1242  23.9831
7.08  -71.1019  97.0923  25.9904
7.085  -73.4997  96.4933  22.9936
7.09  -70.4527  96.4469  25.9942
7.095  -69.9567  96.9464  26.9897
7.1  -72.8543  97.8371  24.9828
7.105  -74.9238  98.9007  23.9768
7.11  -75.9787  99.9518  23.9731
7.115  -78.9154  100.887  21.9713
7.12  -82.6999  101.671  18.9709
7.125  -87.3426  102.312  14.9697
7.13  -87.8707  102.839  14.9687
7.135  -89.3081  103.275  13.9673
7.14  -89.6674  103.633  13.966
7.145  -93.9803  103.945  9.96513
7.15  -93.3101  104.277  10.9665
7.155  -94.7692  104.737  9.96769
7.16  -98.4577  105.425  6.96697
7.165  -96.3914  106.356  9.96421
7.17  -97.478  107.437  9.95893
7.175  -97.5456  108.499  10.9537
7.18  -100.388  109.337  8.94908
7.185  -99.8115  109.759  9.94762
7.19  -104.703  109.649  4.94638
7.195  -102.005  108.953  6.94844
7.2  -94.7431  107.695  12.9522
7.205  -94.0156  105.972  11.956
7.21  -91.9422  103.903  11.9609
7.215  -89.6572  101.624  11.9667
7.22  -83.3302  99.3047  15.9745
7.225  -77.1819  97.1637  19.9817
7.23  -75.4467  95.4346  19.9879
7.235  -74.3276  94.3202  19.9926
7.24  -71.9496  93.9439  21.9943
7.245  -70.3215  94.3127  23.9912
7.25  -74.3271  95.3116  20.9845
7.255  -74.7365  96.7141  21.9776
7.26  -77.2963  98.2688  20.9725
7.265  -80.8177  99.787  18.9693
7.27  -85.1985  101.167  15.968
7.275  -90.4186  102.388  11.969
7.28  -93.518  103.488  9.96965
7.285  -92.5502  104.52  11.9703
7.29  -94.5471  105.515  10.9679
7.295  -88.4744  106.439  17.9646
7.3  -86.2615  107.221  20.9597
7.305  -85.8055  107.761  21.9556
7.31  -79.0392  107.994  28.9548
7.315  -77.9849  107.937  29.9526
7.32  -80.654  107.606  26.9521
7.325  -79.0704  107.023  27.9522
7.33  -80.2788  106.232  25.9532
7.335  -79.3262  105.28  25.9536
7.34  -77.2446  104.199  26.9545
7.345  -78.0715  103.027  24.9551
7.35  -75.8596  101.817  25.957
7.355  -74.6873  100.647  25.9597
7.36  -73.6331  99.5948  25.9617
7.365  -68.7424  98.7045  29.9621
7.37  -70.0374  97.9995  27.9621
7.375  -69.521  97.4825  27.9615
7.38  -70.1853  97.1466  26.9614
7.385  -73.0245  96.9864  23.9619
7.39  -73.0481  97.0114  23.9633
7.395  -73.2966  97.2619  23.9653
7.4  -77.823  97.7905  19.9674
7.405  -75.683  98.6521  22.9691
7.41  -78.9136  99.8829  20.9693
7.415  -83.4758  101.444  17.9681
7.42  -89.2984  103.264  13.9658
7.425  -86.292  105.256  18.9638
7.43  -89.362  107.323  17.9608
7.435  -90.3876  109.345  18.9571
7.44  -94.2474  111.2  16.9525
7.445  -99.8112  112.76  12.9492
7.45  -100.968  113.915  12.9468
7.455  -99.6682  114.614  14.9459
7.46  -99.916  114.863  14.947
7.465  -97.7664  114.715  16.9485
7.47  -96.2943  114.244  17.9495
7.475  -89.5695  113.521  23.951
7.48  -84.6536  112.605  27.9516
7.485  -84.5613  111.513  26.9514
7.49  -82.3129  110.266  27.9534
7.495  -78.9786  108.937  29.9581
7.5  -78.6881  107.65  28.9614
7.505  -79.546  106.51  26.964
7.51  -79.6099  105.573  25.9627
7.515  -78.8715  104.833  25.9617
7.52  -77.273  104.234  26.9606
7.525  -72.7473  103.708  30.9606
7.53  -73.2487  103.21  29.9615
7.535  -74.7653  102.729  27.9636
7.54  -77.3387  102.305  24.9666
7.545  -75.0485  102.018  26.9698
7.55  -76.9694  101.939  24.97
7.555  -77.1468  102.116  24.9692
7.56  -80.591  102.558  21.9668
7.565  -86.2588  103.222  16.9631
7.57  -88.0634  104.022  15.9585
7.575  -86.9109  104.865  17.9538
7.58  -87.6827  105.632  17.9495
7.585  -86.27  106.217  19.9465
7.59  -87.6016  106.546  18.9446
7.595  -86.6337  106.577  19.9438
7.6  -85.3619  106.307  20.945
7.605  -85.8155  105.763  19.9472
7.61  -88.0464  104.996  16.9496
7.615  -90.1148  104.069  13.9538
7.62  -85.1286  103.087  17.9583
7.625  -86.2012  102.163  15.9616
7.63  -87.4323  101.398  13.9653
7.635  -88.9117  100.879  11.9674
7.64  -87.684  100.652  12.9676
7.645  -86.7442  100.711  13.9666
7.65  -87.0436  101.007  13.9638
7.655  -86.4994  101.461  14.9613
7.66  -90.0375  101.997  11.959
7.665  -87.6125  102.572  14.9595
7.67  -90.2121  103.17  12.9577
7.675  -86.814  103.77  16.9559
7.68  -87.3801  104.333  16.9529
7.685  -84.8368  104.787  19.9499
7.69  -86.1143  105.062  18.9481
7.695  -85.1712  105.118  19.9472
7.7  -88.9882  104.935  15.9468
7.705  -90.5808  104.529  13.948
7.71  -87.9917  103.942  15.9503
7.715  -87.2722  103.225  15.953
7.72  -88.4909  102.446  13.955
7.725  -87.7041  101.662  13.9576
7.73  -85.9642  100.925  14.9609
7.735  -85.3174  100.28  14.9625
7.74  -82.7951  99.7587  16.9636
7.745  -84.3935  99.3576  14.9641
7.75  -83.0783  99.0428  15.9645
7.755  -81.8197  98.7849  16.9651
7.76  -83.6068  98.573  14.9662
7.765  -85.4595  98.4286  12.9691
7.77  -85.4545  98.4271  12.9727
7.775  -84.7072  98.6833  13.9762
7.78  -85.3253  99.3025  13.9773
7.785  -86.3393  100.314  13.9746
7.79  -88.651  101.621  12.9696
7.795  -90.0857  103.049  12.9633
7.8  -91.4626  104.421  12.9582
7.805  -89.6506  105.606  15.9559
7.81  -92.5791  106.532  13.9525
7.815  -93.2103  107.16  13.95
7.82  -94.5292  107.478  12.9484
7.825  -95.5463  107.493  11.9471
7.83  -96.294  107.241  10.9466
7.835  -97.818  106.765  8.94684
7.84  -95.1753  106.123  10.9474
7.845  -95.4347  105.383  9.94864
7.85  -94.6731  104.622  9.94943
7.855  -93.9434  103.894  9.95064
7.86  -91.2701  103.222  11.9521
7.865  -93.6592  102.613  8.95354
7.87  -89.1051  102.06  12.9547
7.875  -87.5986  101.554  13.9549
7.88  -89.1044  101.058  11.9538
7.885  -85.5465  100.499  14.9526
7.89  -82.8344  99.7854  16.951
7.895  -82.885  98.8367  15.9517
7.9  -84.6803  97.6352  12.9549
7.905  -77.3077  96.2699  18.9622
7.91  -73.9916  94.9632  20.9716
7.915  -70.0215  94.0001  23.9786
7.92  -71.6647  93.6464  21.9817
7.925  -69.066  94.0454  24.9794
7.93  -69.195  95.1682  25.9733
7.935  -69.8775  96.8413  26.9637
7.94  -73.8438  98.7981  24.9543
7.945  -75.8093  100.757  24.9481
7.95  -80.5687  102.513  21.9438
7.955  -81.9978  103.942  21.9439
7.96  -85.0842  105.029  19.9451
7.965  -84.9169  105.867  20.95
7.97  -85.6504  106.605  20.9543
7.975  -87.4145  107.37  19.9555
7.98  -88.2496  108.203  19.9535
7.985  -91.0931  109.043  17.9495
7.99  -90.8228  109.769  18.9458
7.995  -88.3217  110.265  21.9432
8  -87.5145  110.456  22.9415
8.005  -86.3804  110.322  23.9419
8.01  -81.9674  109.911  27.9437
8.015  -79.3686  109.315  29.9462
8.02  -75.6931  108.643  32.9502
8.025  -73.0637  108.018  34.9539
8.03  -71.5746  107.531  35.9559
8.035  -70.2661  107.223  36.9572
8.04  -69.1553  107.112  37.957
8.045  -66.2173  107.174  40.9569
8.05  -66.3967  107.353  40.9559
8.055  -67.6084  107.564  39.9552
8.06  -66.7734  107.729  40.9556
8.065  -66.8571  107.814  40.9565
8.07  -66.8651  107.822  40.9571
8.075  -70.8408  107.799  36.9579
8.08  -75.8395  107.798  31.9589
8.085  -76.9235  107.884  30.9605
8.09  -79.151  108.112  28.9607
8.095  -85.5434  108.502  22.9585
8.1  -87.0758  109.032  21.956
8.105  -87.6935  109.647  21.9539
8.11  -90.3343  110.287  19.9526
8.115  -87.9614  110.914  22.9529
8.12  -87.5676  111.52  23.9523
8.125  -88.1402  112.092  23.9523
8.13  -87.6597  112.612  24.9519
8.135  -88.0943  113.045  24.9509
8.14  -88.3965  113.347  24.9501
8.145  -85.5077  113.457  27.9496
8.15  -85.3913  113.341  27.9496
8.155  -83.038  112.989  29.9511
8.16  -84.4748  112.427  27.9523
8.165  -81.7543  111.709  29.9548
8.17  -80.9561  110.914  29.9577
8.175  -77.1808  110.143  32.9625
8.18  -79.5404  109.505  29.9648
8.185  -80.1163  109.082  28.9657
8.19  -79.9478  108.914  28.9659
8.195  -80.0653  109.03  28.965
8.2  -85.471  109.433  23.9622
8.205  -86.0931  110.052  23.9592
8.21  -86.8441  110.8  23.956
8.215  -84.6238  111.577  26.953
8.22  -88.3255  112.275  23.9498
8.225  -87.8363  112.784  24.9476
8.23  -89.061  113.007  23.9458
8.235  -89.9045  112.849  22.945
8.24  -91.3203  112.267  20.9465
8.245  -90.3215  111.27  20.9482
8.25  -90.9687  109.92  18.9512
8.255  -87.3553  108.312  20.9566
8.26  -83.6214  106.583  22.9621
8.265  -82.9132  104.879  21.9661
8.27  -80.3581  103.328  22.9698
8.275  -78.0593  102.031  23.9722
8.28  -78.079  101.051  22.9724
8.285  -78.4437  100.415  21.9708
8.29  -74.142  100.111  25.969
8.295  -76.1561  100.121  23.9648
8.3  -76.4392  100.399  23.96
8.305  -78.9049  100.857  21.9523
8.31  -81.4265  101.372  19.9457
8.315  -82.8701  101.809  18.9388
8.32  -84.1215  102.055  17.9336
8.325  -83.0987  102.03  18.9315
8.33  -79.7746  101.706  21.9312
8.335  -78.187  101.119  22.9324
8.34  -76.4261  100.361  23.935
8.345  -77.6224  99.5606  21.9381
8.35  -76.9172  98.8589  21.9417
8.355  -75.441  98.3848  22.9438
8.36  -73.2712  98.2171  24.9459
8.365  -74.4339  98.3792  23.9453
8.37  -72.8784  98.8228  25.9443
8.375  -71.5063  99.4481  27.9419
8.38  -74.1923  100.131  25.9388
8.385  -72.7979  100.736  27.9379
8.39  -74.2507  101.189  26.9383
8.395  -75.5419  101.482  25.94
8.4  -75.727  101.669  25.9415
8.405  -78.8896  101.832  22.9419
8.41  -82.1037  102.045  19.9417
8.415  -81.4188  102.36  20.9407
8.42  -81.8538  102.794  20.9398
8.425  -82.3976  103.337  20.9391
8.43  -81.0234  103.964  22.9402
8.435  -78.7211  104.662  25.9408
8.44  -80.4853  105.427  24.9421
8.445  -86.2932  106.235  19.9413
8.45  -89.0891  107.031  17.9417
8.455  -91.815  107.756  15.941
8.46  -90.3999  108.341  17.9408
8.465  -89.7819  108.723  18.9411
8.47  -92.9082  108.849  15.9407
8.475  -94.7312  108.673  13.9415
8.48  -94.2253  108.168  13.9431
8.485  -93.395  107.341  13.946
8.49  -89.2945  106.245  16.9501
8.495  -90.0288  104.983  14.9537
8.5  -86.7511  103.71  16.9589
8.505  -85.6498  102.615  16.9647
8.51  -87.9051  101.873  13.9682
8.515  -87.6185  101.588  13.969
8.52  -78.7961  101.765  22.9686
8.525  -76.3451  102.309  25.9635
8.53  -79.0664  103.024  23.9578
8.535  -77.7466  103.699  25.9525
8.54  -77.2159  104.168  26.9517
8.545  -73.404  104.357  30.9531
8.55  -73.3371  104.293  30.9555
8.555  -77.0973  104.056  26.959
8.56  -74.8084  103.772  28.9639
8.565  -75.6303  103.598  27.9672
8.57  -74.6881  103.656  28.9682
8.575  -78.0464  104.012  25.9656
8.58  -81.6808  104.641  22.9605
8.585  -83.5078  105.464  21.9566
8.59  -85.4311  106.383  20.9521
8.595  -85.3614  107.31  21.9486
8.6  -84.2512  108.198  23.9468
8.605  -86.0827  109.028  22.9453
8.61  -88.8572  109.802  20.9446
8.615  -90.5858  110.53  19.9438
8.62  -92.2608  111.202  18.9417
8.625  -92.8443  111.785  18.9403
8.63  -94.2904  112.229  17.9384
8.635  -91.5388  112.476  20.937
8.64  -88.5442  112.481  23.9368
8.645  -89.2521  112.188  22.936
8.65  -87.6085  111.546  23.9377
8.655  -85.6101  110.55  24.9402
8.66  -87.323  109.269  21.9459
8.665  -84.9267  107.881  22.9539
8.67  -79.6645  106.623  26.9589
8.675  -77.7184  105.676  27.9575
8.68  -82.0981  105.049  22.9508
8.685  -81.622  104.566  22.9439
8.69  -82.073  104.013  21.9395
8.695  -82.3165  103.254  20.9375
8.7  -83.3208  102.259  18.9383
8.705  -82.1675  101.108  18.9402
8.71  -83.9966  99.9384  15.9418
8.715  -83.9387  98.8815  14.9428
8.72  -82.0889  98.0313  15.9424
8.725  -82.4935  97.4341  14.9406
8.73  -82.1409  97.0794  14.9385
8.735  -80.004  96.9397  16.9357
8.74  -76.0489  96.9839  20.935
8.745  -76.2717  97.2064  20.9347
8.75  -80.7043  97.639  16.9347
8.755  -83.3711  98.3051  14.934
8.76  -84.2686  99.2021  14.9334
8.765  -84.3551  100.288  15.9326
8.77  -82.5483  101.482  18.9334
8.775  -84.7705  102.704  17.9337
8.78  -83.9637  103.899  19.9349
8.785  -87.1051  105.04  17.9353
8.79  -89.1711  106.108  16.9367
8.795  -90.1614  107.099  16.938
8.8  -89.0852  108.024  18.9389
8.805  -87.939  108.877  20.9383
8.81  -88.692  109.63  20.9375
8.815  -90.3076  110.243  19.9352
8.82  -87.737  110.673  22.9355
8.825  -83.9504  110.883  26.933
8.83  -84.911  110.843  25.9317
8.835  -84.5885  110.52  25.9319
8.84  -87.9759  109.909  21.9326
8.845  -87.1058  109.042  21.936
8.85  -84.0739  108.016  23.9421
8.855  -83.0323  106.981  23.9487
8.86  -83.1604  106.115  22.955
8.865  -84.6432  105.603  20.96
8.87  -81.625  105.587  23.9623
8.875  -80.1605  106.121  25.9608
8.88  -80.1709  107.127  26.9562
8.885  -84.4687  108.418  23.9491
8.89  -84.8021  109.745  24.9428
8.895  -86.9324  110.87  23.938
8.9  -88.6961  111.632  22.936
8.905  -83.0318  111.97  28.9381
8.91  -86.9974  111.939  24.9412
8.915  -85.7076  111.654  25.9468
8.92  -86.3266  111.277  24.9506
8.925  -87.9859  110.937  22.9509
8.93  -86.7358  110.686  23.9506
8.935  -85.5562  110.504  24.9477
8.94  -86.3598  110.304  23.944
8.945  -80.0438  109.987  29.943
8.95  -80.5465  109.488  28.9414
8.955  -80.8283  108.771  27.9427
8.96  -77.9376  107.885  29.9479
8.965  -78.0088  106.962  28.9529
8.97  -82.2187  106.175  23.9558
8.975  -81.6992  105.655  23.9561
8.98  -82.4906  105.444  22.9531
8.985  -82.5262  105.474  22.9479
8.99  -82.6849  105.627  22.9425
8.995  -83.8426  105.781  21.9383
9  -83.9151  105.851  21.9358
9.005  -81.8765  105.812  23.9355
9.01  -80.763  105.7  24.937
9.015  -81.6344  105.574  23.9391
9.02  -82.5601  105.501  22.9413
9.025  -80.6117  105.555  24.9434
9.03  -81.8436  105.789  23.9451
9.035  -83.2739  106.219  22.945
9.04  -81.8894  106.835  24.9455
9.045  -84.6608  107.605  22.9445
9.05  -82.5277  108.472  25.944
9.055  -86.4311  109.374  22.9429
9.06  -87.2984  110.24  22.9419
9.065  -90.0626  111.003  20.9403
9.07  -89.6736  111.613  21.9395
9.075  -91.0808  112.019  20.9377
9.08  -92.2181  112.154  19.9356
9.085  -89.0094  111.943  22.9334
9.09  -86.3962  111.328  24.9316
9.095  -85.3542  110.285  24.9307
9.1  -78.9089  108.842  29.9332
9.105  -74.1641  107.101  32.9374
9.11  -72.282  105.225  32.9432
9.115  -70.4562  103.404  32.9477
9.12  -74.8637  101.813  26.9498
9.125  -74.6143  100.564  25.9496
9.13  -76.7481  99.6944  22.9463
9.135  -78.2138  99.1567  20.9429
9.14  -79.9086  98.8476  18.9391
9.145  -81.7017  98.6375  16.9358
9.15  -82.4771  98.4109  15.9338
9.155  -83.1553  98.0874  14.9322
9.16  -81.6854  97.6177  15.9323
9.165  -81.058  96.9911  15.9331
9.17  -80.291  96.2253  15.9343
9.175  -78.4378  95.3753  16.9375
9.18  -78.5899  94.5304  15.9405
9.185  -75.8465  93.7899  17.9434
9.19  -75.2958  93.2415  17.9457
9.195  -76.992  92.9387  15.9467
9.2  -78.9314  92.8784  13.947
9.205  -80.0686  93.0154  12.9468
9.21  -80.3469  93.2945  12.9476
9.215  -81.7198  93.6684  11.9486
9.22  -83.1576  94.1071  10.9495
9.225  -84.618  94.5669  9.94886
9.23  -79.049  94.998  15.9491
9.235  -78.3969  95.344  16.9471
9.24  -81.5725  95.5166  13.9441
9.245  -81.4998  95.4424  13.9425
9.25  -80.1737  95.1167  14.9429
9.255  -78.6785  94.6243  15.9458
9.26  -78.1788  94.1276  15.9488
9.265  -77.8817  93.8327  15.951
9.27  -78.963  93.9145  14.9515
9.275  -81.5256  94.4751  12.9496
9.28  -83.5638  95.5095  11.9456
9.285  -88.9699  96.9097  7.93984
9.29  -90.5682  98.502  7.9338
9.295  -92.1651  100.095  7.92953
9.3  -90.5897  101.517  10.9275
9.305  -89.7212  102.648  12.9266
9.31  -89.4913  103.418  13.927
9.315  -89.8882  103.817  13.9285
9.32  -92.9383  103.869  10.9305
9.325  -91.6867  103.62  11.9337
9.33  -88.1879  103.126  14.938
9.335  -86.5197  102.462  15.9423
9.34  -85.7735  101.72  15.9461
9.345  -86.0223  100.972  14.9497
9.35  -84.3075  100.26  15.9522
9.355  -81.6522  99.6067  17.9545
9.36  -79.0488  99.0042  19.9555
9.365  -77.4691  98.428  20.9589
9.37  -77.9078  97.8702  19.9625
9.375  -78.4129  97.3809  18.968
9.38  -82.0877  97.0614  14.9737
9.385  -86.07  97.0476  10.9776
9.39  -88.4722  97.4504  8.97813
9.395  -89.3185  98.2947  8.97619
9.4  -86.552  99.525  12.973
9.405  -87.066  101.034  13.9678
9.41  -90.7228  102.685  11.9624
9.415  -92.3784  104.337  11.9582
9.42  -94.912  105.866  10.9537
9.425  -90.2388  107.191  16.9518
9.43  -89.3143  108.265  18.9505
9.435  -88.1235  109.072  20.9489
9.44  -88.6551  109.601  20.9462
9.445  -85.9011  109.848  23.9471
9.45  -79.8822  109.83  29.9483
9.455  -77.6482  109.598  31.9499
9.46  -79.2613  109.212  29.9508
9.465  -76.7631  108.716  31.9527
9.47  -79.2015  108.155  28.9533
9.475  -78.6247  107.579  28.9539
9.48  -78.0809  107.034  28.9534
9.485  -76.5974  106.55  29.9527
9.49  -76.1878  106.139  29.9515
9.495  -75.8534  105.803  29.9498
9.5  -72.5859  105.535  32.9486
9.505  -73.3672  105.315  31.9473
9.51  -71.1772  105.124  33.9469
9.515  -71.0061  104.952  33.9458
9.52  -71.8383  104.784  32.9456
9.525  -70.6713  104.618  33.9468
9.53  -73.5222  104.469  30.9469
9.535  -72.4241  104.372  31.948
9.54  -80.4164  104.364  23.9474
9.545  -81.5228  104.471  22.9484
9.55  -80.7681  104.716  23.9481
9.555  -85.1386  105.085  19.9462
9.56  -89.5661  105.509  15.9425
9.565  -87.9454  105.885  17.94
9.57  -87.1634  106.1  18.9366
9.575  -85.1004  106.034  20.9337
9.58  -83.6569  105.588  21.9313
9.585  -83.7726  104.702  20.9297
9.59  -86.4349  103.364  16.9289
9.595  -85.6879  101.619  15.931
9.6  -81.6541  99.5894  17.9353
9.605  -77.5252  97.4661  19.9409
9.61  -72.5345  95.482  22.9475
9.615  -72.9315  93.8848  20.9533
9.62  -70.9379  92.896  21.9581
9.625  -73.7108  92.6696  18.9589
9.63  -74.2719  93.229  18.957
9.635  -74.522  94.4744  19.9524
9.64  -76.2553  96.2005  19.9453
9.645  -79.2046  98.1431  18.9385
9.65  -84.1063  100.039  15.9326
9.655  -87.7348  101.663  13.9284
9.66  -87.9393  102.866  14.927
9.665  -85.6399  103.567  17.927
9.67  -84.8236  103.752  18.9284
9.675  -85.5291  103.46  17.9305
9.68  -89.834  102.766  12.9325
9.685  -86.8367  101.772  14.9358
9.69  -84.6835  100.623  15.9399
9.695  -83.5434  99.487  15.9437
9.7  -84.5722  98.5189  13.9467
9.705  -80.8853  97.8347  16.9494
9.71  -81.5641  97.5132  15.9491
9.715  -83.61  97.5567  13.9467
9.72  -83.9463  97.8906  13.9443
9.725  -85.4617  98.403  12.9413
9.73  -84.0412  98.9818  14.9406
9.735  -85.6149  99.5547  13.9398
9.74  -86.1346  100.075  13.9401
9.745  -87.5735  100.513  12.94
9.75  -91.8992  100.837  8.9377
9.755  -87.0516  100.989  13.9369
9.76  -88.9777  100.913  11.9356
9.765  -89.6305  100.567  10.9367
9.77  -88.0221  99.9618  11.9397
9.775  -88.2428  99.1869  10.9441
9.78  -87.4483  98.3981  10.9498
9.785  -85.8295  97.7848  11.9553
9.79  -86.5626  97.522  10.9594
9.795  -89.7642  97.7237  7.95949
9.8  -89.4408  98.3968  8.956
9.805  -93.4813  99.431  5.94966
9.81  -93.6754  100.618  6.94286
9.815  -93.7838  101.721  7.93697
9.82  -93.6072  102.541  8.93334
9.825  -93.0356  102.97  9.93424
9.83  -91.0788  103.016  11.9369
9.835  -90.8512  102.794  11.9431
9.84  -87.5356  102.485  14.9489
9.845  -87.3415  102.295  14.9534
9.85  -87.4346  102.39  14.9556
9.855  -86.892  102.846  15.9544
9.86  -89.6846  103.634  13.9499
9.865  -90.7095  104.655  13.9459
9.87  -90.8233  105.766  14.9428
9.875  -91.8989  106.839  14.9396
9.88  -92.8337  107.77  14.9368
9.885  -91.5463  108.482  16.9361
9.89  -90.9884  108.924  17.9357
9.895  -88.1278  109.065  20.9368
9.9  -88.9448  108.882  19.9372
9.905  -90.4436  108.381  17.9375
9.91  -90.6339  107.573  16.9393
9.915  -89.5549  106.496  16.9413
9.92  -86.2752  105.219  18.9435
9.925  -82.8775  103.824  20.9466
9.93  -81.456  102.405  20.9493
9.935  -79.1052  101.056  21.9511
9.94  -76.8925  99.8437  22.9513
9.945  -74.8593  98.8109  23.9516
9.95  -75.0425  97.9938  22.9513
9.955  -74.4769  97.4295  22.9526
9.96  -73.2184  97.1727  23.9543
9.965  -72.3337  97.2897  24.9561
9.97  -70.8786  97.8354  26.9568
9.975  -75.848  98.8023  22.9544
9.98  -75.158  100.11  24.952
9.985  -74.6936  101.642  26.9486
9.99  -76.3156  103.261  26.945
9.995  -84.8854  104.826  19.9407
