1   1.6843150361017525        8.6962804003592839E-002
           2   1.5737924881661243       0.71949430485029642     
           3 -0.51665125225613284      -0.21406208655791362     
           4  -1.5422247841670285       -1.8740603442969579     
           5 -0.58758585268927976      -0.69742235666443586     
           6  -1.0385917761378338       -1.4276800376776728     
           7   1.3454043082164791      -0.54192137723379818     
           8 -0.24390440967582577       0.41914106815603924     
           9  -1.7435626531167687       0.38045164620714256     
          10  0.45786408103808185      -0.76467889152063295     
          11   1.1888208929054145      -0.49120474952973980     
          12  -1.0772813808500166        1.4900166958288288     
          13  0.29018385095887600       0.45772992619514508     
          14 -0.20408798777951948      -0.74013304707643557     
          15  -1.4492198634938589       0.74577874986313086     
          16  0.31565839434873327       0.61862702048563878     
          17   1.3342630286950699       0.40620752951667433     
          18  -1.2734205232005660       0.24584469079528862     
          19   1.6183059864337930        1.5969019527055888     
          20 -0.90291491796483048        3.1222346727118089E-002
          21  0.50200676258411103        4.2188370425339052E-002
          22   1.6151621032685917        1.2573489616531124     
          23  0.49808508470482116       0.65289211345787068     
          24 -0.39418326535541004        1.3506182622641894     
          25  -1.2834851426667373       0.46313854492456796     
          26  0.88817920062556077      -0.70762534436778013     
          27  -1.3953073817512012       0.25301959440613814     
          28   1.0663148508984142        1.4151172273887214     
          29  0.75376180485406408      -0.15480206235831015     
          30 -0.49076768059099324      -0.42058683650594586     
          31  0.13127996501722397        1.5926304610566342     
          32   1.6592906640595999       0.71384307227410970     
          33   1.5313345922732384       -1.5669873777875762     
          34  0.76387318469494692       0.73288492831207974     
          35   1.5071983552243358       0.57367104551814219     
          36   1.0425386482428967        5.8217538526952051E-002
          37  -1.5843067753572995      -0.21495662216960371     
          38  0.28770489172002589       -1.4124118346406840     
          39  0.25174943134262812       -7.6690922938845885E-002
          40   1.2942501872083298      -0.83165808741639624     
          41  0.53906315995132725       0.42964668352565327     
          42  -4.0650302836701527E-002 -0.97917084992852921     
          43  -1.5324270362479675       -1.5391334939941421     
          44  0.11857611040433798      -0.58097305171689850     
          45  -1.7469114100019774       0.87662134975137396     
          46  0.36869194584705201       0.80917151870458703     
          47   1.5307118479663480       -1.4937473656229805     
          48 -0.68754111071048096       0.19172568680491869     
          49  -1.6316416866738341       -1.4938821617948936     
          50  -1.0455310221466154       -1.5414954776230210     
          51  -1.5436653715236879       -1.0305597165098228     
          52 -0.25123209359540083       -1.1650068315205702     
          53  0.18051010028260484       -1.8078493542929019     
          54 -0.33189054766656206      -0.50319818519762460     
          55   1.6110593670314037       0.52627097513713106     
          56  -1.7825579908811005       -1.4389940888291621     
          57  -1.6364463426928324        1.0402955105672216     
          58  0.56990866869195989       0.13979319168837753     
          59  0.76213465047433226       -1.4874662580870868     
          60   1.1350592249710041        1.0235944117653948     
          61  0.80757584936800364        1.0522514229484010     
          62   4.7232416454035205E-002  0.43154869980120325     
          63  0.75239239278019787      -0.45866241458640788     
          64 -0.55740817793166619       0.67565914963697138     
          65 -0.15367017392028501      -0.27697004504563788     
          66  0.85352290474250692       0.56068901625697209     
          67 -0.89883610931227709        1.3823224460299124     
          68 -0.20680781687284369       0.93101554812734288     
          69   1.3744756156258391       0.53420501222151717     
          70  -1.0332243230889473        1.0933029953391129     
          71  0.80010257727556355      -0.84107818371636134     
          72  0.54713554485695803       0.26819469422868591     
          73   1.5795841458141702        1.5658068988009293     
          74 -0.61928096312178582        1.3231644869929247     
          75 -0.61555491085586200        1.3587068027789722     
          76  0.10901603511644425      -0.26688618839169337     
          77  -1.1819223513548742      -0.57255870486606786     
          78  -1.1878370804336860      -0.64637901654229235     
          79  0.52515929529151673       0.26761921421883278     
          80 -0.16194925358704684      -0.78820347209621200     
          81 -0.86071684553752581       -1.1945070059180842     
          82 -0.34887396884877758        1.5276097862650995     
          83   9.7431007405003572E-002  -1.4404007835210839     
          84   1.0108671792214896        1.0614026565970180     
          85  0.67658859219272405       -4.5239509501796955E-002
          86  0.51874831356005502        1.2532134866876408     
          87   1.4873452319197833       -1.4931330378023084     
          88   1.2271535126004358       0.31588363248505191     
          89 -0.95184802728517481       -1.3325560905318530     
          90  -1.7256545392926048       -1.2282714446320178     
          91 -0.70892498111992852       0.93506099138501864     
          92  0.20398130370170647       0.99308495263843943     
          93 -0.79933343220898501       -1.3321404815757203     
          94 -0.64401740252304651      -0.96422836283117752     
          95  0.10291287720020034        4.0495061210780593E-002
          96  -1.7243301846813075       -1.3732376472486978     
          97  -1.4334314602010898       0.25247677234981547     
          98 -0.38078640382623902        1.2559692968323393     
          99   1.4931913635075427       -1.3457441235601579     
         100   1.4726589802155736       -1.4196030418463048     
         101 -0.50306030558324322      -0.76983429072469090     
         102  0.69730499612636010       0.65585832341489447     
         103 -0.47752683555233094        1.0024234091993234     
         104   1.5310038858024904      -0.81556012123623534     
         105  0.22501456715420340       -1.0774063306840767     
         106   1.1493924585182684      -0.99119487399794481     
         107   1.1331172376242806       -1.4912671590756401E-002
         108  0.37111177472499612      -0.17847947282669177     
         109 -0.80496530842097191       -1.0700357301469126     
         110  0.47522645485313120       0.22787646507804968     
         111 -0.40923459150662683        1.0717886713593794     
         112  0.42715714970872465      -0.98878190248403430     
         113 -0.54654812111470563        6.9518369845552458E-002
         114  -1.3755750475771786        1.5246985584132879     
         115 -0.46141319340557602       0.62439286271113792     
         116 -0.54852833457161831        1.2851445011462250     
         117   9.9092267488756935E-002   1.4590575044730683     
         118   1.4465112278163306       0.31921135230126119     
         119 -0.76736125036568192       -1.2824581039542600     
         120   1.1430187978355997       0.26776026965288618     
         121  0.66562180710235153       -1.0460035835998438     
         122  0.98718477740092347      -0.52708454036254526     
         123  -1.4157728651125407       0.73961290719136696     
         124  -1.6957520312293815       0.55440700881437388     
         125   3.4534374574902507E-002  0.73567279783533901     
         126  0.46229649108467985        1.1496403577637988     
         127   1.1016052647019323        1.4503434645981059     
         128  -1.0235184605746199       0.13120815294725899     
         129   1.6605681396073415        1.0409577621443431     
         130  -1.1892870936618281       0.58542520927686126     
         131 -0.74660868853462703       -1.8053026657284137     
         132   1.4020384324085662       0.51300423174007814     
         133  0.84327575681978317        1.3649395111861884     
         134  -1.6076924568230939      -0.15010080298128567     
         135  -1.5920136497598676       -1.2924941595249333     
         136  0.60439235485896248      -0.82184242484495751     
         137  0.76794738936817963       0.73430574519540881     
         138 -0.41770368443029793       -1.5861609179938618     
         139  -1.6288123666789944       0.82928337648715778     
         140  0.57789933572894114      -0.80455576177808541     
         141   2.6016817581005609E-002 -0.12618820909854508     
         142 -0.26820017047613492       0.15966106476079864     
         143 -0.76136696430448625      -0.86277979930257442     
         144  -1.5421193792256536        1.5123916460787452     
